1 0.456052 0.234848 0.292507 0.371795
1 0.710375 0.121795 0.198847 0.145688
1 0.195965 0.257576 0.190202 0.282051
1 0.752882 0.236597 0.113833 0.072261
1 0.652017 0.236597 0.082133 0.069930
1 0.850865 0.300117 0.044669 0.075758
1 0.710375 0.317599 0.198847 0.078089
1 0.555476 0.426573 0.093660 0.228438
1 0.658501 0.387529 0.095101 0.050117
1 0.761527 0.387529 0.096542 0.050117
1 0.710375 0.480186 0.198847 0.121212
1 0.404899 0.484266 0.190202 0.113054
1 0.581412 0.587995 0.494236 0.066434
1 0.498559 0.746503 0.328530 0.250583
1 0.745677 0.746503 0.139769 0.231935
