1 0.455502 0.141317 0.710356 0.227545
1 0.171926 0.380240 0.120550 0.209581
1 0.295712 0.380240 0.120550 0.209581
1 0.455097 0.525749 0.190129 0.500599
1 0.625405 0.365269 0.142395 0.179641
1 0.752427 0.322156 0.095469 0.093413
1 0.750405 0.474251 0.099515 0.189222
1 0.625405 0.514970 0.142395 0.107784
1 0.146440 0.534731 0.069579 0.087425
1 0.272249 0.580838 0.175566 0.179641
1 0.538430 0.649701 0.131877 0.252695
1 0.861246 0.659281 0.096278 0.216766
1 0.704288 0.675449 0.191748 0.201198
1 0.185275 0.679641 0.147249 0.192814
1 0.309061 0.726347 0.093851 0.099401
1 0.768204 0.728743 0.063916 0.094611
1 0.375000 0.871257 0.191748 0.152096
