1 0.303711 0.155941 0.060547 0.103960
1 0.466797 0.220297 0.195312 0.232673
1 0.616211 0.176980 0.095703 0.146040
1 0.723633 0.201733 0.111328 0.195545
1 0.372070 0.168317 0.064453 0.118812
1 0.318359 0.272277 0.089844 0.118812
1 0.616211 0.313119 0.154297 0.116337
1 0.723633 0.378713 0.111328 0.143564
1 0.402344 0.393564 0.257812 0.113861
1 0.539062 0.367574 0.050781 0.051980
1 0.574219 0.413366 0.078125 0.074257
1 0.640625 0.413366 0.046875 0.074257
1 0.587891 0.508663 0.132812 0.081683
1 0.599609 0.763614 0.027344 0.339109
1 0.731445 0.693069 0.220703 0.178218
1 0.891602 0.763614 0.083984 0.319307
1 0.221680 0.777228 0.146484 0.282178
1 0.303711 0.688119 0.052734 0.103960
1 0.348633 0.777228 0.091797 0.282178
1 0.475586 0.777228 0.142578 0.282178
1 0.727539 0.862624 0.228516 0.141089
1 0.236328 0.896040 0.023438 0.044554
1 0.273438 0.896040 0.042969 0.044554
