1 0.376455 0.272358 0.087969 0.443902
1 0.111902 0.133333 0.094437 0.130081
1 0.241915 0.178862 0.155239 0.221138
1 0.113195 0.291057 0.091850 0.172358
1 0.241915 0.403252 0.155239 0.214634
1 0.113195 0.443902 0.091850 0.120325
1 0.161708 0.590244 0.194049 0.159350
1 0.399094 0.633333 0.267788 0.245528
1 0.594437 0.623577 0.112549 0.222764
1 0.726391 0.566667 0.135834 0.108943
1 0.882924 0.669106 0.161708 0.313821
1 0.726391 0.695935 0.135834 0.126829
1 0.127426 0.712195 0.125485 0.071545
1 0.249677 0.757724 0.108668 0.162602
1 0.420440 0.843089 0.225097 0.203252
1 0.594437 0.843902 0.112549 0.201626
1 0.139715 0.848780 0.150065 0.191870
1 0.261966 0.895122 0.084088 0.099187
