1 0.231600 0.107692 0.153621 0.147253
1 0.614778 0.183516 0.088201 0.178022
1 0.231308 0.190110 0.087617 0.175824
1 0.499416 0.398352 0.087617 0.218681
1 0.624708 0.402747 0.151285 0.227473
1 0.745035 0.402747 0.078855 0.227473
1 0.185456 0.409341 0.254089 0.236264
1 0.359521 0.373626 0.082360 0.164835
1 0.359521 0.518132 0.082360 0.102198
1 0.499416 0.608242 0.087617 0.179121
1 0.666764 0.611538 0.235397 0.172527
1 0.117991 0.617033 0.119159 0.179121
1 0.247664 0.617582 0.129673 0.178022
1 0.355724 0.637363 0.074766 0.116484
1 0.744743 0.643956 0.079439 0.107692
1 0.664428 0.667582 0.057827 0.060440
1 0.281250 0.674725 0.062500 0.063736
1 0.230724 0.759341 0.088785 0.085714
1 0.231016 0.879121 0.076519 0.129670
