1 0.498856 0.172665 0.091221 0.156086
1 0.588647 0.180550 0.072920 0.153255
1 0.669145 0.180550 0.082928 0.153255
1 0.736917 0.124545 0.047469 0.041245
1 0.737060 0.179741 0.042036 0.052972
1 0.736345 0.252123 0.046325 0.084513
1 0.471547 0.427214 0.154418 0.331985
1 0.542608 0.328346 0.088933 0.134250
1 0.606091 0.375253 0.114670 0.228063
1 0.688304 0.286090 0.044610 0.049737
1 0.736917 0.314598 0.047469 0.033158
1 0.812697 0.352810 0.088647 0.083704
1 0.713326 0.355439 0.094653 0.080065
1 0.383615 0.471290 0.078067 0.162151
1 0.811982 0.497574 0.090077 0.205823
1 0.665142 0.472301 0.076065 0.140720
1 0.733200 0.450465 0.054904 0.097048
1 0.566486 0.517792 0.030312 0.049737
1 0.604518 0.517792 0.040606 0.049737
1 0.733200 0.522847 0.054904 0.039628
1 0.660280 0.601901 0.213326 0.096644
1 0.550329 0.621917 0.000858 0.038819
