1 0.160393 0.127965 0.212766 0.176030
1 0.361702 0.190387 0.158756 0.300874
1 0.585516 0.254682 0.275777 0.429463
1 0.823650 0.196629 0.187398 0.313358
1 0.153028 0.513109 0.220949 0.536829
1 0.869067 0.393883 0.091653 0.156055
1 0.316285 0.405119 0.067921 0.108614
1 0.398936 0.405119 0.084288 0.108614
1 0.772095 0.451311 0.084288 0.178527
1 0.361702 0.609863 0.158756 0.280899
1 0.500409 0.609863 0.105565 0.280899
1 0.638298 0.609863 0.170213 0.280899
1 0.869885 0.538702 0.096563 0.108614
1 0.824059 0.649813 0.188216 0.200999
1 0.964812 0.656055 0.054010 0.108614
1 0.506547 0.847690 0.153846 0.132335
