1 0.320212 0.219487 0.175088 0.123077
1 0.457697 0.240513 0.083431 0.165128
1 0.556992 0.184103 0.103408 0.052308
1 0.215629 0.206667 0.003525 0.046154
1 0.556992 0.306667 0.103408 0.178462
1 0.320212 0.341026 0.175088 0.109744
1 0.457697 0.362051 0.083431 0.067692
1 0.328437 0.595385 0.177438 0.111795
1 0.478261 0.658462 0.110458 0.237949
1 0.566980 0.570769 0.099882 0.062564
1 0.754994 0.565641 0.118684 0.052308
1 0.575206 0.644103 0.071680 0.067692
1 0.192127 0.710256 0.066980 0.142564
1 0.344301 0.714359 0.209166 0.126154
1 0.565217 0.730256 0.103408 0.094359
1 0.428907 0.817949 0.225617 0.058462
