1 0.346847 0.055056 0.558559 0.087640
1 0.270270 0.235955 0.342342 0.233708
1 0.605856 0.300000 0.572072 0.361798
1 0.175676 0.414607 0.153153 0.110112
1 0.328829 0.414607 0.126126 0.110112
1 0.202703 0.540449 0.207207 0.128090
1 0.434685 0.592135 0.229730 0.222472
1 0.720721 0.553933 0.342342 0.146067
1 0.202703 0.657303 0.207207 0.092135
1 0.693694 0.720225 0.396396 0.168539
1 0.191441 0.757303 0.184685 0.094382
1 0.387387 0.757303 0.180180 0.094382
1 0.617117 0.859551 0.225225 0.083146
1 0.353604 0.865169 0.265766 0.085393
