1 0.219050 0.153620 0.239594 0.160774
1 0.674493 0.166667 0.152615 0.136364
1 0.124333 0.443603 0.172892 0.387205
1 0.290021 0.340488 0.158485 0.180976
1 0.638741 0.340067 0.153682 0.178451
1 0.755336 0.340067 0.070971 0.178451
1 0.290021 0.562710 0.158485 0.263468
1 0.565902 0.534933 0.138207 0.201178
1 0.730790 0.534933 0.187300 0.201178
1 0.405816 0.535774 0.056030 0.199495
1 0.750800 0.489899 0.084312 0.006734
1 0.754269 0.567761 0.073106 0.135522
1 0.317503 0.743266 0.103522 0.222222
1 0.180096 0.748737 0.062433 0.211279
1 0.618730 0.749579 0.113661 0.212963
1 0.735059 0.749579 0.111526 0.212963
1 0.109125 0.696128 0.070971 0.104377
1 0.416756 0.742424 0.073639 0.185185
1 0.238794 0.741162 0.046425 0.081650
1 0.107791 0.803872 0.071505 0.095960
1 0.238794 0.821549 0.046425 0.065657
1 0.192636 0.898148 0.049093 0.053872
