1 0.371203 0.121061 0.263670 0.096186
1 0.139733 0.262852 0.170109 0.346600
1 0.336574 0.306799 0.196841 0.228856
1 0.542527 0.324212 0.202916 0.263682
1 0.707169 0.322554 0.111786 0.260365
1 0.838396 0.322554 0.140948 0.260365
1 0.284326 0.455224 0.094775 0.051410
1 0.386999 0.484245 0.095990 0.109453
1 0.529769 0.674129 0.177400 0.436153
1 0.719927 0.590381 0.202916 0.268657
1 0.130012 0.550580 0.179830 0.185738
1 0.868165 0.515755 0.081409 0.112769
1 0.284326 0.547264 0.094775 0.112769
1 0.386999 0.626866 0.095990 0.155887
1 0.792224 0.706468 0.145808 0.252073
1 0.284326 0.659204 0.094775 0.091211
1 0.335966 0.772803 0.198056 0.116086
1 0.666464 0.781924 0.091130 0.101161
1 0.669502 0.907131 0.126367 0.099502
