1 0.161538 0.164011 0.258974 0.134130
1 0.645513 0.172643 0.250000 0.116866
1 0.147436 0.368526 0.212821 0.240372
1 0.369231 0.426295 0.217949 0.355910
1 0.656410 0.436255 0.256410 0.375830
1 0.879487 0.431607 0.174359 0.366534
1 0.098718 0.559097 0.115385 0.119522
1 0.147436 0.632802 0.212821 0.266932
1 0.408974 0.595618 0.138462 0.104914
1 0.369231 0.689243 0.217949 0.154050
1 0.710897 0.694555 0.365385 0.140770
1 0.933974 0.686587 0.065385 0.124834
1 0.739103 0.747012 0.088462 0.035857
1 0.721795 0.876494 0.151282 0.185923
1 0.889744 0.873174 0.166667 0.179283
