1 0.558046 0.180579 0.049425 0.212397
1 0.734195 0.180579 0.290230 0.212397
1 0.486207 0.378099 0.135632 0.091736
1 0.617816 0.436777 0.101149 0.169421
1 0.772989 0.488843 0.209195 0.273554
1 0.190517 0.566116 0.243103 0.271074
1 0.364368 0.495868 0.094253 0.128926
1 0.494828 0.531405 0.136782 0.175207
1 0.619828 0.573140 0.105172 0.091736
1 0.710057 0.571901 0.066092 0.079339
1 0.364368 0.631818 0.094253 0.128099
1 0.705172 0.689256 0.344828 0.127273
1 0.477299 0.721488 0.101724 0.190083
1 0.769540 0.799174 0.273563 0.185124
1 0.605172 0.825620 0.045977 0.132231
1 0.555172 0.788843 0.044828 0.055372
1 0.490517 0.873554 0.155747 0.074380
