1 0.268908 0.050261 0.058824 0.090078
1 0.967227 0.253916 0.057143 0.285901
1 0.216807 0.273499 0.173109 0.319843
1 0.073109 0.178851 0.100840 0.122715
1 0.386134 0.278068 0.142017 0.318538
1 0.516807 0.235640 0.107563 0.233681
1 0.690756 0.239556 0.230252 0.241514
1 0.860084 0.218668 0.126891 0.199739
1 0.162185 0.462794 0.282353 0.413838
1 0.867647 0.459530 0.111765 0.261097
1 0.634454 0.507833 0.342857 0.295039
1 0.741176 0.531332 0.236975 0.263708
1 0.352521 0.485640 0.074790 0.080940
1 0.426471 0.485640 0.061345 0.080940
1 0.386134 0.643603 0.142017 0.219321
1 0.844958 0.754569 0.157143 0.310705
1 0.668487 0.782637 0.185714 0.254569
1 0.517227 0.708225 0.108403 0.090078
1 0.154202 0.731723 0.288235 0.087467
1 0.503361 0.854439 0.115966 0.157963
