1 0.233468 0.132841 0.267206 0.206642
1 0.460864 0.195572 0.031039 0.081181
1 0.110661 0.404059 0.099865 0.291513
1 0.254723 0.463100 0.188259 0.409594
1 0.240216 0.354244 0.106613 0.191882
1 0.322874 0.351476 0.051957 0.186347
1 0.379217 0.338561 0.052632 0.160517
1 0.455128 0.346863 0.087045 0.177122
1 0.717274 0.330258 0.346829 0.140221
1 0.591768 0.535055 0.093117 0.236162
1 0.765520 0.611624 0.246289 0.389299
1 0.379217 0.490775 0.052632 0.118081
1 0.458502 0.638376 0.092443 0.365314
1 0.109312 0.681734 0.097166 0.241697
1 0.246626 0.614391 0.033063 0.107011
1 0.286100 0.624539 0.040486 0.127306
1 0.357962 0.681734 0.095142 0.241697
1 0.663630 0.615314 0.042510 0.075646
1 0.802969 0.739852 0.172740 0.140221
1 0.612686 0.740775 0.139001 0.138376
1 0.194332 0.738930 0.066127 0.127306
1 0.246626 0.738930 0.033063 0.127306
1 0.286100 0.749077 0.040486 0.107011
1 0.212213 0.890221 0.112686 0.138376
