1 0.364551 0.228200 0.224458 0.341373
1 0.319659 0.475881 0.134675 0.153989
1 0.541796 0.580705 0.309598 0.363636
1 0.850619 0.501855 0.147059 0.172542
1 0.163313 0.478664 0.165635 0.118738
1 0.552632 0.523191 0.133127 0.204082
1 0.633901 0.441558 0.026316 0.040816
1 0.711300 0.523191 0.119195 0.204082
1 0.633901 0.484230 0.026316 0.040816
1 0.636223 0.528757 0.024768 0.040816
1 0.125387 0.609462 0.077399 0.120594
1 0.208204 0.607607 0.063467 0.109462
1 0.636223 0.573284 0.024768 0.040816
1 0.316563 0.705937 0.128483 0.291280
1 0.468266 0.576994 0.026316 0.033395
1 0.634675 0.611317 0.027864 0.027829
1 0.856811 0.769017 0.150155 0.328386
1 0.736842 0.683673 0.068111 0.098330
1 0.367647 0.659555 0.026316 0.031540
1 0.128483 0.746753 0.083591 0.139147
1 0.211300 0.800557 0.069659 0.246753
1 0.232972 0.690167 0.026316 0.025974
1 0.609133 0.814471 0.174923 0.218924
1 0.736842 0.833024 0.068111 0.181818
1 0.419505 0.815399 0.058824 0.083488
1 0.486842 0.812616 0.054180 0.077922
1 0.128483 0.874768 0.083591 0.098330
1 0.492260 0.893321 0.049536 0.061224
1 0.352167 0.904453 0.193498 0.076067
