1 0.124005 0.272626 0.141910 0.395531
1 0.243037 0.272626 0.195623 0.359777
1 0.291114 0.173743 0.099469 0.162011
1 0.373674 0.272626 0.056366 0.359777
1 0.463859 0.176536 0.116048 0.167598
1 0.688329 0.177095 0.136605 0.168715
1 0.779841 0.271508 0.075597 0.357542
1 0.880637 0.177095 0.118037 0.168715
1 0.555040 0.368156 0.045093 0.206704
1 0.679045 0.358659 0.118037 0.183240
1 0.850133 0.305587 0.057029 0.077095
1 0.911141 0.305587 0.057029 0.077095
1 0.463859 0.315084 0.116048 0.089385
1 0.850133 0.400559 0.057029 0.099441
1 0.910809 0.400559 0.053714 0.094972
1 0.439987 0.410615 0.068302 0.083799
1 0.500000 0.410615 0.043767 0.083799
1 0.768236 0.526257 0.234085 0.111732
1 0.354443 0.526816 0.236737 0.110615
1 0.353448 0.673743 0.241379 0.163128
1 0.263263 0.830168 0.043767 0.198883
1 0.379310 0.848603 0.175066 0.162011
