1 0.160686 0.290766 0.199688 0.286837
1 0.396256 0.358546 0.271451 0.422397
1 0.604524 0.343811 0.145086 0.392927
1 0.789392 0.343811 0.199688 0.392927
1 0.159126 0.530452 0.196568 0.263261
1 0.319813 0.657171 0.106084 0.229862
1 0.613885 0.663065 0.126365 0.222004
1 0.789392 0.705305 0.199688 0.306483
1 0.489080 0.637525 0.107644 0.135560
1 0.404056 0.641454 0.043682 0.127701
1 0.159126 0.740668 0.196568 0.235756
1 0.462559 0.786837 0.160686 0.143418
1 0.319033 0.799607 0.082683 0.039293
1 0.617005 0.824165 0.120125 0.068762
1 0.318253 0.855599 0.081123 0.053045
