1 0.374797 0.166851 0.091572 0.150276
1 0.897083 0.168508 0.087520 0.144751
1 0.639384 0.192265 0.132901 0.174586
1 0.775932 0.192818 0.130470 0.175691
1 0.117099 0.222099 0.133712 0.229834
1 0.249595 0.183978 0.131280 0.153591
1 0.761750 0.368508 0.158833 0.239779
1 0.886953 0.372928 0.091572 0.228729
1 0.295381 0.371823 0.222853 0.222099
1 0.624797 0.386740 0.103728 0.201105
1 0.114263 0.413260 0.128039 0.139227
1 0.711912 0.450829 0.059157 0.072928
1 0.448136 0.606077 0.055105 0.275138
1 0.226904 0.621547 0.129660 0.277348
1 0.114263 0.625414 0.128039 0.269613
1 0.301053 0.529282 0.062399 0.077348
1 0.351702 0.601105 0.110211 0.220994
1 0.283630 0.750276 0.064830 0.112707
1 0.362642 0.771823 0.083468 0.107182
1 0.208671 0.862983 0.127229 0.170166
1 0.308752 0.870718 0.047002 0.114917
1 0.371961 0.880110 0.069692 0.096133
