1 0.548589 0.291429 0.830721 0.237714
1 0.076019 0.265143 0.079937 0.118857
1 0.752351 0.292571 0.072100 0.045714
1 0.271944 0.297714 0.042320 0.035429
1 0.308777 0.656000 0.570533 0.361143
1 0.851097 0.561714 0.053292 0.030857
1 0.887147 0.634857 0.169279 0.101714
1 0.178683 0.645714 0.094044 0.054857
1 0.336207 0.685143 0.202194 0.133714
1 0.568966 0.714286 0.263323 0.192000
1 0.717085 0.682857 0.148903 0.129143
1 0.182602 0.713143 0.092476 0.068571
1 0.887147 0.788000 0.169279 0.195429
1 0.030564 0.775429 0.001567 0.122286
1 0.217085 0.781143 0.170846 0.058286
1 0.384796 0.808571 0.152038 0.113143
1 0.749216 0.781143 0.084639 0.058286
1 0.539185 0.869143 0.156740 0.117714
1 0.217085 0.871429 0.170846 0.113143
1 0.707680 0.871429 0.167712 0.113143
1 0.340909 0.899429 0.064263 0.057143
1 0.416144 0.899429 0.073668 0.057143
1 0.377743 0.952000 0.141066 0.029714
