1 0.716052 0.093151 0.338021 0.089559
1 0.192047 0.239224 0.126091 0.174808
1 0.360330 0.282088 0.196896 0.260536
1 0.634578 0.296456 0.161494 0.285441
1 0.804801 0.215278 0.162464 0.123084
1 0.753880 0.334052 0.060621 0.099138
1 0.838991 0.334052 0.094083 0.099138
1 0.208050 0.440374 0.158099 0.215038
1 0.804559 0.509818 0.162949 0.236111
1 0.376091 0.522270 0.165373 0.207375
1 0.634578 0.537117 0.161494 0.181513
1 0.172163 0.590517 0.086324 0.070881
1 0.253880 0.590517 0.064500 0.070881
1 0.266004 0.686542 0.101358 0.081897
1 0.117604 0.886973 0.134336 0.092912
