1 0.232641 0.135336 0.117551 0.115194
1 0.092127 0.137456 0.151449 0.110954
1 0.648715 0.145936 0.261892 0.098233
1 0.151449 0.322968 0.266812 0.224735
1 0.375342 0.344170 0.167851 0.267138
1 0.621104 0.327915 0.203390 0.231802
1 0.846091 0.365018 0.234554 0.306007
1 0.151449 0.605654 0.266812 0.375972
1 0.667305 0.585866 0.295790 0.268551
1 0.317387 0.548057 0.051941 0.123675
1 0.404593 0.548057 0.109349 0.123675
1 0.889284 0.657597 0.148168 0.279152
1 0.593494 0.567138 0.148168 0.078445
1 0.633953 0.705300 0.229087 0.183746
1 0.375342 0.705654 0.167851 0.175972
1 0.784308 0.762191 0.059595 0.069965
1 0.820120 0.869611 0.203390 0.110954
