1 0.317200 0.276776 0.044944 0.339346
1 0.788245 0.380496 0.229905 0.546787
1 0.377269 0.166855 0.049265 0.087937
1 0.437338 0.166855 0.062230 0.087937
1 0.603717 0.236189 0.113224 0.226607
1 0.508211 0.178692 0.069144 0.102593
1 0.447710 0.282976 0.190147 0.130778
1 0.697926 0.365840 0.253241 0.199549
1 0.522472 0.317926 0.040622 0.060879
1 0.458513 0.424464 0.211755 0.140924
1 0.539326 0.450958 0.050130 0.087937
1 0.207865 0.657835 0.263613 0.422773
1 0.186258 0.520857 0.199654 0.124014
1 0.529386 0.569899 0.220398 0.208568
1 0.699222 0.626832 0.119274 0.308906
1 0.383751 0.549042 0.062230 0.092446
1 0.405791 0.691094 0.106309 0.180383
1 0.511236 0.691094 0.095938 0.180383
1 0.601556 0.730552 0.076059 0.101466
1 0.502161 0.834273 0.324978 0.069899
