1 0.364926 0.321349 0.548241 0.251297
1 0.772985 0.321349 0.247446 0.251297
1 0.206583 0.446627 0.231555 0.172721
1 0.829171 0.432913 0.135074 0.054855
1 0.541998 0.557079 0.416572 0.205337
1 0.829171 0.492216 0.135074 0.048925
1 0.570375 0.610082 0.205448 0.171979
1 0.790579 0.610082 0.212259 0.171979
1 0.156640 0.577094 0.131669 0.073388
1 0.277526 0.577094 0.089671 0.073388
1 0.206583 0.658265 0.231555 0.075612
1 0.395006 0.681245 0.122588 0.029652
1 0.271850 0.756116 0.380250 0.090437
1 0.190692 0.846553 0.217934 0.074129
