1 0.778616 0.138168 0.272405 0.174696
1 0.778616 0.273690 0.272405 0.088936
1 0.171251 0.418740 0.275067 0.151403
1 0.080302 0.473266 0.093168 0.040233
1 0.337178 0.478295 0.033718 0.033351
1 0.191216 0.479619 0.068323 0.029645
1 0.080302 0.525940 0.093168 0.058761
1 0.181012 0.525940 0.088731 0.055585
1 0.294587 0.698782 0.127773 0.401271
1 0.132209 0.608523 0.196983 0.101112
1 0.474712 0.594494 0.308784 0.060349
1 0.525288 0.750926 0.422360 0.238751
1 0.835404 0.664902 0.183673 0.066702
1 0.132209 0.700900 0.196983 0.077290
1 0.831854 0.788512 0.190772 0.163579
1 0.067879 0.768661 0.068323 0.052938
1 0.169033 0.768661 0.123336 0.052938
1 0.398846 0.778719 0.080745 0.046585
1 0.445874 0.812864 0.213842 0.114876
1 0.132209 0.834304 0.196983 0.071996
1 0.830524 0.902594 0.141970 0.057173
1 0.830524 0.955267 0.163265 0.029116
