1 0.237048 0.196567 0.227761 0.238095
1 0.353372 0.254707 0.137830 0.174972
1 0.475562 0.260797 0.090909 0.131783
1 0.588954 0.260797 0.124145 0.131783
1 0.687195 0.260797 0.058651 0.131783
1 0.818671 0.223699 0.190616 0.057586
1 0.818671 0.332226 0.190616 0.143965
1 0.193548 0.478405 0.140762 0.307863
1 0.291300 0.383721 0.130987 0.118494
1 0.520039 0.433555 0.179863 0.200443
1 0.645161 0.519934 0.142717 0.373200
1 0.391984 0.397010 0.058651 0.091916
1 0.818671 0.466777 0.190616 0.109635
1 0.633431 0.475637 0.035191 0.069767
1 0.314272 0.542636 0.085044 0.179402
1 0.391984 0.493355 0.058651 0.080842
1 0.547898 0.562569 0.038123 0.084164
1 0.818671 0.590255 0.190616 0.121816
1 0.442326 0.596346 0.149560 0.098560
1 0.622678 0.761905 0.187683 0.301218
1 0.818671 0.785714 0.190616 0.253599
