1 0.878849 0.380542 0.145917 0.273399
1 0.665997 0.366995 0.129853 0.241379
1 0.224900 0.369458 0.203481 0.241379
1 0.400268 0.364532 0.147256 0.231527
1 0.668005 0.524631 0.267738 0.546798
1 0.128514 0.642857 0.147256 0.305419
1 0.275100 0.642857 0.145917 0.305419
1 0.382195 0.540640 0.060241 0.100985
1 0.443775 0.540640 0.054886 0.100985
1 0.878849 0.630542 0.145917 0.211823
1 0.412985 0.698276 0.121821 0.194581
1 0.775770 0.674877 0.052209 0.123153
1 0.325971 0.748768 0.044177 0.093596
1 0.246319 0.862069 0.115127 0.113300
