1 0.227788 0.072946 0.391304 0.077904
1 0.526465 0.131020 0.156900 0.160057
1 0.652174 0.106941 0.083176 0.111898
1 0.753308 0.131020 0.285444 0.160057
1 0.243856 0.304533 0.378072 0.348442
1 0.560491 0.290368 0.255198 0.138810
1 0.798677 0.306657 0.194707 0.171388
1 0.636106 0.344901 0.103970 0.094901
1 0.324197 0.391643 0.217391 0.174221
1 0.404537 0.416431 0.056711 0.124646
1 0.510397 0.379603 0.124764 0.025496
1 0.689036 0.453258 0.463138 0.084986
1 0.243856 0.591360 0.374291 0.126062
1 0.670132 0.606941 0.448015 0.157224
1 0.135161 0.717422 0.156900 0.103399
1 0.328922 0.717422 0.204159 0.103399
1 0.670132 0.783994 0.448015 0.171388
1 0.128544 0.828612 0.143667 0.096317
1 0.322306 0.866856 0.217391 0.172805
1 0.509452 0.866856 0.126654 0.172805
1 0.401701 0.891643 0.058601 0.123229
1 0.128544 0.919972 0.143667 0.066572
1 0.743856 0.923513 0.300567 0.073654
