1 0.147654 0.374053 0.225728 0.642045
1 0.364482 0.289773 0.207929 0.473485
1 0.584142 0.107008 0.131068 0.096591
1 0.731796 0.211174 0.151294 0.304924
1 0.850324 0.107955 0.200647 0.098485
1 0.584142 0.380682 0.131068 0.416667
1 0.777508 0.224432 0.059871 0.104167
1 0.882282 0.384470 0.136731 0.424242
1 0.675566 0.541667 0.132686 0.329545
1 0.777508 0.459280 0.059871 0.164773
1 0.097087 0.556818 0.124595 0.276515
1 0.303398 0.616477 0.080906 0.157197
1 0.406149 0.616477 0.124595 0.157197
1 0.849110 0.630682 0.203074 0.151515
1 0.595469 0.654356 0.153722 0.104167
1 0.213592 0.781250 0.079288 0.126894
1 0.292880 0.761364 0.069579 0.087121
1 0.733819 0.844697 0.163430 0.234848
1 0.292880 0.883523 0.069579 0.130682
1 0.193770 0.902462 0.039644 0.092803
1 0.235841 0.902462 0.034790 0.092803
1 0.211974 0.984848 0.088997 0.030303
