1 0.131098 0.226079 0.097561 0.268293
1 0.723323 0.144465 0.163110 0.105066
1 0.410061 0.241088 0.432927 0.260788
1 0.711890 0.293621 0.155488 0.155722
1 0.173018 0.463415 0.153963 0.168856
1 0.339177 0.499062 0.166159 0.240150
1 0.470274 0.461538 0.083841 0.165103
1 0.596799 0.462477 0.157012 0.163227
1 0.696646 0.559099 0.192073 0.356473
1 0.764482 0.435272 0.056402 0.108818
1 0.887957 0.431520 0.163110 0.101313
1 0.637957 0.509381 0.074695 0.069418
1 0.886433 0.656660 0.166159 0.333959
1 0.512195 0.644465 0.167683 0.185741
1 0.173018 0.646341 0.153963 0.181989
1 0.288110 0.681989 0.064024 0.110694
1 0.373476 0.681989 0.097561 0.110694
1 0.458841 0.681989 0.060976 0.110694
1 0.463415 0.792683 0.243902 0.084428
