1 0.916998 0.208401 0.096421 0.336026
1 0.296223 0.222940 0.151093 0.332795
1 0.497018 0.227787 0.236581 0.342488
1 0.797217 0.120355 0.113320 0.127625
1 0.676938 0.148627 0.111332 0.168013
1 0.120278 0.267367 0.180915 0.221325
1 0.737575 0.291599 0.232604 0.195477
1 0.296223 0.439418 0.151093 0.080775
1 0.497018 0.617124 0.236581 0.436187
1 0.674950 0.548465 0.165010 0.298869
1 0.836481 0.505654 0.227634 0.213247
1 0.118290 0.682553 0.204771 0.557351
1 0.296223 0.662359 0.151093 0.345719
1 0.857356 0.727787 0.185885 0.214863
1 0.635189 0.772213 0.083499 0.126010
1 0.720676 0.772213 0.073559 0.126010
1 0.619284 0.920840 0.129225 0.122779
