1 0.153110 0.263948 0.116746 0.161660
1 0.237321 0.237482 0.042105 0.108727
1 0.336842 0.263948 0.149282 0.161660
1 0.653110 0.268956 0.133014 0.157368
1 0.766029 0.268956 0.131100 0.157368
1 0.237799 0.359800 0.169378 0.127325
1 0.336364 0.484979 0.150239 0.294707
1 0.055502 0.428469 0.070813 0.155937
1 0.122010 0.386981 0.054545 0.072961
1 0.709091 0.482117 0.244976 0.257511
1 0.176077 0.543634 0.162679 0.240343
1 0.051675 0.593705 0.063158 0.140200
1 0.802392 0.573677 0.058373 0.074392
1 0.318182 0.728898 0.333971 0.316166
1 0.677990 0.697425 0.182775 0.161660
1 0.802392 0.697425 0.058373 0.161660
1 0.283732 0.706009 0.096651 0.135908
1 0.373684 0.706009 0.075598 0.135908
1 0.163158 0.721745 0.136842 0.104435
1 0.709569 0.838340 0.123445 0.091559
