1 0.168033 0.177116 0.203279 0.188088
1 0.373770 0.148119 0.196721 0.130094
1 0.600820 0.138323 0.101639 0.105799
1 0.713934 0.119122 0.111475 0.067398
1 0.858197 0.150470 0.196721 0.130094
1 0.682377 0.212774 0.141803 0.119906
1 0.577459 0.226881 0.054918 0.058777
1 0.370902 0.380094 0.202459 0.321317
1 0.858197 0.320925 0.196721 0.198276
1 0.168033 0.344044 0.203279 0.145768
1 0.130328 0.306818 0.127869 0.058777
1 0.651639 0.379702 0.203279 0.201411
1 0.110656 0.451411 0.088525 0.056426
1 0.215574 0.451411 0.108197 0.056426
1 0.858197 0.484326 0.196721 0.117555
1 0.110656 0.570925 0.088525 0.160658
1 0.214754 0.524295 0.091803 0.062696
1 0.645902 0.574843 0.196721 0.160658
1 0.191393 0.624608 0.045082 0.051724
1 0.139344 0.796238 0.149180 0.264890
