1 0.201378 0.211794 0.344564 0.191030
1 0.074655 0.455980 0.077335 0.247508
1 0.183384 0.478405 0.132466 0.292359
1 0.364855 0.482558 0.230475 0.300664
1 0.589969 0.617940 0.123277 0.239203
1 0.747703 0.696844 0.184533 0.397010
1 0.901991 0.617940 0.117917 0.239203
1 0.074655 0.668605 0.077335 0.157807
1 0.167688 0.745847 0.101072 0.312292
1 0.327335 0.767442 0.209035 0.269103
1 0.457504 0.713455 0.045176 0.157807
1 0.680704 0.687708 0.050536 0.099668
1 0.074655 0.828073 0.077335 0.147841
1 0.457504 0.853821 0.045176 0.096346
1 0.386294 0.873754 0.072741 0.109635
