1 0.208410 0.198180 0.106033 0.175935
1 0.307130 0.241153 0.082876 0.261881
1 0.400061 0.198686 0.143205 0.176946
1 0.921389 0.290192 0.042657 0.353893
1 0.628275 0.224469 0.104814 0.220425
1 0.715722 0.241153 0.060329 0.253792
1 0.822060 0.204752 0.142596 0.180991
1 0.410116 0.376138 0.123096 0.177958
1 0.179159 0.327098 0.047532 0.063701
1 0.234613 0.380182 0.052407 0.169869
1 0.822060 0.385743 0.142596 0.164813
1 0.628275 0.405966 0.104814 0.124368
1 0.179159 0.415571 0.047532 0.099090
1 0.715722 0.422144 0.060329 0.092012
1 0.280622 0.423155 0.029860 0.083923
1 0.322060 0.423155 0.043266 0.083923
1 0.265692 0.593023 0.230347 0.215369
1 0.152651 0.718402 0.165143 0.189080
1 0.267824 0.664813 0.054235 0.071790
1 0.307739 0.760364 0.134065 0.105157
