1 0.310238 0.095041 0.204757 0.090909
1 0.177870 0.274380 0.182006 0.221488
1 0.370734 0.253719 0.174767 0.180165
1 0.574457 0.334711 0.218201 0.342149
1 0.741468 0.412397 0.115822 0.497521
1 0.860910 0.292562 0.176836 0.257851
1 0.322130 0.403306 0.077559 0.195041
1 0.412616 0.428099 0.091003 0.145455
1 0.177353 0.601653 0.183040 0.396694
1 0.838159 0.482645 0.063082 0.095868
1 0.913133 0.482645 0.072389 0.095868
1 0.571355 0.652893 0.209928 0.294215
1 0.371251 0.656198 0.175801 0.287603
1 0.865047 0.670248 0.168563 0.259504
1 0.728542 0.736364 0.089969 0.127273
1 0.171665 0.872727 0.190279 0.099174
1 0.633402 0.823967 0.001034 0.001653
1 0.710962 0.895868 0.143744 0.145455
