1 0.321026 0.162570 0.178974 0.092737
1 0.746558 0.207263 0.136421 0.005587
1 0.583855 0.321788 0.171464 0.189944
1 0.764080 0.352514 0.171464 0.251397
1 0.128285 0.317877 0.128911 0.179888
1 0.305382 0.321229 0.210263 0.186592
1 0.128911 0.486592 0.130163 0.144134
1 0.302253 0.545810 0.216521 0.262570
1 0.552566 0.464246 0.108886 0.081564
1 0.732791 0.503911 0.234043 0.160894
1 0.553817 0.551397 0.098874 0.074860
1 0.128911 0.617877 0.130163 0.118436
1 0.598874 0.632402 0.201502 0.087151
1 0.777847 0.632402 0.143930 0.087151
1 0.382979 0.634637 0.055069 0.084916
1 0.240926 0.664246 0.091364 0.025698
1 0.260325 0.781564 0.072591 0.177654
1 0.357322 0.768715 0.103880 0.151955
