1 0.234333 0.015689 0.143010 0.031378
1 0.738350 0.016371 0.145153 0.032742
1 0.155597 0.233288 0.289770 0.343793
1 0.382164 0.216917 0.152651 0.311050
1 0.594537 0.235334 0.145688 0.342428
1 0.738350 0.349932 0.134440 0.571623
1 0.886449 0.218963 0.153187 0.309686
1 0.351901 0.467940 0.092126 0.166439
1 0.430637 0.467940 0.055704 0.166439
1 0.846277 0.431787 0.072844 0.094134
1 0.924746 0.431787 0.076593 0.094134
1 0.238618 0.535471 0.123728 0.260573
1 0.101232 0.607776 0.181039 0.383356
1 0.594537 0.607094 0.145688 0.381992
1 0.886449 0.643247 0.153187 0.309686
1 0.693358 0.656207 0.044456 0.283765
1 0.382164 0.681446 0.152651 0.236016
1 0.484735 0.671896 0.028923 0.126876
1 0.762453 0.722374 0.086235 0.151432
1 0.209963 0.738745 0.066417 0.121419
1 0.274505 0.738745 0.051955 0.121419
1 0.226834 0.914734 0.147295 0.170532
