1 0.431943 0.273087 0.173092 0.197889
1 0.804485 0.281003 0.084186 0.189974
1 0.295043 0.393140 0.278521 0.398417
1 0.662470 0.331135 0.176239 0.269129
1 0.473249 0.455145 0.066876 0.126649
1 0.684107 0.523747 0.219512 0.258575
1 0.862313 0.490106 0.125885 0.191293
1 0.247050 0.621372 0.182533 0.306069
1 0.473249 0.601583 0.066876 0.150396
1 0.387884 0.683377 0.092840 0.182058
1 0.862313 0.685356 0.125885 0.180739
1 0.191975 0.688654 0.072384 0.171504
1 0.655389 0.690633 0.162077 0.170185
1 0.767899 0.717678 0.051928 0.116095
1 0.311959 0.724934 0.047994 0.098945
1 0.473249 0.730211 0.066876 0.088391
1 0.270653 0.852243 0.114870 0.118734
