1 0.194550 0.266414 0.290241 0.363636
1 0.659062 0.198232 0.073511 0.224747
1 0.782003 0.200758 0.141952 0.229798
1 0.903042 0.263889 0.069708 0.356061
1 0.430925 0.350379 0.154626 0.195707
1 0.695817 0.382576 0.129278 0.118687
1 0.724335 0.354798 0.072243 0.063131
1 0.779468 0.501263 0.147022 0.356061
1 0.903042 0.691288 0.069708 0.481061
1 0.124842 0.547348 0.150824 0.183081
1 0.274398 0.583965 0.130545 0.256313
1 0.430925 0.532197 0.154626 0.152778
1 0.654626 0.695707 0.064639 0.472222
1 0.430925 0.695707 0.154626 0.156566
1 0.134347 0.789773 0.169835 0.286616
1 0.779468 0.804924 0.147022 0.236111
1 0.283270 0.826389 0.112801 0.213384
1 0.425856 0.866162 0.144487 0.156566
