1 0.494810 0.111688 0.072664 0.119481
1 0.666522 0.155195 0.063149 0.133766
1 0.669118 0.159091 0.057958 0.125974
1 0.769031 0.165584 0.122837 0.128571
1 0.859862 0.150000 0.050173 0.097403
1 0.906574 0.150000 0.034602 0.097403
1 0.237024 0.166883 0.119377 0.128571
1 0.349913 0.166883 0.099481 0.128571
1 0.429931 0.198052 0.053633 0.190909
1 0.495242 0.226623 0.068339 0.084416
1 0.561851 0.227273 0.057958 0.083117
1 0.757353 0.309091 0.227509 0.207792
1 0.872837 0.309091 0.102076 0.207792
1 0.188581 0.405195 0.192042 0.335065
1 0.384948 0.326623 0.226644 0.177922
1 0.378028 0.265584 0.043253 0.055844
1 0.547145 0.344805 0.090830 0.141558
1 0.429931 0.381818 0.055363 0.067532
1 0.479671 0.381818 0.037197 0.067532
1 0.112457 0.522078 0.131488 0.228571
1 0.341263 0.497403 0.113322 0.150649
1 0.904412 0.464935 0.057958 0.077922
1 0.492647 0.740909 0.078720 0.138961
1 0.552768 0.704545 0.034602 0.066234
1 0.625433 0.817532 0.179931 0.149351
1 0.747405 0.818182 0.044983 0.129870
1 0.492647 0.853896 0.078720 0.076623
