1 0.244774 0.048568 0.348735 0.042341
1 0.646315 0.117684 0.113311 0.140722
1 0.738724 0.117684 0.091309 0.140722
1 0.854235 0.117684 0.133113 0.140722
1 0.144114 0.130760 0.134213 0.107098
1 0.237074 0.130760 0.042904 0.107098
1 0.336634 0.130760 0.147415 0.107098
1 0.465897 0.226650 0.084708 0.166874
1 0.726073 0.166252 0.039604 0.043587
1 0.162266 0.224159 0.262926 0.074720
1 0.352035 0.249689 0.116612 0.125778
1 0.701870 0.234122 0.224422 0.074720
1 0.871287 0.234122 0.099010 0.074720
1 0.143564 0.317559 0.133113 0.104608
1 0.251925 0.337484 0.077008 0.144458
1 0.660066 0.347447 0.140814 0.134496
1 0.827833 0.347447 0.185919 0.134496
1 0.342684 0.363636 0.135314 0.092154
1 0.137514 0.398506 0.138614 0.042341
1 0.242024 0.454545 0.085809 0.062267
1 0.476348 0.531756 0.103410 0.079701
1 0.596260 0.562267 0.125413 0.140722
1 0.707371 0.562267 0.096810 0.140722
1 0.476348 0.582192 0.103410 0.100872
1 0.787679 0.574097 0.037404 0.037360
1 0.383938 0.618306 0.057206 0.051059
1 0.804730 0.674969 0.084708 0.151930
1 0.542904 0.622042 0.018702 0.021171
1 0.500000 0.679950 0.247525 0.079701
1 0.658966 0.750311 0.193619 0.220423
1 0.474147 0.792030 0.099010 0.136986
1 0.532453 0.750311 0.048405 0.053549
1 0.542354 0.820672 0.028603 0.079701
1 0.600110 0.825654 0.075908 0.069738
1 0.590759 0.907223 0.090209 0.063512
