1 0.196815 0.065502 0.276433 0.062882
1 0.823567 0.065502 0.271338 0.062882
1 0.750318 0.166376 0.119745 0.119651
1 0.883439 0.142795 0.136306 0.072489
1 0.137580 0.142795 0.137580 0.070742
1 0.271338 0.166812 0.119745 0.118777
1 0.137580 0.233624 0.137580 0.110917
1 0.883439 0.234061 0.136306 0.110044
1 0.126752 0.240175 0.034395 0.043668
1 0.894268 0.239301 0.033121 0.041921
1 0.271338 0.259825 0.119745 0.058515
1 0.750318 0.259825 0.119745 0.058515
1 0.728025 0.320961 0.067516 0.058515
1 0.787898 0.316594 0.044586 0.049782
1 0.885350 0.346725 0.132484 0.110044
1 0.135669 0.346725 0.133758 0.108297
1 0.233758 0.317031 0.044586 0.048908
1 0.292994 0.321397 0.066242 0.057642
1 0.791720 0.373799 0.042038 0.055895
1 0.229936 0.373799 0.044586 0.054148
1 0.294268 0.376419 0.068790 0.047162
1 0.726752 0.376419 0.070064 0.047162
1 0.232484 0.528821 0.347771 0.133624
1 0.787898 0.528821 0.347771 0.133624
1 0.819108 0.717467 0.259873 0.224454
1 0.201274 0.718341 0.259873 0.224454
1 0.424204 0.749345 0.155414 0.228821
1 0.595541 0.749782 0.156688 0.227948
1 0.460510 0.669869 0.090446 0.054148
1 0.561146 0.669869 0.090446 0.054148
1 0.283439 0.719214 0.095541 0.093450
1 0.736943 0.718777 0.095541 0.092576
1 0.749682 0.765502 0.070064 0.000873
1 0.736943 0.810044 0.095541 0.082969
1 0.283439 0.810044 0.095541 0.081223
1 0.116561 0.811790 0.080255 0.039301
1 0.904459 0.811790 0.081529 0.039301
1 0.150318 0.866376 0.157962 0.062882
1 0.870064 0.866812 0.157962 0.063755
1 0.770701 0.912664 0.168153 0.103057
1 0.252229 0.913537 0.168153 0.103057
