1 0.609346 0.103488 0.228037 0.132558
1 0.842056 0.102326 0.218692 0.130233
1 0.842056 0.300000 0.218692 0.241860
1 0.237383 0.327907 0.310280 0.274419
1 0.496262 0.327907 0.207477 0.274419
1 0.661682 0.319767 0.108411 0.258140
1 0.843925 0.648837 0.222430 0.437209
1 0.657944 0.527907 0.100935 0.139535
1 0.186916 0.563953 0.209346 0.179070
1 0.404673 0.605814 0.207477 0.262791
1 0.557009 0.524419 0.085981 0.100000
1 0.505607 0.715116 0.188785 0.262791
1 0.659813 0.653488 0.104673 0.093023
1 0.186916 0.754651 0.209346 0.183721
1 0.662617 0.777907 0.110280 0.137209
1 0.353271 0.795349 0.104673 0.102326
1 0.430841 0.919767 0.211215 0.104651
