1 0.594153 0.255986 0.167339 0.115735
1 0.766935 0.272377 0.166935 0.148518
1 0.594153 0.399515 0.167339 0.164481
1 0.726411 0.381842 0.085887 0.061288
1 0.766935 0.413198 0.166935 0.124002
1 0.370565 0.570553 0.250806 0.328107
1 0.175605 0.476625 0.129435 0.060433
1 0.809274 0.502423 0.082258 0.046465
1 0.500403 0.541619 0.354839 0.119726
1 0.723185 0.528364 0.079435 0.078392
1 0.178427 0.536060 0.120565 0.049316
1 0.766935 0.626425 0.166935 0.194128
1 0.178629 0.649800 0.134677 0.168472
1 0.592540 0.639253 0.170565 0.075542
1 0.412903 0.664054 0.179839 0.118871
1 0.547379 0.701824 0.080242 0.043330
1 0.637298 0.701824 0.081048 0.043330
1 0.647782 0.749430 0.065726 0.031357
