1 0.112994 0.171007 0.150659 0.248264
1 0.395480 0.238715 0.391714 0.373264
1 0.679849 0.150174 0.165725 0.196181
1 0.861582 0.109375 0.171375 0.100694
1 0.861582 0.227431 0.178908 0.125000
1 0.623352 0.486979 0.278719 0.477431
1 0.860640 0.418403 0.180791 0.243056
1 0.709981 0.480903 0.105461 0.118056
1 0.338041 0.518229 0.276836 0.175347
1 0.839925 0.708333 0.222222 0.322917
1 0.338041 0.741319 0.276836 0.256944
1 0.532015 0.801215 0.096045 0.137153
1 0.675141 0.801215 0.175141 0.137153
1 0.568738 0.934896 0.290019 0.102431
