1 0.357570 0.103611 0.213147 0.122449
1 0.831673 0.118524 0.209163 0.098901
1 0.256972 0.305338 0.406375 0.240188
1 0.732072 0.282575 0.408367 0.185243
1 0.601594 0.412088 0.147410 0.058085
1 0.810757 0.468603 0.250996 0.171115
1 0.340637 0.537677 0.239044 0.224490
1 0.131474 0.481162 0.159363 0.098901
1 0.601594 0.550235 0.147410 0.202512
1 0.810757 0.646782 0.250996 0.254317
1 0.198207 0.653846 0.292829 0.230769
1 0.409363 0.714286 0.101594 0.109890
1 0.602590 0.715856 0.145418 0.113030
1 0.363546 0.883046 0.221116 0.183673
