1 0.143288 0.205158 0.205128 0.051583
1 0.601810 0.208675 0.334842 0.049238
1 0.207391 0.330012 0.330317 0.167644
1 0.515837 0.333529 0.159879 0.172333
1 0.686275 0.333529 0.168929 0.172333
1 0.314480 0.432005 0.116139 0.127784
1 0.680241 0.433177 0.048265 0.069168
1 0.741327 0.433177 0.058824 0.069168
1 0.145551 0.481829 0.206637 0.135991
1 0.542232 0.464244 0.212670 0.079719
1 0.713424 0.504689 0.114630 0.062134
1 0.314480 0.552755 0.116139 0.101993
1 0.082202 0.527550 0.079940 0.044549
1 0.542232 0.560375 0.212670 0.100821
1 0.711161 0.573857 0.101056 0.059789
1 0.082202 0.579132 0.079940 0.049238
1 0.188537 0.579132 0.120664 0.049238
1 0.144042 0.798359 0.209653 0.363423
1 0.105581 0.717468 0.132730 0.084408
1 0.108597 0.872802 0.138763 0.214537
