1 0.566518 0.220833 0.064583 0.100758
1 0.273065 0.223485 0.064583 0.100000
1 0.566518 0.502273 0.056250 0.425758
1 0.198958 0.390530 0.083036 0.200758
1 0.267560 0.326515 0.047619 0.072727
1 0.339137 0.392424 0.092560 0.204545
1 0.492708 0.437879 0.084821 0.207576
1 0.638095 0.412121 0.080357 0.156061
1 0.262500 0.542424 0.060714 0.342424
1 0.113244 0.557197 0.075298 0.284091
1 0.404762 0.501515 0.038690 0.150000
1 0.215179 0.459470 0.027381 0.062879
1 0.339137 0.604167 0.092560 0.218939
1 0.627679 0.583333 0.101190 0.171212
1 0.177827 0.554167 0.040774 0.111364
1 0.220982 0.536364 0.038988 0.075758
1 0.475149 0.609091 0.049702 0.119697
1 0.519048 0.599242 0.032143 0.100000
1 0.220982 0.647727 0.038988 0.131818
1 0.177827 0.665530 0.040774 0.096212
1 0.519048 0.662879 0.032143 0.012121
1 0.490327 0.701136 0.080060 0.028030
1 0.113244 0.761742 0.075298 0.111364
1 0.233333 0.780303 0.156548 0.100000
