1 0.138286 0.254771 0.050286 0.219466
1 0.193714 0.218511 0.040000 0.108779
1 0.270286 0.241412 0.104000 0.154580
1 0.417714 0.293893 0.179429 0.259542
1 0.561714 0.264313 0.099429 0.200382
1 0.682857 0.264313 0.131429 0.200382
1 0.845714 0.264313 0.176000 0.200382
1 0.213143 0.369275 0.069714 0.177481
1 0.285714 0.390267 0.066286 0.116412
1 0.585714 0.488550 0.156571 0.232824
1 0.708571 0.410305 0.080000 0.076336
1 0.845714 0.530534 0.176000 0.316794
1 0.417714 0.556298 0.179429 0.265267
1 0.248000 0.572519 0.148571 0.232824
1 0.683429 0.572519 0.130286 0.232824
1 0.589143 0.627863 0.049143 0.122137
1 0.536000 0.650763 0.045714 0.076336
1 0.550857 0.764313 0.125714 0.116412
