1 0.655777 0.426432 0.330492 0.384115
1 0.171402 0.304688 0.151515 0.138021
1 0.339962 0.430990 0.176136 0.390625
1 0.385417 0.405599 0.085227 0.095052
1 0.765152 0.431641 0.111742 0.141927
1 0.173769 0.503906 0.156250 0.244792
1 0.569602 0.517578 0.158144 0.199219
1 0.368845 0.521484 0.118371 0.121094
1 0.720170 0.521484 0.021780 0.019531
1 0.781723 0.565104 0.078598 0.093750
1 0.372159 0.582682 0.111742 0.063802
1 0.539773 0.601562 0.098485 0.033854
1 0.596117 0.706380 0.211174 0.175781
1 0.202652 0.708984 0.214015 0.165365
1 0.389205 0.730469 0.121212 0.182292
1 0.793087 0.726562 0.141098 0.169271
1 0.327178 0.822266 0.000947 0.001302
