1 0.287689 0.301515 0.235227 0.181818
1 0.591288 0.304924 0.135606 0.175000
1 0.286742 0.514394 0.225000 0.398485
1 0.510417 0.437879 0.093561 0.240909
1 0.625947 0.502273 0.122348 0.237879
1 0.100379 0.544697 0.147727 0.278788
1 0.567045 0.452652 0.015152 0.094697
1 0.697348 0.558333 0.045455 0.125758
1 0.416477 0.527273 0.030682 0.062121
1 0.567045 0.530682 0.015152 0.055303
1 0.479167 0.534470 0.031061 0.047727
1 0.512121 0.534470 0.029545 0.047727
1 0.042803 0.592045 0.032576 0.064394
1 0.297538 0.637500 0.070076 0.152273
1 0.506061 0.637121 0.084848 0.148485
1 0.562879 0.637121 0.046212 0.148485
1 0.332955 0.590909 0.025000 0.054545
1 0.366667 0.590909 0.037121 0.054545
1 0.409470 0.590909 0.044697 0.054545
1 0.576326 0.646591 0.019318 0.064394
1 0.367045 0.668182 0.064394 0.090909
1 0.637879 0.668561 0.098485 0.085606
1 0.042803 0.656061 0.032576 0.056061
1 0.079924 0.723106 0.046212 0.050758
1 0.297538 0.754924 0.079167 0.064394
1 0.297917 0.865530 0.092045 0.128030
