1 0.262580 0.236571 0.350642 0.323429
1 0.403640 0.166000 0.093148 0.162857
1 0.504550 0.134857 0.108672 0.100571
1 0.609208 0.132571 0.092077 0.096000
1 0.712527 0.132571 0.105996 0.096000
1 0.549786 0.219143 0.271949 0.068000
1 0.709047 0.206286 0.038009 0.042286
1 0.748662 0.216571 0.033726 0.062857
1 0.709047 0.245143 0.038009 0.027429
1 0.452088 0.251714 0.006959 0.002857
1 0.429872 0.252857 0.032120 0.000571
1 0.451552 0.289143 0.075482 0.072000
1 0.452088 0.270000 0.006959 0.033714
1 0.568522 0.336857 0.234475 0.167429
1 0.776231 0.278286 0.088865 0.050286
1 0.244111 0.323714 0.208779 0.137714
1 0.709047 0.282571 0.038009 0.041714
1 0.755353 0.364286 0.130621 0.112571
1 0.411135 0.555714 0.092077 0.111429
1 0.616435 0.555143 0.313169 0.110286
1 0.815846 0.621429 0.058887 0.063429
1 0.569058 0.666857 0.407923 0.147429
1 0.251071 0.713143 0.203426 0.189714
1 0.529443 0.694857 0.053533 0.053714
1 0.627409 0.751714 0.134904 0.167429
1 0.725910 0.707429 0.054604 0.078857
1 0.391328 0.704571 0.052463 0.072000
1 0.793630 0.708000 0.067987 0.076571
1 0.507762 0.780857 0.096895 0.109143
1 0.764722 0.793429 0.132227 0.084000
1 0.402837 0.770571 0.086188 0.031429
