1 0.259804 0.102504 0.417647 0.086072
1 0.713725 0.102504 0.415686 0.082942
1 0.590196 0.287167 0.152941 0.261346
1 0.791176 0.273083 0.249020 0.233177
1 0.141176 0.259781 0.168627 0.203443
1 0.347059 0.276995 0.223529 0.237872
1 0.257843 0.476526 0.401961 0.214397
1 0.714706 0.486698 0.401961 0.194053
1 0.803922 0.593114 0.223529 0.169014
1 0.369608 0.549296 0.178431 0.068858
1 0.101961 0.550078 0.090196 0.067293
1 0.557843 0.633803 0.088235 0.087637
1 0.646078 0.633803 0.072549 0.087637
1 0.119608 0.635368 0.125490 0.087637
1 0.323529 0.635368 0.270588 0.087637
1 0.729412 0.812207 0.400000 0.241002
