1 0.215721 0.220859 0.351064 0.380368
1 0.496454 0.210634 0.198582 0.359918
1 0.691489 0.155419 0.179669 0.249489
1 0.878251 0.218814 0.184397 0.376278
1 0.634161 0.349693 0.065012 0.122699
1 0.691489 0.488753 0.179669 0.400818
1 0.442671 0.539877 0.306147 0.298569
1 0.878251 0.552147 0.184397 0.274029
1 0.072695 0.554192 0.065012 0.269939
1 0.197400 0.554192 0.172577 0.269939
1 0.146572 0.630879 0.070922 0.116564
1 0.072695 0.806748 0.065012 0.218814
1 0.146572 0.806748 0.070922 0.218814
1 0.284870 0.806748 0.193853 0.218814
1 0.682624 0.750511 0.135934 0.106339
