1 0.556354 0.154560 0.239779 0.185471
1 0.141436 0.362442 0.170166 0.190108
1 0.291160 0.366306 0.093923 0.182380
1 0.499448 0.404173 0.304972 0.258114
1 0.792265 0.404173 0.280663 0.258114
1 0.141436 0.639876 0.170166 0.346213
1 0.291160 0.534776 0.093923 0.136012
1 0.658011 0.623648 0.164641 0.180835
1 0.453039 0.673107 0.229834 0.261206
1 0.839779 0.673107 0.185635 0.261206
1 0.287293 0.709428 0.086188 0.188563
1 0.611602 0.764297 0.071823 0.078825
1 0.697238 0.764297 0.086188 0.078825
1 0.677901 0.901082 0.175691 0.145286
