1 0.177385 0.247994 0.138264 0.197432
1 0.318864 0.237560 0.133976 0.176565
1 0.652197 0.239968 0.112540 0.181380
1 0.775991 0.239968 0.126474 0.181380
1 0.857985 0.239968 0.028939 0.181380
1 0.425509 0.400482 0.070740 0.162119
1 0.292605 0.407705 0.186495 0.147673
1 0.712219 0.413323 0.320472 0.152488
1 0.131297 0.500000 0.136120 0.290530
1 0.528939 0.416533 0.024652 0.101124
1 0.804930 0.390048 0.075027 0.012841
1 0.821008 0.447030 0.102894 0.085072
1 0.235263 0.512841 0.071811 0.046549
1 0.296892 0.565811 0.062165 0.152488
1 0.359057 0.565811 0.051447 0.152488
1 0.617363 0.571429 0.130761 0.150883
1 0.764737 0.571429 0.153269 0.150883
1 0.859057 0.571429 0.026795 0.150883
1 0.423365 0.525682 0.055734 0.056180
1 0.229904 0.593098 0.061093 0.097913
1 0.096463 0.758427 0.066452 0.207063
1 0.228296 0.758427 0.186495 0.207063
1 0.347803 0.682986 0.031083 0.046549
