1 0.261973 0.161932 0.336207 0.162500
1 0.748084 0.188068 0.087165 0.160227
1 0.204981 0.360227 0.113027 0.190909
1 0.379071 0.465909 0.232280 0.402273
1 0.112548 0.321023 0.060345 0.105682
1 0.748563 0.571591 0.090038 0.563636
1 0.632902 0.411932 0.134579 0.242045
1 0.863266 0.432955 0.132663 0.270455
1 0.113985 0.480114 0.063218 0.176136
1 0.049330 0.543750 0.043103 0.271591
1 0.176006 0.517614 0.055077 0.101136
1 0.232998 0.517614 0.053161 0.101136
1 0.632902 0.694318 0.134579 0.309091
1 0.150383 0.698295 0.136015 0.239773
1 0.273707 0.698295 0.101054 0.239773
1 0.863266 0.719318 0.132663 0.272727
1 0.387931 0.733523 0.121648 0.169318
1 0.762213 0.776136 0.062739 0.154545
1 0.198276 0.769318 0.040230 0.097727
1 0.264368 0.883523 0.142720 0.105682
