1 0.537338 0.180222 0.782468 0.171904
1 0.840097 0.218115 0.150974 0.125693
1 0.220779 0.387246 0.126623 0.205176
1 0.324675 0.527726 0.081169 0.486137
1 0.475649 0.430684 0.233766 0.292052
1 0.671266 0.379852 0.157468 0.190388
1 0.846591 0.448244 0.163961 0.312384
1 0.674513 0.539741 0.150974 0.114603
1 0.184253 0.536969 0.053571 0.079482
1 0.247565 0.536969 0.063312 0.079482
1 0.218344 0.677449 0.121753 0.186691
1 0.425325 0.677449 0.110390 0.186691
1 0.539773 0.677449 0.105519 0.186691
1 0.634740 0.685767 0.071429 0.162662
1 0.713474 0.636784 0.073052 0.064695
1 0.714286 0.723660 0.071429 0.094270
1 0.385552 0.837338 0.209416 0.103512
