1 0.252828 0.204100 0.173077 0.244207
1 0.414593 0.204100 0.141403 0.244207
1 0.549208 0.204100 0.118778 0.244207
1 0.653846 0.189840 0.081448 0.215686
1 0.718326 0.144385 0.081448 0.124777
1 0.853507 0.147950 0.161765 0.131907
1 0.729072 0.256684 0.059955 0.081996
1 0.861425 0.430481 0.173077 0.386809
1 0.686086 0.380570 0.145928 0.151515
1 0.387443 0.517825 0.442308 0.368984
1 0.100113 0.540107 0.105204 0.313725
1 0.640837 0.581996 0.109729 0.240642
1 0.729638 0.512478 0.058824 0.098039
1 0.729638 0.635472 0.058824 0.133690
1 0.371606 0.822638 0.657240 0.237077
