1 0.331579 0.024960 0.076316 0.049919
1 0.244737 0.348631 0.257895 0.545894
1 0.496711 0.231079 0.230263 0.310789
1 0.690789 0.151369 0.142105 0.151369
1 0.690789 0.294686 0.142105 0.119163
1 0.850658 0.415459 0.138158 0.183575
1 0.690789 0.487923 0.142105 0.267311
1 0.437500 0.452496 0.111842 0.112721
1 0.556579 0.452496 0.110526 0.112721
1 0.856579 0.591787 0.139474 0.152979
1 0.469737 0.670692 0.284211 0.304348
1 0.241447 0.789855 0.251316 0.320451
1 0.645395 0.791465 0.232895 0.317230
1 0.447368 0.891304 0.144737 0.117552
1 0.427632 0.987923 0.121053 0.024155
