1 0.186025 0.292441 0.220963 0.267658
1 0.432956 0.306072 0.261568 0.294919
1 0.658640 0.306072 0.180359 0.294919
1 0.832389 0.217472 0.146364 0.117720
1 0.832389 0.361214 0.146364 0.149938
1 0.110954 0.485750 0.070822 0.104089
1 0.195940 0.485750 0.085930 0.104089
1 0.298395 0.570012 0.109537 0.272615
1 0.832389 0.545229 0.146364 0.195787
1 0.449481 0.623916 0.192635 0.320942
1 0.651086 0.552664 0.197356 0.178439
1 0.157224 0.665428 0.163362 0.237918
1 0.606704 0.695167 0.108593 0.178439
1 0.716714 0.718092 0.100094 0.132590
1 0.840888 0.718092 0.129367 0.132590
1 0.297923 0.749690 0.108593 0.069393
1 0.305005 0.866791 0.130312 0.112763
