1 0.814815 0.277452 0.292929 0.130307
1 0.154882 0.420205 0.117845 0.114202
1 0.319024 0.478038 0.190236 0.229868
1 0.551347 0.478038 0.257576 0.229868
1 0.819865 0.510249 0.279461 0.294290
1 0.154882 0.539531 0.117845 0.106881
1 0.218013 0.650073 0.244108 0.099561
1 0.515152 0.703514 0.329966 0.206442
1 0.652357 0.778184 0.207071 0.232796
1 0.839226 0.778184 0.240741 0.232796
1 0.218013 0.801611 0.244108 0.185944
1 0.390572 0.855051 0.080808 0.079063
1 0.489899 0.855051 0.097643 0.079063
1 0.390572 0.945827 0.101010 0.061493
