1 0.424899 0.302395 0.200605 0.193613
1 0.595262 0.298902 0.123992 0.186627
1 0.659778 0.253992 0.037298 0.080838
1 0.736391 0.273952 0.138105 0.120758
1 0.659778 0.316367 0.037298 0.035928
1 0.718246 0.516467 0.101815 0.346307
1 0.778226 0.365269 0.036290 0.043912
1 0.778226 0.412176 0.036290 0.039920
1 0.460181 0.509481 0.394153 0.220559
1 0.778226 0.461577 0.036290 0.038922
1 0.778226 0.505489 0.036290 0.038922
1 0.487903 0.731038 0.338710 0.206587
1 0.631552 0.761477 0.039315 0.043912
1 0.631552 0.809381 0.039315 0.043912
