1 0.226658 0.236890 0.264128 0.202532
1 0.922604 0.273056 0.135135 0.166365
1 0.815725 0.409584 0.068796 0.309222
1 0.412162 0.325497 0.084767 0.112116
1 0.479115 0.308318 0.039312 0.077758
1 0.535627 0.325497 0.078624 0.112116
1 0.600123 0.323689 0.035627 0.108499
1 0.695332 0.407776 0.149877 0.276673
1 0.085381 0.412297 0.040541 0.119349
1 0.170762 0.412297 0.120393 0.119349
1 0.297912 0.412297 0.121622 0.119349
1 0.922604 0.484629 0.135135 0.238698
1 0.429975 0.463834 0.120393 0.164557
1 0.603194 0.440325 0.041769 0.110307
1 0.535627 0.469259 0.078624 0.153707
1 0.162162 0.611212 0.194103 0.260398
1 0.310811 0.574141 0.095823 0.186257
1 0.474816 0.514467 0.030713 0.063291
1 0.599509 0.523508 0.034398 0.045208
1 0.310811 0.704340 0.095823 0.059675
1 0.127150 0.841772 0.124079 0.200723
1 0.276413 0.841772 0.164619 0.200723
