1 0.289544 0.178956 0.254763 0.271748
1 0.048516 0.113919 0.072220 0.123447
1 0.125388 0.097763 0.054054 0.091135
1 0.091493 0.079950 0.004874 0.019056
1 0.120735 0.268020 0.063358 0.232809
1 0.048516 0.284176 0.072220 0.200497
1 0.488702 0.411765 0.134692 0.177299
1 0.185866 0.635046 0.346921 0.603977
1 0.341161 0.455675 0.141781 0.245236
1 0.617634 0.434963 0.070004 0.147473
1 0.082853 0.473074 0.140895 0.160729
1 0.736819 0.610191 0.200266 0.267606
1 0.488702 0.678956 0.134692 0.340514
1 0.880815 0.632974 0.077980 0.222038
1 0.953257 0.557995 0.058042 0.072080
1 0.607222 0.633389 0.049180 0.221210
1 0.387683 0.627589 0.048737 0.085336
1 0.953257 0.673157 0.058042 0.141674
1 0.191405 0.741508 0.074435 0.142502
1 0.276695 0.807788 0.087284 0.258492
1 0.368409 0.807788 0.087284 0.258492
1 0.194063 0.859569 0.069118 0.077051
