1 0.463315 0.460265 0.888587 0.807947
1 0.136549 0.358720 0.154891 0.304636
1 0.246603 0.354857 0.101902 0.296909
1 0.349185 0.395695 0.092391 0.215232
1 0.446332 0.334989 0.092391 0.093819
1 0.574728 0.414459 0.154891 0.252759
1 0.756793 0.337196 0.177989 0.098234
1 0.446332 0.446468 0.092391 0.113687
1 0.756793 0.560706 0.177989 0.333333
1 0.158967 0.674945 0.199728 0.327815
1 0.395380 0.581126 0.273098 0.140177
1 0.594429 0.619205 0.115489 0.216336
1 0.488111 0.673289 0.087636 0.108168
1 0.404891 0.693709 0.067935 0.067329
1 0.320992 0.723510 0.093071 0.093819
