1 0.103653 0.208824 0.082922 0.103922
1 0.165844 0.208824 0.031589 0.103922
1 0.626357 0.209804 0.079961 0.101961
1 0.230503 0.246078 0.079961 0.143137
1 0.654492 0.422549 0.199408 0.488235
1 0.137710 0.414706 0.131293 0.284314
1 0.238894 0.367647 0.063179 0.088235
1 0.714709 0.424510 0.078973 0.170588
1 0.238894 0.460784 0.063179 0.082353
1 0.111550 0.624510 0.078973 0.233333
1 0.220138 0.550000 0.025666 0.084314
1 0.253208 0.550000 0.034551 0.084314
1 0.595755 0.633333 0.081935 0.235294
1 0.723100 0.633333 0.062192 0.235294
1 0.212734 0.609804 0.115499 0.105882
1 0.171273 0.704902 0.032577 0.072549
1 0.230503 0.810784 0.079961 0.284314
1 0.663870 0.711765 0.048371 0.078431
1 0.208292 0.868627 0.124383 0.215686
