1 0.160956 0.191620 0.173705 0.153073
1 0.529880 0.191061 0.175299 0.151955
1 0.213546 0.349721 0.254980 0.332961
1 0.478486 0.349721 0.255777 0.332961
1 0.919522 0.367039 0.079681 0.200000
1 0.678486 0.345810 0.125100 0.130726
1 0.807968 0.345810 0.124303 0.130726
1 0.293625 0.419553 0.094821 0.193296
1 0.397610 0.420112 0.094024 0.192179
1 0.744223 0.593296 0.258167 0.337430
1 0.229880 0.656983 0.066135 0.281564
1 0.461753 0.657542 0.066135 0.282682
1 0.139044 0.555307 0.105976 0.062570
1 0.304781 0.617877 0.072510 0.185475
1 0.387251 0.617877 0.073307 0.185475
1 0.552988 0.555866 0.106773 0.061453
1 0.139044 0.695531 0.105976 0.204469
1 0.552988 0.696648 0.106773 0.204469
1 0.304382 0.755866 0.070120 0.074860
1 0.387649 0.755866 0.070916 0.074860
1 0.227490 0.852514 0.101195 0.082682
1 0.464940 0.852514 0.101195 0.082682
