1 0.266908 0.256121 0.330918 0.342750
1 0.549517 0.224105 0.212560 0.278719
1 0.805556 0.271186 0.280193 0.354049
1 0.064614 0.252354 0.049517 0.094162
1 0.119565 0.255179 0.036232 0.077213
1 0.549517 0.543315 0.212560 0.329567
1 0.143720 0.504708 0.084541 0.128060
1 0.228865 0.574388 0.121981 0.267420
1 0.365942 0.574388 0.132850 0.267420
1 0.402778 0.488701 0.059179 0.096045
1 0.805556 0.660075 0.280193 0.397363
1 0.143720 0.645951 0.084541 0.124294
1 0.358696 0.794727 0.144928 0.139360
1 0.756039 0.928437 0.089372 0.094162
1 0.358092 0.919021 0.068841 0.071563
