1 0.443032 0.094758 0.083804 0.040323
1 0.526836 0.155242 0.074388 0.151210
1 0.700094 0.272177 0.164783 0.308468
1 0.827213 0.156250 0.123352 0.076613
1 0.278249 0.192540 0.132768 0.139113
1 0.417608 0.193044 0.134652 0.140121
1 0.863936 0.229335 0.049906 0.126008
1 0.416196 0.215726 0.048964 0.094758
1 0.368644 0.194556 0.036723 0.042339
1 0.792373 0.245968 0.083804 0.094758
1 0.368644 0.242440 0.036723 0.043347
1 0.548493 0.277218 0.044256 0.084677
1 0.833804 0.265625 0.029190 0.053427
1 0.271657 0.351310 0.119586 0.166331
1 0.408192 0.351310 0.153484 0.166331
1 0.823446 0.363407 0.130885 0.126008
1 0.111111 0.412802 0.192090 0.200605
1 0.676083 0.600302 0.073446 0.148185
1 0.411488 0.638105 0.103578 0.137097
1 0.505650 0.614919 0.073446 0.090726
1 0.550847 0.638105 0.163842 0.137097
1 0.569209 0.636089 0.042373 0.048387
1 0.411488 0.795867 0.103578 0.162298
1 0.517420 0.757056 0.093220 0.084677
1 0.600753 0.756048 0.062147 0.082661
1 0.517420 0.819556 0.093220 0.114919
1 0.601224 0.840222 0.061205 0.073589
