1 0.684641 0.352545 0.112745 0.217066
1 0.805964 0.352545 0.121732 0.217066
1 0.928105 0.352545 0.114379 0.217066
1 0.301471 0.355539 0.354575 0.220060
1 0.044526 0.398204 0.048203 0.062874
1 0.096405 0.398204 0.045752 0.062874
1 0.572712 0.520210 0.098039 0.306886
1 0.109069 0.664671 0.177288 0.449102
1 0.665850 0.503743 0.075163 0.067365
1 0.755310 0.575599 0.093954 0.211078
1 0.893791 0.622006 0.183007 0.303892
1 0.341095 0.625000 0.275327 0.297904
1 0.665850 0.599551 0.075163 0.103293
1 0.682598 0.568114 0.041667 0.040419
1 0.665850 0.703593 0.075163 0.083832
1 0.555964 0.749251 0.064542 0.130240
1 0.068627 0.787425 0.096405 0.203593
1 0.730801 0.731287 0.044935 0.085329
1 0.777778 0.731287 0.039216 0.085329
1 0.613562 0.817365 0.179739 0.149701
