1 0.340143 0.104353 0.330466 0.141741
1 0.132258 0.113839 0.072401 0.142857
1 0.379211 0.391741 0.246595 0.392857
1 0.626523 0.416853 0.163441 0.436384
1 0.753047 0.245536 0.079570 0.093750
1 0.753047 0.385045 0.079570 0.165179
1 0.445878 0.534040 0.113262 0.175223
1 0.753047 0.525670 0.079570 0.116071
1 0.293548 0.629464 0.075269 0.082589
1 0.362366 0.683594 0.053763 0.190848
1 0.600717 0.727121 0.111828 0.271205
1 0.727599 0.727121 0.130466 0.271205
1 0.403226 0.667411 0.027957 0.075893
1 0.448029 0.744978 0.108961 0.231027
1 0.293548 0.770089 0.075269 0.180804
1 0.357706 0.824219 0.058781 0.072545
1 0.369176 0.928571 0.081720 0.089286
1 0.660215 0.925781 0.083154 0.081473
