1 0.093590 0.303955 0.116850 0.241699
1 0.246520 0.275635 0.175092 0.176270
1 0.382784 0.336670 0.083516 0.298340
1 0.400366 0.234375 0.048352 0.093750
1 0.484432 0.234375 0.105861 0.093750
1 0.667216 0.298096 0.176190 0.219238
1 0.800733 0.298096 0.090842 0.219238
1 0.902381 0.266113 0.113919 0.155273
1 0.484432 0.380859 0.105861 0.180664
1 0.906044 0.447510 0.106593 0.207520
1 0.246520 0.461670 0.175092 0.177246
1 0.658242 0.483643 0.158242 0.135254
1 0.765751 0.483643 0.044322 0.135254
1 0.820330 0.483643 0.051648 0.135254
1 0.403663 0.510010 0.041758 0.080566
1 0.484432 0.515381 0.105861 0.069824
1 0.358608 0.521729 0.035165 0.057129
1 0.401099 0.643555 0.159707 0.167969
1 0.512637 0.639160 0.049451 0.159180
1 0.851465 0.639648 0.215751 0.160156
