1 0.657965 0.066993 0.337168 0.133987
1 0.142478 0.451525 0.185841 0.587146
1 0.425221 0.296296 0.360177 0.276688
1 0.735398 0.277233 0.240708 0.238562
1 0.678319 0.494553 0.124779 0.172113
1 0.802212 0.494553 0.107080 0.172113
1 0.211947 0.431917 0.000885 0.001089
1 0.282301 0.526688 0.146903 0.188453
1 0.480531 0.589869 0.249558 0.310458
1 0.735841 0.667756 0.239823 0.154684
1 0.241593 0.688453 0.065487 0.113290
1 0.315487 0.688453 0.068142 0.113290
1 0.309292 0.813181 0.169027 0.092593
1 0.718142 0.826797 0.252212 0.119826
