1 0.427639 0.255666 0.359431 0.259293
1 0.169632 0.257026 0.132859 0.254760
1 0.709371 0.256120 0.192171 0.185857
1 0.562871 0.315050 0.088968 0.067996
1 0.435350 0.556664 0.049822 0.012693
1 0.169632 0.735721 0.130486 0.339982
1 0.300712 0.601541 0.100830 0.053490
1 0.484579 0.643699 0.255042 0.137806
1 0.712930 0.643699 0.187426 0.137806
1 0.300712 0.673164 0.100830 0.078876
1 0.305457 0.776519 0.110320 0.118767
1 0.441281 0.800544 0.149466 0.166818
1 0.661329 0.800544 0.290629 0.166818
1 0.305457 0.862647 0.110320 0.042611
1 0.423488 0.931097 0.132859 0.070716
