1 0.727534 0.127544 0.218740 0.185436
1 0.795491 0.222298 0.082827 0.118951
1 0.682603 0.348937 0.128878 0.244686
1 0.794212 0.379692 0.085385 0.183175
1 0.301247 0.546811 0.264151 0.245138
1 0.525744 0.497965 0.175887 0.147445
1 0.639111 0.539575 0.041893 0.123926
1 0.684682 0.539575 0.041573 0.123926
1 0.773585 0.602216 0.126639 0.249209
1 0.523505 0.623474 0.180365 0.091814
1 0.662296 0.668476 0.083147 0.116689
1 0.256956 0.767752 0.175568 0.183175
1 0.480972 0.767752 0.265430 0.183175
1 0.460185 0.720715 0.040294 0.089100
