1 0.307742 0.090724 0.512258 0.126402
1 0.146452 0.262997 0.184516 0.175331
1 0.590968 0.323649 0.683871 0.296636
1 0.354839 0.483180 0.211613 0.262997
1 0.149677 0.425586 0.178065 0.133537
1 0.482581 0.620795 0.185806 0.297655
1 0.760000 0.567788 0.345806 0.177370
1 0.146452 0.557594 0.184516 0.114169
1 0.221935 0.739042 0.335484 0.232416
1 0.648387 0.661060 0.122581 0.076453
1 0.760000 0.759939 0.345806 0.190622
1 0.486452 0.817023 0.172903 0.076453
1 0.454194 0.925076 0.307097 0.094801
1 0.620645 0.941386 0.010323 0.056065
