1 0.050793 0.281427 0.067003 0.447339
1 0.202089 0.178369 0.211095 0.238958
1 0.371758 0.152322 0.128242 0.186863
1 0.632925 0.211212 0.128963 0.295583
1 0.742795 0.116648 0.077810 0.106455
1 0.846542 0.082106 0.119597 0.037373
1 0.523775 0.283692 0.063401 0.438279
1 0.846542 0.278029 0.119597 0.343148
1 0.742795 0.211778 0.077810 0.065685
1 0.725144 0.378822 0.113112 0.252548
1 0.334654 0.306908 0.043948 0.106455
1 0.397334 0.319932 0.071326 0.132503
1 0.249280 0.340883 0.116715 0.156285
1 0.143732 0.400906 0.094380 0.208381
1 0.229467 0.434315 0.068444 0.141563
1 0.615994 0.436014 0.095101 0.138165
1 0.762608 0.436014 0.038184 0.138165
1 0.334654 0.407135 0.043948 0.078143
1 0.399496 0.451869 0.067003 0.106455
1 0.288184 0.465459 0.038905 0.079275
1 0.333213 0.480181 0.046830 0.049830
1 0.846542 0.480747 0.119597 0.048698
1 0.380043 0.614949 0.092939 0.181200
1 0.238112 0.697622 0.051153 0.117780
1 0.380043 0.785391 0.092939 0.141563
1 0.238112 0.808041 0.051153 0.084938
