1 0.728378 0.279481 0.291892 0.091981
1 0.474324 0.389151 0.194595 0.264151
1 0.651351 0.427476 0.159459 0.182783
1 0.806081 0.449292 0.136486 0.226415
1 0.437838 0.491156 0.121622 0.050708
1 0.601351 0.587264 0.259459 0.132075
1 0.420946 0.548939 0.087838 0.053066
1 0.806081 0.667453 0.136486 0.198113
1 0.420946 0.636792 0.087838 0.110849
1 0.661486 0.692217 0.139189 0.148585
1 0.528378 0.687500 0.113514 0.056604
1 0.420946 0.731722 0.087838 0.069575
1 0.529054 0.816627 0.104054 0.182783
1 0.420946 0.843160 0.098649 0.134434
