1 0.173352 0.164000 0.252149 0.221333
1 0.374642 0.173333 0.130372 0.197333
1 0.786533 0.182667 0.169054 0.194667
1 0.212034 0.581333 0.286533 0.576000
1 0.382521 0.356000 0.111748 0.120000
1 0.577364 0.438667 0.157593 0.269333
1 0.737822 0.438667 0.263610 0.269333
1 0.382521 0.497333 0.111748 0.141333
1 0.396848 0.652000 0.083095 0.146667
1 0.577364 0.728000 0.157593 0.288000
1 0.715616 0.728000 0.107450 0.288000
1 0.822350 0.658667 0.094556 0.149333
1 0.140401 0.757333 0.143266 0.224000
1 0.398997 0.801333 0.078797 0.136000
1 0.822350 0.808000 0.094556 0.128000
