1 0.512037 0.217803 0.296296 0.185606
1 0.427315 0.450000 0.439815 0.250000
1 0.743519 0.370455 0.183333 0.090909
1 0.743519 0.472727 0.183333 0.104545
1 0.263426 0.502652 0.169444 0.140152
1 0.743519 0.601894 0.183333 0.144697
1 0.553241 0.662500 0.097222 0.175000
1 0.262037 0.663636 0.166667 0.172727
1 0.375463 0.622348 0.049074 0.090152
1 0.452315 0.624242 0.093519 0.093939
1 0.638889 0.625758 0.062963 0.096970
1 0.375463 0.710985 0.049074 0.078030
1 0.452315 0.712121 0.093519 0.075758
1 0.686574 0.714394 0.158333 0.071212
1 0.803241 0.714394 0.063889 0.071212
1 0.576852 0.810606 0.190741 0.093939
1 0.760185 0.800000 0.164815 0.072727
