1 0.126147 0.215369 0.119266 0.279024
1 0.521789 0.114446 0.644495 0.062665
1 0.327982 0.250000 0.256881 0.197889
1 0.521789 0.285620 0.644495 0.269129
1 0.522936 0.313325 0.122324 0.071240
1 0.773700 0.387203 0.140673 0.065963
1 0.125382 0.696900 0.120795 0.352902
1 0.246177 0.557718 0.094801 0.060026
1 0.470566 0.607850 0.343272 0.160290
1 0.745795 0.607850 0.198012 0.160290
1 0.246177 0.640172 0.094801 0.095646
1 0.776758 0.773087 0.136086 0.179420
1 0.243502 0.777375 0.089450 0.170844
1 0.395642 0.777375 0.204128 0.170844
1 0.602829 0.777375 0.201070 0.170844
1 0.670872 0.769459 0.064985 0.050792
1 0.670872 0.831135 0.064985 0.063325
1 0.554664 0.908311 0.124618 0.067282
