1 0.299863 0.140000 0.162568 0.178947
1 0.129781 0.169474 0.172131 0.120000
1 0.475410 0.347368 0.158470 0.446316
1 0.605874 0.222105 0.086066 0.195789
1 0.747268 0.275789 0.183060 0.303158
1 0.904372 0.275789 0.114754 0.303158
1 0.096995 0.334737 0.106557 0.164211
1 0.230191 0.334737 0.146175 0.164211
1 0.349727 0.340000 0.076503 0.174737
1 0.605874 0.380000 0.086066 0.094737
1 0.135246 0.654737 0.183060 0.454737
1 0.310792 0.498947 0.154372 0.143158
1 0.644126 0.573684 0.162568 0.267368
1 0.847678 0.665263 0.228142 0.450526
1 0.434426 0.610526 0.240437 0.058947
1 0.317623 0.745263 0.168033 0.273684
1 0.461749 0.761053 0.295082 0.242105
1 0.669399 0.767368 0.112022 0.098947
1 0.671448 0.901053 0.124317 0.117895
