1 0.112691 0.133789 0.062363 0.097656
1 0.198031 0.133789 0.090810 0.097656
1 0.309354 0.151367 0.115427 0.132812
1 0.533370 0.173584 0.317287 0.177246
1 0.813731 0.171631 0.225930 0.173340
1 0.162473 0.262939 0.161926 0.145996
1 0.432440 0.357422 0.361597 0.264648
1 0.700219 0.332764 0.156455 0.141113
1 0.820842 0.301025 0.067287 0.069824
1 0.894967 0.301025 0.063457 0.069824
1 0.236050 0.416260 0.309081 0.146973
1 0.827681 0.416748 0.198031 0.145996
1 0.670952 0.427979 0.097921 0.033691
1 0.244803 0.605713 0.152626 0.034668
1 0.120350 0.635498 0.078775 0.078613
1 0.419311 0.676514 0.178884 0.160645
1 0.683807 0.766113 0.332604 0.339844
1 0.244803 0.693848 0.152626 0.125977
1 0.120350 0.719482 0.078775 0.074707
1 0.294858 0.850342 0.427790 0.171387
1 0.569201 0.872314 0.103392 0.127441
