1 0.269687 0.021324 0.043184 0.035915
1 0.065622 0.115039 0.087214 0.122334
1 0.128704 0.087542 0.032176 0.067340
1 0.186706 0.115039 0.071973 0.122334
1 0.171465 0.192480 0.298899 0.277217
1 0.433108 0.115039 0.087214 0.120090
1 0.496613 0.115039 0.033023 0.120090
1 0.554615 0.117845 0.071126 0.125701
1 0.641829 0.117845 0.091448 0.125701
1 0.823455 0.120090 0.099069 0.123457
1 0.925064 0.120090 0.097375 0.123457
1 0.453429 0.255892 0.127858 0.150393
1 0.602456 0.255892 0.170195 0.150393
1 0.837849 0.260382 0.127858 0.148148
1 0.939458 0.260382 0.068586 0.148148
1 0.083404 0.315937 0.122777 0.133558
1 0.419560 0.315937 0.060119 0.133558
1 0.798052 0.294613 0.048264 0.079686
1 0.113463 0.399551 0.040644 0.109989
1 0.522015 0.403479 0.134632 0.117845
1 0.663844 0.405163 0.116850 0.121212
1 0.869179 0.406285 0.204064 0.116723
1 0.722693 0.572391 0.048264 0.044893
1 0.644793 0.590909 0.048264 0.043771
1 0.714225 0.653199 0.087214 0.107744
1 0.650720 0.667789 0.056732 0.101010
1 0.586791 0.679574 0.076207 0.117845
1 0.737934 0.745230 0.065199 0.103255
1 0.643099 0.831650 0.158340 0.226712
1 0.749365 0.829966 0.062659 0.081930
1 0.757409 0.893378 0.070279 0.040404
