1 0.137487 0.254132 0.190525 0.301653
1 0.614830 0.286157 0.195675 0.357438
1 0.785273 0.376033 0.126674 0.152893
1 0.914521 0.614669 0.115345 0.464876
1 0.435118 0.570248 0.087539 0.342975
1 0.071061 0.475207 0.057673 0.123967
1 0.137487 0.630165 0.190525 0.433884
1 0.272915 0.540289 0.074150 0.154959
1 0.348095 0.540289 0.070031 0.154959
1 0.665808 0.567149 0.093718 0.204545
1 0.782698 0.541322 0.131823 0.140496
1 0.565911 0.551653 0.097837 0.157025
1 0.071061 0.599174 0.057673 0.107438
1 0.638517 0.590909 0.039135 0.041322
1 0.773944 0.643595 0.114315 0.051653
1 0.833677 0.698347 0.029866 0.161157
1 0.565911 0.729339 0.097837 0.219008
1 0.309475 0.650826 0.147271 0.053719
1 0.625129 0.705579 0.043254 0.055785
1 0.681256 0.728306 0.062822 0.101240
1 0.773944 0.728306 0.114315 0.101240
1 0.253347 0.706612 0.035015 0.041322
1 0.273429 0.731405 0.075180 0.090909
1 0.349125 0.731405 0.067971 0.090909
1 0.800206 0.757231 0.028836 0.043388
1 0.628733 0.760331 0.036045 0.037190
1 0.653965 0.822314 0.092688 0.049587
