1 0.623188 0.140379 0.184783 0.157729
1 0.815217 0.162461 0.184783 0.201893
1 0.623188 0.335962 0.184783 0.220820
1 0.769928 0.310726 0.094203 0.082019
1 0.815217 0.353312 0.184783 0.167192
1 0.377717 0.567035 0.273551 0.443218
1 0.163043 0.440063 0.141304 0.082019
1 0.860507 0.473186 0.094203 0.063091
1 0.520833 0.527603 0.389493 0.162461
1 0.765399 0.510252 0.085145 0.105678
1 0.166667 0.520505 0.134058 0.066246
1 0.815217 0.642744 0.184783 0.263407
1 0.167572 0.674290 0.146739 0.228707
1 0.622283 0.660095 0.186594 0.102524
1 0.423913 0.694006 0.195652 0.160883
1 0.572464 0.745268 0.086957 0.058360
1 0.670290 0.745268 0.090580 0.058360
1 0.682065 0.809937 0.070652 0.042587
