1 0.624211 0.076402 0.352524 0.104449
1 0.126972 0.123791 0.179811 0.193424
1 0.316246 0.123791 0.181388 0.193424
1 0.730678 0.207930 0.139590 0.270793
1 0.557571 0.210832 0.219243 0.145068
1 0.063091 0.314313 0.052050 0.166344
1 0.157729 0.314313 0.118297 0.166344
1 0.191640 0.264023 0.050473 0.065764
1 0.316246 0.314313 0.181388 0.166344
1 0.474763 0.323501 0.053628 0.142166
1 0.655757 0.344294 0.289432 0.100580
1 0.098975 0.451161 0.123817 0.086074
1 0.303233 0.575435 0.136435 0.201161
1 0.483833 0.575435 0.205836 0.201161
1 0.139590 0.526112 0.059937 0.040619
1 0.322950 0.766925 0.175868 0.158607
1 0.468060 0.735493 0.095426 0.095745
1 0.503549 0.766925 0.166404 0.158607
1 0.347003 0.805126 0.132492 0.082205
1 0.290221 0.908124 0.111987 0.094778
