1 0.188257 0.165448 0.320823 0.137112
1 0.109564 0.374771 0.161017 0.241316
1 0.236683 0.374771 0.085956 0.241316
1 0.378935 0.378428 0.186441 0.248629
1 0.601090 0.375686 0.146489 0.243144
1 0.731235 0.375686 0.104116 0.243144
1 0.157385 0.641682 0.256659 0.277879
1 0.378935 0.569470 0.186441 0.133455
1 0.655569 0.686472 0.255448 0.363803
1 0.756053 0.566728 0.054479 0.124314
1 0.598063 0.751371 0.140436 0.234004
1 0.378935 0.752285 0.186441 0.232176
1 0.113801 0.749543 0.169492 0.223035
1 0.066586 0.803473 0.075061 0.122486
1 0.243947 0.828154 0.081114 0.080439
1 0.165254 0.924132 0.277240 0.074954
