1 0.183306 0.151124 0.238953 0.084270
1 0.637480 0.158989 0.230769 0.079775
1 0.143208 0.291011 0.155483 0.166292
1 0.324059 0.291011 0.189853 0.166292
1 0.703764 0.349438 0.360065 0.271910
1 0.179214 0.429775 0.220949 0.100000
1 0.377250 0.401685 0.083470 0.043820
1 0.333879 0.482584 0.170213 0.104494
1 0.612111 0.515730 0.173486 0.060674
1 0.795417 0.548876 0.176759 0.126966
1 0.333061 0.572472 0.152209 0.061798
1 0.562193 0.582584 0.073650 0.059551
1 0.653028 0.582584 0.091653 0.059551
1 0.565466 0.652247 0.109656 0.057303
1 0.684943 0.679775 0.112930 0.112360
1 0.632570 0.858427 0.234043 0.235955
