1 0.747340 0.068113 0.377660 0.124117
1 0.156915 0.172553 0.186170 0.084763
1 0.403369 0.318870 0.246454 0.339051
1 0.722518 0.282543 0.391844 0.266398
1 0.167553 0.292634 0.203901 0.125126
1 0.171099 0.413219 0.196809 0.103935
1 0.570922 0.524218 0.234043 0.216953
1 0.809397 0.459132 0.218085 0.072654
1 0.169326 0.521191 0.189716 0.091826
1 0.361702 0.533804 0.163121 0.074672
1 0.778369 0.603935 0.280142 0.202825
1 0.254433 0.672553 0.377660 0.188698
1 0.540780 0.672553 0.170213 0.065590
1 0.698582 0.831988 0.443262 0.214934
1 0.365248 0.857215 0.177305 0.140262
