1 0.511601 0.373005 0.127610 0.464096
1 0.704176 0.373005 0.241299 0.464096
1 0.158353 0.251995 0.256381 0.203457
1 0.349478 0.265293 0.113109 0.230053
1 0.057135 0.436170 0.053944 0.130319
1 0.106729 0.413564 0.033643 0.085106
1 0.146752 0.487367 0.034803 0.232713
1 0.232019 0.487367 0.122970 0.232713
1 0.335847 0.500000 0.070766 0.207447
1 0.392111 0.500000 0.027842 0.207447
1 0.076856 0.535904 0.093387 0.135638
1 0.143561 0.640957 0.053944 0.037234
1 0.353828 0.676197 0.104408 0.107713
1 0.316995 0.766622 0.046984 0.038564
