1 0.535639 0.170366 0.811321 0.294118
1 0.553459 0.225860 0.742138 0.183130
1 0.566038 0.237514 0.716981 0.159822
1 0.345912 0.465039 0.406709 0.270810
1 0.740042 0.441176 0.356394 0.223085
1 0.655136 0.623751 0.186583 0.130966
1 0.839623 0.586570 0.157233 0.056604
1 0.468553 0.730855 0.161426 0.260821
1 0.289308 0.691454 0.293501 0.170921
1 0.839623 0.679245 0.157233 0.115427
1 0.655136 0.733074 0.186583 0.074362
1 0.740042 0.837403 0.356394 0.187569
1 0.288260 0.854051 0.291405 0.154273
1 0.491614 0.899556 0.115304 0.063263
