1 0.521172 0.211131 0.085115 0.044767
1 0.169803 0.307925 0.061591 0.175439
1 0.291916 0.311252 0.163815 0.182093
1 0.423439 0.311252 0.090676 0.182093
1 0.618905 0.278887 0.090676 0.117362
1 0.743157 0.343618 0.149273 0.246824
1 0.521172 0.353297 0.084260 0.227465
1 0.617194 0.371748 0.029940 0.056261
1 0.615911 0.405324 0.096664 0.123412
1 0.478400 0.575923 0.678785 0.336358
1 0.503849 0.512704 0.049615 0.079250
1 0.548332 0.512704 0.030796 0.079250
1 0.599872 0.512099 0.053464 0.065941
1 0.600513 0.728070 0.047904 0.032063
1 0.271172 0.791591 0.066724 0.055051
1 0.600299 0.784634 0.085971 0.041137
1 0.271172 0.852087 0.084688 0.039322
