1 0.200000 0.099129 0.133333 0.102397
1 0.810145 0.244009 0.082126 0.169935
1 0.579710 0.323529 0.092754 0.294118
1 0.744444 0.481481 0.227053 0.610022
1 0.908213 0.398693 0.090821 0.444444
1 0.077295 0.248366 0.073430 0.139434
1 0.150242 0.244009 0.057005 0.130719
1 0.275845 0.360566 0.180676 0.363834
1 0.415459 0.396514 0.086957 0.435730
1 0.016908 0.392157 0.028019 0.135076
1 0.103865 0.403050 0.126570 0.148148
1 0.602899 0.474946 0.046377 0.078431
1 0.579710 0.632898 0.092754 0.307190
1 0.800483 0.636166 0.114976 0.300654
1 0.110628 0.632898 0.140097 0.289760
1 0.275845 0.660131 0.180676 0.235294
1 0.211594 0.735294 0.052174 0.084967
1 0.264734 0.736383 0.044444 0.082789
1 0.269082 0.843137 0.093720 0.069717
