1 0.745921 0.162510 0.374514 0.099759
1 0.174048 0.192679 0.198912 0.158488
1 0.365579 0.193081 0.171717 0.159292
1 0.247086 0.223652 0.052836 0.062751
1 0.628594 0.294047 0.139860 0.148833
1 0.716783 0.232100 0.025641 0.024940
1 0.747086 0.232100 0.024087 0.024940
1 0.849262 0.311344 0.167832 0.183427
1 0.715229 0.291231 0.089355 0.054706
1 0.151904 0.374095 0.154623 0.191472
1 0.344600 0.374095 0.213675 0.191472
1 0.690754 0.397828 0.138306 0.147224
1 0.827117 0.422767 0.212121 0.097345
1 0.586247 0.423572 0.055167 0.095736
1 0.102176 0.448914 0.055167 0.138375
1 0.434732 0.689059 0.112665 0.078037
1 0.403652 0.778359 0.050505 0.084473
1 0.473193 0.824618 0.073038 0.176991
