1 0.157227 0.146030 0.068359 0.192463
1 0.304199 0.146030 0.211914 0.192463
1 0.456543 0.189098 0.063477 0.084791
1 0.720703 0.275908 0.326172 0.088829
1 0.225098 0.325707 0.204102 0.148048
1 0.439453 0.388291 0.210938 0.273217
1 0.082031 0.312248 0.048828 0.086137
1 0.666992 0.473082 0.244141 0.262450
1 0.887207 0.405114 0.170898 0.126514
1 0.275391 0.448856 0.103516 0.152086
1 0.170410 0.467026 0.090820 0.115747
1 0.887207 0.644684 0.170898 0.331090
1 0.225098 0.671602 0.204102 0.277254
1 0.448242 0.626514 0.228516 0.187079
1 0.565918 0.710633 0.145508 0.199192
1 0.717285 0.710633 0.143555 0.199192
1 0.458008 0.744280 0.054688 0.131898
1 0.378906 0.769179 0.089844 0.082100
1 0.414551 0.887618 0.149414 0.135935
