1 0.273328 0.295903 0.462675 0.546282
1 0.167185 0.378604 0.230171 0.223065
1 0.365086 0.378604 0.165630 0.223065
1 0.610420 0.382398 0.101089 0.230653
1 0.749222 0.500759 0.170295 0.467375
1 0.876750 0.361153 0.167185 0.188164
1 0.898911 0.597876 0.122862 0.273141
1 0.387636 0.531866 0.120529 0.138088
1 0.243390 0.611533 0.163297 0.242792
1 0.105754 0.615326 0.107309 0.235205
1 0.610420 0.619120 0.101089 0.230653
1 0.814930 0.591047 0.059098 0.107739
1 0.300156 0.601669 0.049767 0.086495
1 0.708398 0.652504 0.088647 0.163885
1 0.416796 0.666920 0.055988 0.119879
1 0.356143 0.669196 0.054432 0.121396
1 0.300156 0.691958 0.049767 0.081942
1 0.814930 0.701062 0.059098 0.066768
1 0.245723 0.820941 0.125972 0.136571
