1 0.383117 0.238822 0.259740 0.362050
1 0.169481 0.159760 0.154545 0.151581
1 0.252597 0.220284 0.001299 0.272628
1 0.544805 0.135224 0.061039 0.095965
1 0.611688 0.135224 0.062338 0.095965
1 0.746104 0.154308 0.193506 0.134133
1 0.051948 0.233915 0.051948 0.136314
1 0.577922 0.274264 0.129870 0.171210
1 0.746104 0.293348 0.193506 0.133043
1 0.169481 0.298800 0.154545 0.115594
1 0.598701 0.312432 0.088312 0.094875
1 0.380519 0.572519 0.254545 0.089422
1 0.170130 0.660305 0.155844 0.201745
1 0.221429 0.586150 0.053247 0.053435
1 0.573377 0.619411 0.118182 0.117775
1 0.698052 0.637405 0.118182 0.153762
1 0.805195 0.603053 0.083117 0.085060
1 0.904545 0.742094 0.089610 0.280262
1 0.380519 0.683206 0.254545 0.131952
1 0.520779 0.655943 0.025974 0.044711
1 0.805195 0.682116 0.083117 0.064340
1 0.570130 0.751363 0.124675 0.137405
1 0.687013 0.804253 0.096104 0.171210
1 0.788312 0.748637 0.106494 0.059978
1 0.379221 0.835878 0.251948 0.173391
1 0.538312 0.787350 0.053247 0.065431
1 0.170130 0.798800 0.155844 0.075245
1 0.790909 0.836423 0.111688 0.106870
1 0.572078 0.857688 0.120779 0.064340
1 0.160390 0.910578 0.162338 0.124318
1 0.687662 0.929117 0.341558 0.058888
