1 0.920240 0.386144 0.129788 0.664876
1 0.155232 0.211600 0.156089 0.313641
1 0.292739 0.160580 0.107490 0.211600
1 0.419383 0.160580 0.134362 0.211600
1 0.523728 0.160580 0.062893 0.211600
1 0.598914 0.186896 0.077187 0.264232
1 0.740995 0.186896 0.195540 0.264232
1 0.299600 0.425886 0.149800 0.297530
1 0.438822 0.497315 0.128645 0.440387
1 0.670955 0.497315 0.335620 0.440387
1 0.148085 0.476907 0.141795 0.195489
1 0.342481 0.517186 0.053745 0.114930
1 0.259863 0.674544 0.069182 0.135338
1 0.331046 0.664876 0.053745 0.116004
