1 0.407765 0.292803 0.021591 0.253788
1 0.451136 0.178788 0.059848 0.025758
1 0.542045 0.178788 0.056061 0.025758
1 0.490530 0.263258 0.040909 0.184091
1 0.280492 0.255682 0.091288 0.167424
1 0.354167 0.255682 0.056061 0.167424
1 0.445076 0.276515 0.045455 0.157576
1 0.476326 0.222348 0.012500 0.049242
1 0.540530 0.292803 0.056061 0.190152
1 0.224432 0.294318 0.011742 0.037121
1 0.318182 0.363258 0.043182 0.067424
1 0.496591 0.365530 0.028788 0.044697
1 0.279735 0.380303 0.032955 0.072727
1 0.361932 0.380303 0.040530 0.072727
1 0.247348 0.381061 0.025000 0.071212
1 0.329356 0.400000 0.020833 0.033333
1 0.307576 0.409091 0.018182 0.015152
1 0.306629 0.437879 0.020833 0.024242
1 0.195833 0.473485 0.018182 0.024242
1 0.191288 0.578030 0.035606 0.172727
1 0.254167 0.542045 0.081818 0.096212
1 0.253409 0.643182 0.084848 0.089394
1 0.191288 0.724242 0.035606 0.113636
1 0.253409 0.737500 0.084848 0.087121
1 0.195265 0.798864 0.017803 0.023485
