1 0.922386 0.171577 0.131996 0.277296
1 0.056494 0.248700 0.045407 0.303293
1 0.165787 0.248700 0.160507 0.303293
1 0.299366 0.164645 0.093981 0.135182
1 0.396515 0.248700 0.087645 0.303293
1 0.499472 0.262565 0.105597 0.331023
1 0.628828 0.238302 0.138332 0.282496
1 0.775607 0.238302 0.142555 0.282496
1 0.891763 0.240901 0.070750 0.138648
1 0.301478 0.324090 0.089757 0.145581
1 0.922386 0.550260 0.131996 0.448873
1 0.652587 0.577123 0.187962 0.377816
1 0.799894 0.436742 0.093981 0.097054
1 0.240760 0.589255 0.242872 0.353553
1 0.470961 0.662045 0.217529 0.499133
1 0.058078 0.611785 0.086589 0.363951
1 0.777191 0.629983 0.139388 0.272097
1 0.659979 0.868284 0.126716 0.142114
