1 0.662393 0.164269 0.230769 0.086331
1 0.164957 0.164868 0.234188 0.085132
1 0.670940 0.298561 0.244444 0.153477
1 0.867521 0.298561 0.206838 0.153477
1 0.129060 0.353118 0.158974 0.260192
1 0.341880 0.346523 0.266667 0.247002
1 0.620513 0.472422 0.143590 0.184652
1 0.835043 0.432854 0.271795 0.105516
1 0.827350 0.455036 0.071795 0.061151
1 0.309402 0.519185 0.201709 0.098321
1 0.446154 0.521583 0.058120 0.093525
1 0.917949 0.520384 0.092308 0.088729
1 0.125641 0.528777 0.152137 0.079137
1 0.781197 0.526978 0.164103 0.075540
1 0.243590 0.556355 0.070085 0.023981
1 0.242735 0.610911 0.085470 0.056355
1 0.123932 0.651679 0.138462 0.135492
1 0.129915 0.836331 0.140171 0.224221
