1 0.340026 0.228730 0.514249 0.334155
1 0.595207 0.268187 0.633420 0.255240
1 0.219560 0.615290 0.273316 0.421702
1 0.433290 0.486436 0.138601 0.163995
1 0.553109 0.486436 0.085492 0.163995
1 0.650259 0.450062 0.090674 0.091245
1 0.808290 0.486436 0.207254 0.163995
1 0.650259 0.536375 0.090674 0.064118
1 0.577073 0.651665 0.441710 0.151665
1 0.859456 0.611591 0.104922 0.071517
1 0.640544 0.741060 0.172280 0.170160
1 0.823834 0.741060 0.176166 0.170160
1 0.289508 0.742910 0.133420 0.166461
1 0.400907 0.780518 0.071244 0.091245
1 0.495466 0.780518 0.099741 0.091245
1 0.460492 0.895808 0.190415 0.122072
