1 0.393775 0.168376 0.154263 0.138462
1 0.209066 0.364957 0.198917 0.213675
1 0.514885 0.387179 0.399188 0.258120
1 0.820027 0.383761 0.197564 0.251282
1 0.156969 0.561538 0.094723 0.162393
1 0.259811 0.539316 0.097429 0.117949
1 0.468200 0.641880 0.305819 0.251282
1 0.679973 0.589744 0.182679 0.143590
1 0.848444 0.642735 0.140731 0.249573
1 0.209066 0.687179 0.198917 0.160684
1 0.073748 0.682906 0.041949 0.087179
1 0.656292 0.718803 0.059540 0.097436
1 0.732070 0.718803 0.078484 0.097436
1 0.614344 0.858120 0.156969 0.140171
