1 0.592772 0.106557 0.132686 0.166667
1 0.098166 0.120219 0.133765 0.139344
1 0.416667 0.439891 0.152643 0.732240
1 0.827940 0.263661 0.314995 0.363388
1 0.231122 0.443306 0.204423 0.711749
1 0.295307 0.252049 0.071737 0.329235
1 0.075782 0.508880 0.088997 0.594262
1 0.600324 0.506831 0.140237 0.587432
1 0.106526 0.333333 0.044768 0.226776
1 0.295307 0.514344 0.071737 0.162568
1 0.769148 0.622951 0.197411 0.355191
1 0.928533 0.622951 0.113808 0.355191
1 0.270227 0.659836 0.053937 0.095628
1 0.848706 0.709699 0.038296 0.181694
1 0.701187 0.754098 0.061489 0.092896
1 0.711165 0.905055 0.077131 0.151639
