1 0.575428 0.210963 0.447900 0.292359
1 0.130638 0.485880 0.146190 0.220930
1 0.286159 0.455980 0.149300 0.161130
1 0.498445 0.513289 0.275272 0.275748
1 0.713841 0.471761 0.143079 0.192691
1 0.821928 0.432724 0.060653 0.114618
1 0.904355 0.586379 0.069984 0.305648
1 0.821928 0.551495 0.060653 0.109635
1 0.286159 0.657807 0.149300 0.229236
1 0.747278 0.632890 0.209953 0.116279
1 0.130638 0.688538 0.146190 0.167774
1 0.501555 0.743355 0.269051 0.184385
1 0.244168 0.720100 0.065319 0.104651
1 0.681960 0.766611 0.079316 0.137874
1 0.790047 0.766611 0.124417 0.137874
1 0.351477 0.861296 0.279938 0.141196
