1 0.853543 0.092622 0.248819 0.160126
1 0.085827 0.062009 0.089764 0.089482
1 0.204724 0.094976 0.129134 0.155416
1 0.222835 0.211146 0.363780 0.387755
1 0.487402 0.094976 0.149606 0.155416
1 0.645669 0.094976 0.148031 0.155416
1 0.085827 0.143642 0.089764 0.058085
1 0.529921 0.292779 0.250394 0.224490
1 0.735433 0.288069 0.141732 0.215071
1 0.894488 0.284144 0.157480 0.207221
1 0.393701 0.325746 0.233071 0.158556
1 0.486614 0.374411 0.047244 0.061224
1 0.748031 0.462323 0.166929 0.133438
1 0.906299 0.441130 0.133858 0.087912
1 0.348031 0.515699 0.614173 0.202512
1 0.813386 0.565934 0.118110 0.142857
1 0.926772 0.549451 0.092913 0.109890
1 0.705512 0.587912 0.081890 0.098901
1 0.926772 0.657771 0.092913 0.091052
1 0.705512 0.675039 0.081890 0.056515
1 0.818898 0.788854 0.308661 0.284144
