1 0.227604 0.102781 0.206597 0.144821
1 0.391493 0.072251 0.109375 0.083760
1 0.720833 0.103581 0.178472 0.139386
1 0.847222 0.079124 0.064583 0.090473
1 0.064062 0.161925 0.094792 0.197890
1 0.372222 0.204284 0.147917 0.170077
1 0.847222 0.171835 0.064583 0.085997
1 0.494618 0.219309 0.080208 0.140026
1 0.211285 0.310582 0.173958 0.270780
1 0.667535 0.234015 0.071875 0.111893
1 0.809896 0.234015 0.203125 0.111893
1 0.690799 0.371963 0.118403 0.155051
1 0.815799 0.371963 0.121875 0.155051
1 0.374826 0.370364 0.142708 0.151215
1 0.397569 0.316017 0.097222 0.042519
1 0.496701 0.352142 0.076042 0.107737
1 0.480903 0.591912 0.238889 0.176151
1 0.612500 0.548114 0.138889 0.088555
1 0.299479 0.633792 0.098264 0.206841
1 0.644618 0.639386 0.074653 0.081202
1 0.413194 0.708760 0.103472 0.097826
1 0.576910 0.733056 0.210069 0.146419
1 0.381250 0.785166 0.039583 0.042199
1 0.436632 0.785166 0.056597 0.042199
1 0.612500 0.839035 0.138889 0.149936
1 0.641319 0.782129 0.081250 0.036125
1 0.448611 0.863491 0.174306 0.101023
