1 0.700707 0.028875 0.170645 0.057751
1 0.837754 0.150456 0.082228 0.300912
1 0.345712 0.183891 0.141468 0.215805
1 0.453581 0.183891 0.063660 0.215805
1 0.638815 0.190729 0.292661 0.229483
1 0.124226 0.376140 0.094607 0.141337
1 0.220159 0.376140 0.088417 0.141337
1 0.320513 0.347264 0.096375 0.083587
1 0.505305 0.424772 0.259063 0.238602
1 0.751547 0.525076 0.233422 0.439210
1 0.356322 0.512918 0.167993 0.223404
1 0.483201 0.512918 0.069850 0.223404
1 0.112290 0.534195 0.070734 0.156535
1 0.170645 0.718845 0.187445 0.525836
1 0.576923 0.590426 0.101680 0.068389
1 0.112290 0.659574 0.070734 0.069909
1 0.450044 0.822188 0.348364 0.355623
