1 0.430924 0.253165 0.105221 0.440117
1 0.705221 0.216650 0.313253 0.357352
1 0.102008 0.130477 0.126908 0.183057
1 0.268675 0.187439 0.191968 0.296981
1 0.169880 0.253651 0.085944 0.296981
1 0.083936 0.299416 0.076305 0.139241
1 0.789558 0.403603 0.144578 0.129503
1 0.289157 0.406524 0.151004 0.123661
1 0.081124 0.422590 0.078715 0.087634
1 0.630120 0.434761 0.163052 0.067186
1 0.167871 0.438656 0.081928 0.059396
1 0.167470 0.509250 0.093976 0.048685
1 0.389960 0.741967 0.158233 0.422590
1 0.554618 0.741967 0.156627 0.422590
