1 0.109689 0.175200 0.104498 0.116800
1 0.741869 0.264800 0.091349 0.232000
1 0.407958 0.317600 0.208304 0.334400
1 0.278547 0.207200 0.035294 0.088000
1 0.109689 0.403200 0.104498 0.323200
1 0.258478 0.376000 0.082353 0.214400
1 0.590311 0.358400 0.058131 0.179200
1 0.657785 0.380800 0.069896 0.224000
1 0.848789 0.379200 0.115571 0.220800
1 0.190311 0.328800 0.044291 0.110400
1 0.732872 0.554400 0.109343 0.328000
1 0.210035 0.484000 0.086505 0.177600
1 0.617647 0.588000 0.112803 0.260800
1 0.348789 0.601600 0.089965 0.233600
1 0.452941 0.601600 0.118339 0.233600
1 0.278547 0.532000 0.042215 0.081600
1 0.848789 0.608000 0.115571 0.220800
1 0.148097 0.689600 0.023529 0.214400
1 0.233218 0.650400 0.132872 0.136000
1 0.335640 0.784000 0.096886 0.108800
1 0.728720 0.792000 0.103806 0.112000
1 0.338062 0.906400 0.067128 0.100800
