1 0.416867 0.245856 0.072289 0.207182
1 0.133735 0.198204 0.055422 0.098066
1 0.192169 0.252072 0.056627 0.205801
1 0.297289 0.256215 0.145181 0.214088
1 0.076807 0.227901 0.047590 0.149171
1 0.676506 0.254834 0.033735 0.200276
1 0.747590 0.254834 0.101205 0.200276
1 0.842169 0.247238 0.066265 0.185083
1 0.132831 0.305939 0.053614 0.098066
1 0.091566 0.419199 0.079518 0.205801
1 0.180422 0.504144 0.090964 0.281768
1 0.318675 0.504144 0.185542 0.281768
1 0.682229 0.440608 0.096988 0.154696
1 0.786145 0.496547 0.103614 0.266575
1 0.091566 0.640884 0.079518 0.237569
1 0.714157 0.578729 0.033133 0.102210
1 0.155120 0.624309 0.040361 0.041436
1 0.181627 0.726519 0.080120 0.116022
