1 0.254248 0.217514 0.105882 0.103578
1 0.120261 0.372881 0.146405 0.286252
1 0.369935 0.390772 0.112418 0.322034
1 0.729412 0.425612 0.376471 0.387947
1 0.222876 0.346516 0.043137 0.135593
1 0.254248 0.433145 0.105882 0.308851
1 0.646405 0.514124 0.210458 0.195857
1 0.120261 0.646893 0.146405 0.246704
1 0.313725 0.664783 0.224837 0.210923
1 0.871895 0.696798 0.091503 0.154426
1 0.615033 0.697740 0.147712 0.152542
1 0.730719 0.697740 0.073203 0.152542
1 0.822876 0.697740 0.098039 0.152542
1 0.235294 0.847458 0.083660 0.071563
