1 0.538262 0.153390 0.256809 0.120339
1 0.156291 0.239831 0.185473 0.133898
1 0.335927 0.323729 0.142672 0.179661
1 0.459144 0.323729 0.088197 0.179661
1 0.560311 0.279661 0.103761 0.091525
1 0.721141 0.344068 0.220493 0.220339
1 0.149157 0.492373 0.199741 0.333898
1 0.197795 0.336441 0.053178 0.022034
1 0.560311 0.372034 0.098573 0.076271
1 0.862516 0.470339 0.062257 0.144068
1 0.301556 0.455932 0.073930 0.071186
1 0.476654 0.560169 0.268482 0.279661
1 0.721141 0.577119 0.220493 0.245763
1 0.324254 0.599153 0.119326 0.201695
1 0.454604 0.599153 0.128405 0.201695
1 0.652399 0.635593 0.070039 0.128814
1 0.553826 0.761017 0.114137 0.094915
1 0.553826 0.865254 0.145266 0.072881
