1 0.746593 0.295482 0.284880 0.514863
1 0.151849 0.178359 0.096042 0.271106
1 0.252758 0.178359 0.095393 0.271106
1 0.398443 0.271700 0.175211 0.279429
1 0.053861 0.219382 0.076574 0.162901
1 0.551914 0.215220 0.082414 0.149822
1 0.888060 0.359691 0.173264 0.438763
1 0.688189 0.525565 0.101882 0.432818
1 0.581116 0.410820 0.103180 0.200951
1 0.272875 0.423306 0.268008 0.202140
1 0.080467 0.419738 0.106424 0.192628
1 0.450032 0.492866 0.061648 0.146254
1 0.343284 0.531510 0.010383 0.049941
1 0.379299 0.548751 0.055159 0.084423
1 0.584685 0.586801 0.110318 0.134364
1 0.072356 0.632580 0.090201 0.214031
1 0.188838 0.632580 0.133679 0.214031
1 0.292667 0.558859 0.063595 0.066587
1 0.819922 0.656956 0.161583 0.208086
1 0.368267 0.652200 0.077223 0.174792
1 0.292667 0.670630 0.063595 0.137931
1 0.572031 0.701546 0.085010 0.080856
1 0.638222 0.701546 0.039585 0.080856
1 0.707657 0.818074 0.096690 0.116528
