1 0.336132 0.129630 0.212572 0.119048
1 0.784789 0.133377 0.200096 0.111552
1 0.273992 0.387787 0.336852 0.360229
1 0.613244 0.263668 0.119002 0.111993
1 0.782630 0.322531 0.205374 0.229718
1 0.613004 0.382055 0.118522 0.110670
1 0.352687 0.586640 0.179463 0.298501
1 0.613004 0.567460 0.118522 0.246032
1 0.380518 0.504630 0.123800 0.119489
1 0.782630 0.505732 0.205374 0.119048
1 0.184261 0.672178 0.157390 0.208554
1 0.782630 0.675044 0.205374 0.202822
1 0.613004 0.737434 0.118522 0.078042
1 0.397073 0.740079 0.090691 0.073633
1 0.303263 0.760582 0.079655 0.032628
1 0.299184 0.861332 0.087812 0.135362
1 0.396353 0.856702 0.092131 0.126102
