1 0.777102 0.228477 0.365044 0.150110
1 0.651272 0.422185 0.099004 0.204194
1 0.827987 0.422185 0.248894 0.204194
1 0.215708 0.425497 0.105088 0.197572
1 0.341814 0.480684 0.138274 0.307947
1 0.461560 0.395143 0.093473 0.136865
1 0.104812 0.467991 0.099004 0.220751
1 0.542312 0.398455 0.047013 0.068433
1 0.461560 0.530905 0.093473 0.121413
1 0.769635 0.628587 0.148783 0.208609
1 0.898230 0.628587 0.108407 0.208609
1 0.647124 0.631347 0.090708 0.203091
1 0.233407 0.629691 0.136062 0.195364
1 0.438606 0.649007 0.061947 0.145695
1 0.105088 0.736755 0.099558 0.279249
1 0.492257 0.662804 0.032080 0.129139
1 0.720962 0.681015 0.051438 0.103753
1 0.354535 0.685430 0.097345 0.083885
1 0.336836 0.813466 0.119469 0.128035
