1 0.233372 0.177045 0.382302 0.168498
1 0.100058 0.341880 0.093696 0.117216
1 0.225853 0.539072 0.149798 0.511600
1 0.359746 0.424908 0.109890 0.283272
1 0.511278 0.460928 0.094853 0.350427
1 0.693464 0.460928 0.262580 0.350427
1 0.100058 0.458486 0.093696 0.098901
1 0.745518 0.578144 0.062464 0.115995
1 0.802776 0.578144 0.043956 0.115995
1 0.100347 0.570818 0.089647 0.098901
1 0.334008 0.572650 0.058415 0.073260
1 0.359746 0.684982 0.109890 0.219780
1 0.272412 0.711844 0.056680 0.166056
1 0.102082 0.714896 0.097744 0.159951
1 0.645171 0.724054 0.362637 0.139194
1 0.275882 0.872405 0.070561 0.108669
