1 0.509033 0.176654 0.174283 0.238452
1 0.480871 0.370162 0.103082 0.133583
1 0.567481 0.370162 0.057386 0.133583
1 0.839532 0.389513 0.121148 0.097378
1 0.124336 0.481898 0.055260 0.057428
1 0.200319 0.488140 0.090329 0.069913
1 0.300213 0.521223 0.100956 0.136080
1 0.710414 0.513109 0.100956 0.114856
1 0.830499 0.599251 0.139214 0.287141
1 0.124867 0.553683 0.049947 0.071161
1 0.183316 0.556180 0.056323 0.066167
1 0.230606 0.556804 0.029756 0.064919
1 0.708820 0.658552 0.097768 0.168539
1 0.179065 0.668539 0.164718 0.148564
1 0.277896 0.668539 0.069075 0.148564
1 0.331562 0.668539 0.038257 0.148564
1 0.783741 0.680400 0.079702 0.124844
1 0.847503 0.697878 0.039320 0.089888
1 0.305526 0.790886 0.092455 0.061174
1 0.307120 0.853308 0.087141 0.051186
