1 0.171429 0.197639 0.121008 0.243326
1 0.301681 0.197639 0.121008 0.243326
1 0.464706 0.251027 0.196639 0.350103
1 0.655042 0.158111 0.173950 0.164271
1 0.808403 0.166324 0.124370 0.180698
1 0.705882 0.262834 0.072269 0.121150
1 0.785294 0.328542 0.170588 0.195072
1 0.628992 0.313655 0.131933 0.134497
1 0.215966 0.396304 0.282353 0.131417
1 0.550420 0.378850 0.087395 0.094456
1 0.631513 0.406571 0.064706 0.039014
1 0.681933 0.406571 0.026050 0.039014
1 0.628571 0.463039 0.084034 0.051335
1 0.173529 0.669405 0.126891 0.246407
1 0.304622 0.593429 0.115126 0.094456
1 0.447479 0.620637 0.158824 0.148871
1 0.571429 0.629877 0.070588 0.167351
1 0.679412 0.629877 0.125210 0.167351
1 0.304622 0.720226 0.115126 0.144764
1 0.663025 0.732033 0.157983 0.121150
1 0.473950 0.746920 0.211765 0.091376
1 0.434454 0.852669 0.132773 0.095483
1 0.604202 0.852669 0.186555 0.095483
