1 0.616702 0.233398 0.179872 0.083984
1 0.207709 0.235352 0.171306 0.076172
1 0.282655 0.361328 0.321199 0.242188
1 0.392934 0.290039 0.087794 0.095703
1 0.779443 0.375000 0.128480 0.265625
1 0.622056 0.388672 0.186296 0.285156
1 0.693790 0.263672 0.004283 0.003906
1 0.395075 0.377930 0.083512 0.068359
1 0.748394 0.578125 0.182013 0.140625
1 0.557816 0.563477 0.057816 0.056641
1 0.623126 0.563477 0.064240 0.056641
1 0.611349 0.673828 0.164882 0.156250
1 0.770878 0.689453 0.145610 0.066406
1 0.729122 0.791016 0.066381 0.113281
1 0.805139 0.787109 0.072805 0.105469
