1 0.171004 0.145105 0.288104 0.115385
1 0.392658 0.193473 0.140335 0.212121
1 0.766264 0.144522 0.437732 0.114219
1 0.190520 0.288462 0.098513 0.136364
1 0.283922 0.315851 0.092007 0.191142
1 0.709108 0.377040 0.276952 0.313520
1 0.083178 0.287296 0.101301 0.129371
1 0.399164 0.402681 0.121747 0.166667
1 0.824349 0.378788 0.046468 0.069930
1 0.099442 0.449301 0.135688 0.171329
1 0.245353 0.551282 0.167286 0.372960
1 0.246283 0.683566 0.457249 0.357809
1 0.708643 0.640443 0.277881 0.192308
1 0.098513 0.641608 0.133829 0.192308
1 0.409851 0.907343 0.113383 0.073427
