1 0.658679 0.214960 0.599741 0.184636
1 0.233808 0.432615 0.146373 0.210243
1 0.386010 0.432615 0.142487 0.210243
1 0.604922 0.575472 0.279793 0.495957
1 0.797280 0.382749 0.086788 0.110512
1 0.897668 0.382749 0.101036 0.110512
1 0.796632 0.500000 0.088083 0.107817
1 0.850389 0.548518 0.195596 0.204852
1 0.199482 0.582210 0.077720 0.075472
1 0.354922 0.683288 0.220207 0.277628
1 0.534326 0.696765 0.138601 0.250674
1 0.258420 0.724394 0.195596 0.195418
1 0.850389 0.740566 0.195596 0.165768
1 0.542746 0.895553 0.152850 0.114555
1 0.353627 0.886119 0.196891 0.092992
