1 0.322601 0.238938 0.258838 0.088496
1 0.283460 0.414270 0.377525 0.231195
1 0.733586 0.407080 0.376263 0.212389
1 0.667929 0.550332 0.244949 0.142699
1 0.860480 0.621128 0.122475 0.202434
1 0.192551 0.639381 0.195707 0.219027
1 0.385101 0.613385 0.174242 0.153761
1 0.667929 0.731748 0.244949 0.204646
1 0.385101 0.761615 0.174242 0.142699
1 0.860480 0.782080 0.122475 0.103982
1 0.145833 0.794248 0.102273 0.077434
1 0.247475 0.794248 0.085859 0.077434
1 0.136364 0.907633 0.103535 0.118363
1 0.247475 0.910951 0.103535 0.125000
