1 0.084426 0.410448 0.059016 0.638060
1 0.572336 0.413246 0.056148 0.636194
1 0.210246 0.261660 0.171311 0.308769
1 0.350205 0.241604 0.101230 0.268657
1 0.450000 0.165578 0.089344 0.116604
1 0.689959 0.259795 0.160246 0.299440
1 0.800205 0.187500 0.090574 0.154851
1 0.914549 0.260261 0.130738 0.300373
1 0.403074 0.289646 0.037295 0.111007
1 0.459221 0.301772 0.067623 0.125933
1 0.809836 0.342351 0.071311 0.134328
1 0.740984 0.528451 0.262295 0.381530
1 0.299795 0.533116 0.122541 0.383396
1 0.393033 0.441698 0.057377 0.172575
1 0.458811 0.446362 0.064344 0.138993
1 0.189754 0.565765 0.130328 0.299440
1 0.914344 0.570429 0.131148 0.297575
1 0.356967 0.545243 0.050000 0.144590
1 0.429303 0.621735 0.131557 0.187500
1 0.189344 0.791978 0.090984 0.152985
1 0.323770 0.796642 0.170492 0.143657
1 0.451025 0.811101 0.064344 0.148321
