1 0.219298 0.069498 0.298246 0.115830
1 0.866667 0.250965 0.173099 0.204633
1 0.176023 0.300193 0.181287 0.291506
1 0.416959 0.305019 0.288889 0.301158
1 0.667251 0.292471 0.200000 0.276062
1 0.866667 0.588803 0.173099 0.451737
1 0.558480 0.583012 0.106433 0.285714
1 0.660234 0.486486 0.085380 0.092664
1 0.738012 0.486486 0.058480 0.092664
1 0.127485 0.557915 0.084211 0.204633
1 0.221053 0.530888 0.091228 0.150579
1 0.388889 0.638031 0.232749 0.345560
1 0.692398 0.676641 0.149708 0.268340
1 0.176023 0.713320 0.181287 0.194981
1 0.558480 0.773166 0.106433 0.075290
1 0.544444 0.914093 0.162573 0.156371
