1 0.293931 0.214746 0.157375 0.094656
1 0.778052 0.218287 0.147495 0.084997
1 0.647848 0.361236 0.215949 0.168706
1 0.221595 0.364134 0.303458 0.171925
1 0.805575 0.322279 0.078335 0.086929
1 0.804517 0.442692 0.088920 0.134578
1 0.651023 0.480361 0.209598 0.115905
1 0.137968 0.536059 0.136203 0.171925
1 0.242766 0.491629 0.071983 0.075338
1 0.326041 0.491629 0.094566 0.075338
1 0.289697 0.612041 0.167255 0.153896
1 0.621030 0.614617 0.162315 0.144881
1 0.778052 0.614617 0.141849 0.144881
1 0.134792 0.657759 0.129852 0.062460
1 0.242061 0.740824 0.266761 0.071475
1 0.378617 0.826143 0.140438 0.084997
