1 0.499129 0.265712 0.594077 0.331793
1 0.612369 0.263401 0.168990 0.179298
1 0.748693 0.263401 0.094948 0.179298
1 0.307056 0.687153 0.392857 0.431608
1 0.265244 0.520795 0.126307 0.084104
1 0.426829 0.554067 0.188153 0.150647
1 0.581010 0.551294 0.113240 0.145102
1 0.692073 0.551294 0.100174 0.145102
1 0.769164 0.551294 0.045296 0.145102
1 0.234756 0.596118 0.065331 0.060998
1 0.300523 0.601201 0.055749 0.071165
1 0.239547 0.651571 0.074913 0.049908
1 0.427265 0.719501 0.189024 0.180222
1 0.598868 0.679760 0.154181 0.100739
1 0.703397 0.659889 0.046167 0.060998
1 0.760889 0.659889 0.061847 0.060998
1 0.302700 0.659427 0.051394 0.034196
1 0.265244 0.745379 0.126307 0.128466
1 0.736063 0.751848 0.111498 0.115527
1 0.538328 0.772181 0.026132 0.074861
1 0.590157 0.772181 0.068815 0.074861
1 0.658972 0.772181 0.060105 0.074861
1 0.582317 0.843346 0.091463 0.047135
