1 0.236720 0.177762 0.160027 0.165722
1 0.404050 0.177762 0.158699 0.165722
1 0.712483 0.213881 0.082337 0.090652
1 0.621846 0.214589 0.081673 0.089235
1 0.543161 0.353399 0.062417 0.148725
1 0.621182 0.353399 0.085657 0.148725
1 0.712815 0.353399 0.085657 0.148725
1 0.790837 0.353399 0.062417 0.148725
1 0.220452 0.436969 0.108898 0.313031
1 0.297809 0.302408 0.039177 0.043909
1 0.343293 0.302408 0.038513 0.043909
1 0.420651 0.436969 0.109562 0.313031
1 0.297809 0.373938 0.039177 0.084986
1 0.343293 0.373938 0.038513 0.084986
1 0.297809 0.487960 0.039177 0.128895
1 0.343293 0.487960 0.038513 0.128895
1 0.530544 0.485127 0.037185 0.100567
1 0.588313 0.579320 0.071713 0.288952
1 0.646082 0.493626 0.035857 0.117564
1 0.688247 0.493626 0.036521 0.117564
1 0.745352 0.579320 0.071049 0.288952
1 0.803453 0.485127 0.037185 0.100567
1 0.273904 0.598442 0.086985 0.250708
1 0.368194 0.598442 0.088313 0.250708
1 0.790837 0.633144 0.062417 0.181303
1 0.543161 0.633853 0.062417 0.179887
1 0.633798 0.641643 0.060425 0.164306
1 0.700531 0.641643 0.061089 0.164306
1 0.196879 0.658640 0.061753 0.130312
1 0.444223 0.658640 0.062417 0.130312
1 0.239708 0.785411 0.054449 0.083569
1 0.294489 0.788952 0.047145 0.090652
1 0.346614 0.788952 0.047809 0.090652
1 0.401394 0.785411 0.053785 0.083569
