1 0.705472 0.122482 0.141066 0.124093
1 0.865346 0.138396 0.159305 0.130137
1 0.216586 0.262893 0.148190 0.289686
1 0.360502 0.217566 0.127102 0.199033
1 0.601881 0.263296 0.343118 0.290492
1 0.865346 0.402901 0.159305 0.381950
1 0.363636 0.434932 0.133371 0.217969
1 0.216586 0.536060 0.148190 0.238920
1 0.506697 0.536261 0.149330 0.238517
1 0.632659 0.475423 0.090054 0.116841
1 0.728698 0.536261 0.089484 0.238517
1 0.635794 0.598912 0.096324 0.113215
1 0.328441 0.603948 0.062981 0.103143
1 0.396124 0.603948 0.059846 0.103143
1 0.381733 0.749194 0.156455 0.151894
