1 0.433542 0.164100 0.149458 0.156402
1 0.283657 0.368720 0.182259 0.210697
1 0.534512 0.389992 0.310325 0.253241
1 0.786937 0.363655 0.184826 0.200567
1 0.656018 0.570300 0.167142 0.198947
1 0.780376 0.516005 0.071306 0.090357
1 0.850114 0.516005 0.058471 0.090357
1 0.238876 0.547204 0.092698 0.133306
1 0.333428 0.545989 0.082715 0.130875
1 0.475898 0.645057 0.193098 0.256888
1 0.812037 0.670989 0.134626 0.205024
1 0.283657 0.696921 0.182259 0.153160
1 0.140759 0.696313 0.074444 0.121151
1 0.619224 0.725081 0.083856 0.096840
1 0.700371 0.725081 0.078437 0.096840
1 0.629492 0.870543 0.177410 0.152755
