1 0.264186 0.113911 0.107499 0.134274
1 0.349444 0.128427 0.045908 0.097984
1 0.270602 0.258065 0.120331 0.131452
1 0.372398 0.260484 0.121471 0.136290
1 0.241089 0.319758 0.061306 0.079032
1 0.372398 0.386089 0.121471 0.114919
1 0.283433 0.437500 0.047904 0.168548
1 0.183633 0.384677 0.032506 0.053226
1 0.232820 0.443750 0.044768 0.156048
1 0.619190 0.448589 0.040776 0.044758
1 0.451383 0.566129 0.279441 0.245161
1 0.653693 0.524597 0.111491 0.081452
1 0.269746 0.601815 0.118620 0.147177
1 0.653693 0.699798 0.111491 0.250403
1 0.383234 0.650000 0.099230 0.141935
1 0.269746 0.737702 0.118620 0.174597
1 0.513259 0.756653 0.155689 0.136694
1 0.353436 0.760887 0.039635 0.067742
1 0.403621 0.760887 0.052181 0.067742
1 0.380952 0.833266 0.085543 0.047177
