1 0.571205 0.144678 0.118936 0.187361
1 0.660407 0.111419 0.053208 0.120843
1 0.735524 0.144678 0.203443 0.187361
1 0.813772 0.074834 0.046948 0.047672
1 0.906886 0.143016 0.128326 0.184035
1 0.160798 0.104213 0.127543 0.088692
1 0.262128 0.104213 0.067293 0.088692
1 0.322770 0.081486 0.046166 0.043237
1 0.414710 0.150776 0.129890 0.181818
1 0.057512 0.104767 0.069640 0.078714
1 0.240610 0.175721 0.313772 0.134146
1 0.050469 0.196231 0.055556 0.086475
1 0.499218 0.202882 0.004695 0.042129
1 0.669797 0.345898 0.092332 0.201774
1 0.816901 0.345898 0.192488 0.201774
1 0.949531 0.329268 0.052426 0.157428
1 0.324726 0.352550 0.190923 0.201774
1 0.179186 0.353104 0.092332 0.200665
1 0.440923 0.287140 0.013302 0.055432
1 0.085290 0.296009 0.071987 0.068736
1 0.062598 0.625277 0.050078 0.177384
1 0.196401 0.636364 0.200313 0.181818
1 0.099765 0.801552 0.107199 0.150776
