1 0.117241 0.071293 0.131034 0.085551
1 0.263793 0.256654 0.424138 0.456274
1 0.741379 0.447719 0.413793 0.077947
1 0.262069 0.577947 0.406897 0.163498
1 0.632759 0.574144 0.175862 0.152091
1 0.834483 0.574144 0.206897 0.152091
1 0.593103 0.677757 0.096552 0.039924
1 0.794828 0.701521 0.286207 0.087452
1 0.134483 0.758555 0.151724 0.197719
1 0.337931 0.745247 0.255172 0.171103
1 0.593103 0.724335 0.096552 0.041825
1 0.420690 0.777567 0.089655 0.060837
1 0.629310 0.806084 0.168966 0.110266
1 0.831034 0.806084 0.213793 0.110266
1 0.420690 0.835551 0.089655 0.043726
1 0.293103 0.846958 0.144828 0.020913
