1 0.234627 0.110158 0.428261 0.184137
1 0.693634 0.266929 0.415839 0.097866
1 0.234627 0.371521 0.403416 0.292208
1 0.249379 0.264147 0.037888 0.077458
1 0.816460 0.456633 0.170186 0.349258
1 0.589441 0.412338 0.207453 0.230056
1 0.712578 0.390074 0.086025 0.124304
1 0.248758 0.422078 0.042236 0.046382
1 0.344720 0.592301 0.183230 0.292208
1 0.605745 0.628015 0.240062 0.241187
1 0.169255 0.631725 0.167702 0.228200
1 0.067857 0.579545 0.069876 0.104360
1 0.207609 0.594852 0.077950 0.134972
1 0.551087 0.641929 0.025155 0.055659
1 0.067857 0.689935 0.069876 0.096939
1 0.648758 0.690631 0.150311 0.096475
1 0.816460 0.695501 0.170186 0.106215
1 0.126553 0.828618 0.153106 0.144249
1 0.329969 0.837430 0.235714 0.151670
