1 0.442804 0.157950 0.114391 0.223849
1 0.597478 0.156904 0.100246 0.221757
1 0.523678 0.101464 0.038745 0.094142
1 0.750308 0.259414 0.114391 0.410042
1 0.882534 0.303347 0.145141 0.497908
1 0.110394 0.303347 0.135916 0.485356
1 0.197109 0.155858 0.110086 0.190377
1 0.278905 0.117155 0.052276 0.112971
1 0.517835 0.224895 0.052891 0.135983
1 0.241697 0.261506 0.126691 0.158996
1 0.425277 0.368201 0.079336 0.179916
1 0.476937 0.407950 0.182657 0.259414
1 0.609471 0.407950 0.076261 0.259414
1 0.226630 0.447699 0.091636 0.196653
1 0.298278 0.475941 0.033210 0.207113
1 0.754613 0.512552 0.123001 0.079498
1 0.384686 0.652720 0.000615 0.163180
1 0.477860 0.694561 0.182042 0.246862
1 0.251230 0.699791 0.127306 0.240586
1 0.077798 0.620293 0.090406 0.077406
1 0.155904 0.699791 0.063346 0.236402
1 0.078721 0.747908 0.076261 0.123431
