1 0.792120 0.081135 0.171196 0.106860
1 0.906250 0.085092 0.043478 0.098945
1 0.608016 0.226913 0.172554 0.150396
1 0.785326 0.246042 0.279891 0.188654
1 0.580163 0.340369 0.116848 0.060686
1 0.765625 0.481530 0.319293 0.282322
1 0.560462 0.426121 0.077446 0.097625
1 0.108016 0.428760 0.077446 0.097625
1 0.242527 0.484828 0.175272 0.209763
1 0.332201 0.420185 0.052989 0.080475
1 0.415761 0.422823 0.100543 0.075198
1 0.675951 0.424802 0.042120 0.005277
1 0.406929 0.546174 0.137228 0.158311
1 0.154891 0.554090 0.171196 0.142480
1 0.608016 0.552770 0.172554 0.139842
1 0.288043 0.610158 0.084239 0.030343
1 0.283288 0.775726 0.069293 0.269129
1 0.400815 0.773087 0.149457 0.263852
1 0.815217 0.765172 0.228261 0.248021
