1 0.173448 0.273237 0.164882 0.264423
1 0.360278 0.273237 0.208779 0.264423
1 0.547109 0.271635 0.164882 0.261218
1 0.691113 0.233173 0.112420 0.184295
1 0.691113 0.390224 0.112420 0.113782
1 0.290150 0.455929 0.145610 0.100962
1 0.417024 0.512019 0.146681 0.200321
1 0.528908 0.450321 0.066381 0.076923
1 0.598501 0.512019 0.062099 0.200321
1 0.151499 0.512821 0.120985 0.198718
1 0.691113 0.534455 0.112420 0.155449
1 0.839936 0.538462 0.157388 0.163462
1 0.530514 0.554487 0.063169 0.115385
1 0.245182 0.563301 0.055675 0.097756
1 0.308351 0.548077 0.059957 0.067308
1 0.821734 0.743590 0.193790 0.227564
