1 0.502082 0.050648 0.053435 0.051826
1 0.933727 0.137220 0.117280 0.203769
1 0.502082 0.084217 0.036780 0.003534
1 0.500347 0.247939 0.201249 0.312132
1 0.335531 0.260895 0.125607 0.316843
1 0.707842 0.274441 0.195697 0.343934
1 0.880638 0.227326 0.142956 0.249706
1 0.839348 0.552415 0.200555 0.348645
1 0.908744 0.475265 0.085357 0.194346
1 0.553435 0.503534 0.211659 0.210836
1 0.397641 0.401649 0.004164 0.004711
1 0.402845 0.492933 0.081194 0.177856
1 0.304303 0.516490 0.114504 0.144876
1 0.674879 0.508834 0.029840 0.070671
1 0.720680 0.543581 0.053435 0.140165
1 0.665163 0.650766 0.102012 0.199058
1 0.081888 0.677856 0.129077 0.248528
1 0.229702 0.757951 0.326162 0.401649
1 0.747051 0.717903 0.140874 0.272085
1 0.406662 0.647821 0.088827 0.091873
1 0.613116 0.615430 0.000694 0.001178
1 0.616239 0.636631 0.018043 0.038869
1 0.606176 0.624853 0.000694 0.001178
1 0.162734 0.895760 0.022901 0.031802
