1 0.338665 0.313742 0.205667 0.253311
1 0.724406 0.345199 0.026508 0.193709
1 0.089122 0.288907 0.044790 0.077815
1 0.127057 0.288907 0.027422 0.077815
1 0.165448 0.288907 0.045704 0.077815
1 0.198355 0.290563 0.016453 0.081126
1 0.234004 0.288907 0.049360 0.077815
1 0.082724 0.385762 0.031993 0.109272
1 0.165905 0.385762 0.130713 0.109272
1 0.246801 0.345199 0.023766 0.028146
1 0.241773 0.379967 0.013711 0.034768
1 0.254570 0.379967 0.008227 0.034768
1 0.126600 0.406457 0.052102 0.067881
1 0.154022 0.379967 0.017367 0.014901
1 0.182358 0.406457 0.055759 0.067881
1 0.246801 0.421358 0.023766 0.038079
1 0.219835 0.510762 0.022852 0.124172
1 0.253199 0.494205 0.032907 0.091060
1 0.281536 0.478477 0.018282 0.059603
1 0.309415 0.494205 0.033821 0.091060
1 0.345521 0.494205 0.034735 0.091060
1 0.370201 0.463576 0.009141 0.029801
1 0.339122 0.648179 0.204753 0.399007
1 0.728519 0.494205 0.032907 0.091060
1 0.795704 0.504139 0.097806 0.110927
1 0.810329 0.644868 0.198355 0.392384
1 0.281536 0.526490 0.018282 0.026490
