1 0.114907 0.521626 0.144928 0.294118
1 0.311077 0.482266 0.247412 0.215398
1 0.589545 0.544983 0.127329 0.079585
1 0.310559 0.683824 0.248447 0.187716
1 0.616460 0.631920 0.195652 0.071799
1 0.815217 0.656142 0.187371 0.120242
1 0.839027 0.643599 0.036232 0.008651
1 0.616460 0.760381 0.195652 0.173010
1 0.135611 0.760381 0.184265 0.171280
1 0.402174 0.738322 0.065217 0.078720
1 0.815217 0.772924 0.187371 0.147924
1 0.272257 0.814879 0.074534 0.062284
1 0.375776 0.814879 0.118012 0.062284
1 0.805901 0.898789 0.208075 0.076125
1 0.335921 0.900519 0.212215 0.076125
