1 0.356164 0.138634 0.075745 0.161060
1 0.517325 0.138634 0.075745 0.161060
1 0.139404 0.144750 0.138598 0.156983
1 0.263094 0.124363 0.094279 0.116208
1 0.611604 0.125382 0.095085 0.116208
1 0.735294 0.146279 0.139404 0.158002
1 0.232071 0.203874 0.032232 0.034659
1 0.281225 0.275229 0.058018 0.177370
1 0.592667 0.276249 0.057212 0.175331
1 0.642224 0.204893 0.033844 0.032620
1 0.406930 0.203874 0.017728 0.026504
1 0.456890 0.204383 0.037067 0.027523
1 0.352941 0.272681 0.069299 0.086646
1 0.521354 0.273700 0.069299 0.086646
1 0.109992 0.302752 0.079774 0.138634
1 0.200242 0.284913 0.094279 0.102956
1 0.673247 0.286442 0.095890 0.103976
1 0.764706 0.303262 0.080580 0.137615
1 0.329573 0.344037 0.022562 0.047910
1 0.350524 0.326198 0.012893 0.012232
1 0.367043 0.326198 0.012087 0.012232
1 0.381950 0.326198 0.011281 0.012232
1 0.492345 0.327727 0.011281 0.013252
1 0.507252 0.327727 0.012087 0.013252
1 0.523368 0.327727 0.013699 0.013252
1 0.544722 0.344546 0.022562 0.046891
1 0.167204 0.355759 0.028203 0.030581
1 0.201450 0.351682 0.033844 0.022426
1 0.235294 0.354230 0.025786 0.027523
1 0.638195 0.355250 0.025786 0.027523
1 0.672844 0.352701 0.033844 0.022426
1 0.707494 0.356269 0.027397 0.029562
1 0.373892 0.360347 0.048348 0.033639
1 0.499597 0.361876 0.048348 0.030581
1 0.305399 0.362385 0.017728 0.019368
1 0.568493 0.362895 0.016922 0.018349
1 0.168815 0.388379 0.050766 0.020387
1 0.705479 0.389399 0.050766 0.020387
1 0.140210 0.547910 0.095085 0.158002
1 0.213135 0.505097 0.042707 0.072375
1 0.279210 0.548420 0.082998 0.159021
1 0.587027 0.550459 0.082998 0.161060
1 0.653505 0.506626 0.041902 0.073394
1 0.726027 0.549949 0.095085 0.160041
1 0.367849 0.616208 0.071716 0.164118
1 0.497583 0.618756 0.073328 0.165138
1 0.075342 0.577982 0.023368 0.073394
1 0.789283 0.580020 0.024980 0.071356
1 0.211926 0.589704 0.040290 0.086646
1 0.653102 0.591233 0.041096 0.087666
1 0.278002 0.645770 0.032232 0.023445
1 0.587832 0.648318 0.031426 0.022426
1 0.122079 0.648828 0.081386 0.021407
1 0.211926 0.701835 0.091861 0.127421
1 0.309025 0.647808 0.023368 0.019368
1 0.653505 0.705912 0.090250 0.133537
1 0.743755 0.650866 0.080580 0.023445
1 0.291297 0.713558 0.058824 0.103976
1 0.122079 0.714577 0.081386 0.101937
1 0.574537 0.715596 0.058018 0.103976
1 0.743755 0.717125 0.080580 0.100917
