1 0.317500 0.042667 0.067500 0.035333
1 0.284750 0.148667 0.153500 0.151333
1 0.419000 0.157000 0.107500 0.168000
1 0.656000 0.233167 0.277500 0.313000
1 0.583625 0.235667 0.132750 0.171333
1 0.418875 0.235667 0.033250 0.063333
1 0.636750 0.238500 0.026500 0.029667
1 0.227125 0.239667 0.038250 0.020000
1 0.264750 0.239667 0.029500 0.020000
1 0.352125 0.267167 0.092250 0.075000
1 0.437500 0.317667 0.070500 0.142667
1 0.254625 0.322000 0.093250 0.134000
1 0.607000 0.289833 0.024500 0.063000
1 0.652375 0.324000 0.057750 0.131333
1 0.336000 0.349500 0.060000 0.079000
1 0.348625 0.335333 0.034750 0.050667
1 0.383875 0.349500 0.028750 0.079000
1 0.568250 0.358000 0.102000 0.063333
1 0.358875 0.427333 0.089250 0.051333
1 0.338875 0.601833 0.088250 0.175000
1 0.424750 0.544833 0.073000 0.061000
1 0.522375 0.584667 0.114250 0.140667
1 0.424750 0.618000 0.073000 0.074000
1 0.421500 0.701667 0.042000 0.082667
1 0.477750 0.682500 0.063000 0.044333
1 0.533500 0.701667 0.041000 0.082667
1 0.568625 0.670167 0.021750 0.019667
1 0.598375 0.701667 0.020250 0.052667
1 0.568625 0.701833 0.021750 0.033667
1 0.326375 0.726167 0.063250 0.062333
1 0.379250 0.726167 0.034500 0.062333
1 0.455375 0.726333 0.018250 0.033333
1 0.488750 0.726333 0.041000 0.033333
1 0.568625 0.733333 0.021750 0.019333
1 0.446125 0.794167 0.091250 0.091000
1 0.520500 0.765500 0.049000 0.033667
1 0.564250 0.794167 0.030500 0.091000
1 0.345625 0.801167 0.101750 0.077000
1 0.520500 0.813500 0.049000 0.052333
