1 0.658494 0.250501 0.140105 0.244489
1 0.764448 0.247495 0.050788 0.238477
1 0.844133 0.183367 0.098074 0.110220
1 0.821366 0.261523 0.052539 0.034068
1 0.873030 0.261523 0.040280 0.034068
1 0.844133 0.325651 0.098074 0.082164
1 0.254816 0.634269 0.166375 0.218437
1 0.553415 0.589178 0.056042 0.128257
1 0.662872 0.644289 0.141856 0.238477
1 0.756567 0.616232 0.070053 0.182365
1 0.845009 0.580160 0.099825 0.110220
1 0.816988 0.659319 0.043783 0.036072
1 0.868651 0.674349 0.052539 0.066132
1 0.699650 0.712425 0.068301 0.102204
1 0.816988 0.720441 0.043783 0.086172
1 0.276708 0.714429 0.112084 0.042084
1 0.765324 0.738477 0.052539 0.050100
1 0.867776 0.738477 0.050788 0.050100
1 0.790718 0.798597 0.103327 0.046092
