1 0.395506 0.123253 0.134831 0.106734
1 0.248315 0.429479 0.429213 0.114358
1 0.884270 0.449809 0.146067 0.076239
1 0.739326 0.585769 0.422472 0.175349
1 0.248315 0.631512 0.424719 0.264295
1 0.608989 0.756036 0.152809 0.155019
1 0.822472 0.722999 0.256180 0.088945
1 0.043820 0.758577 0.015730 0.007624
1 0.353933 0.820203 0.213483 0.115629
1 0.137079 0.838628 0.202247 0.142313
1 0.822472 0.840534 0.256180 0.135959
1 0.573034 0.831004 0.080899 0.005083
1 0.414607 0.872300 0.092135 0.074968
1 0.605618 0.874206 0.146067 0.068615
1 0.306742 0.896442 0.105618 0.026684
1 0.315730 0.944091 0.105618 0.043202
