1 0.550373 0.144847 0.216418 0.105850
1 0.258396 0.330780 0.285448 0.232591
1 0.488806 0.287604 0.160448 0.146240
1 0.646455 0.275070 0.143657 0.121170
1 0.646455 0.395543 0.143657 0.111421
1 0.488806 0.424095 0.160448 0.126741
1 0.391791 0.554318 0.111940 0.214485
1 0.222015 0.485376 0.212687 0.068245
1 0.642724 0.501393 0.125000 0.083565
1 0.512127 0.520195 0.113806 0.054318
1 0.222015 0.623955 0.212687 0.197772
1 0.586754 0.637883 0.263060 0.169916
1 0.391791 0.694290 0.111940 0.057103
1 0.409515 0.762535 0.080224 0.045961
