1 0.196774 0.230663 0.204301 0.240331
1 0.387097 0.310773 0.154839 0.400552
1 0.594624 0.310773 0.260215 0.400552
1 0.831183 0.259669 0.195699 0.298343
1 0.196774 0.596685 0.204301 0.464088
1 0.831183 0.502762 0.195699 0.259669
1 0.383871 0.638122 0.148387 0.232044
1 0.668817 0.636740 0.111828 0.229282
1 0.510753 0.611878 0.083871 0.146409
1 0.583871 0.617403 0.045161 0.135359
1 0.831183 0.714088 0.195699 0.229282
1 0.537634 0.762431 0.137634 0.132597
1 0.336559 0.791436 0.053763 0.074586
1 0.668817 0.779006 0.086022 0.044199
1 0.415054 0.795580 0.086022 0.066298
1 0.668817 0.837017 0.086022 0.044199
