1 0.204762 0.349206 0.291005 0.507937
1 0.401058 0.178005 0.158730 0.165533
1 0.660847 0.350340 0.261376 0.503401
1 0.875661 0.201247 0.147090 0.205215
1 0.401058 0.327098 0.158730 0.109977
1 0.875661 0.412698 0.147090 0.217687
1 0.401058 0.445011 0.158730 0.100907
1 0.420635 0.555556 0.119577 0.095238
1 0.875661 0.567460 0.147090 0.069161
1 0.273545 0.692177 0.075132 0.178005
1 0.611640 0.742063 0.162963 0.257370
1 0.826455 0.742063 0.245503 0.257370
1 0.142328 0.742063 0.166138 0.255102
1 0.401058 0.742063 0.158730 0.255102
1 0.273545 0.831633 0.075132 0.075964
