1 0.440145 0.250797 0.454655 0.106270
1 0.354897 0.444740 0.334946 0.247609
1 0.598549 0.392667 0.135429 0.143464
1 0.261185 0.484591 0.147521 0.102019
1 0.598549 0.539320 0.135429 0.137088
1 0.562878 0.574389 0.064087 0.066950
1 0.224305 0.566950 0.073761 0.049947
1 0.298065 0.566950 0.059250 0.049947
1 0.151753 0.561105 0.032648 0.034006
1 0.377872 0.637088 0.085852 0.137088
1 0.505441 0.640276 0.154776 0.130712
1 0.151753 0.634431 0.032648 0.097768
1 0.257557 0.652497 0.140266 0.106270
1 0.628174 0.660468 0.076179 0.090329
1 0.383918 0.755579 0.102781 0.065887
1 0.620919 0.743358 0.049577 0.041445
