1 0.517828 0.352941 0.051864 0.318015
1 0.223258 0.297794 0.195300 0.193015
1 0.414506 0.239890 0.072123 0.077206
1 0.650324 0.309283 0.196921 0.210478
1 0.819692 0.284007 0.130470 0.159926
1 0.351297 0.239890 0.046191 0.069853
1 0.385737 0.339614 0.129660 0.109375
1 0.819692 0.425551 0.130470 0.158088
1 0.288898 0.425551 0.060778 0.062500
1 0.387358 0.448529 0.126418 0.108456
1 0.189627 0.451287 0.128039 0.102941
1 0.340357 0.421875 0.032415 0.044118
1 0.618314 0.461397 0.132901 0.086397
1 0.719611 0.446232 0.058347 0.052390
1 0.288898 0.485294 0.060778 0.045956
1 0.719611 0.492188 0.058347 0.024816
1 0.371961 0.638787 0.162075 0.125000
1 0.567261 0.638787 0.105348 0.125000
1 0.485008 0.638327 0.047812 0.114890
