1 0.630451 0.210227 0.095081 0.157468
1 0.739985 0.195942 0.118915 0.128896
1 0.841531 0.162987 0.079108 0.062987
1 0.254184 0.267208 0.132606 0.268182
1 0.329868 0.200812 0.100913 0.135390
1 0.434331 0.198701 0.103448 0.131169
1 0.841531 0.235714 0.079108 0.075325
1 0.119422 0.309578 0.116126 0.205519
1 0.739985 0.320617 0.118915 0.154221
1 0.383621 0.334903 0.126268 0.132792
1 0.458291 0.301786 0.055527 0.065260
1 0.829361 0.337175 0.103448 0.121104
1 0.630451 0.344968 0.095081 0.105519
1 0.698656 0.364773 0.036258 0.065909
1 0.509128 0.361851 0.025355 0.052922
1 0.467799 0.369481 0.036511 0.063636
1 0.832657 0.438149 0.077586 0.054221
1 0.434965 0.442532 0.081389 0.055844
1 0.434965 0.527922 0.081389 0.071429
1 0.415061 0.675162 0.151116 0.223052
1 0.315796 0.825974 0.031694 0.068182
1 0.506592 0.826299 0.031947 0.068182
1 0.377789 0.826136 0.078600 0.062013
1 0.452967 0.826136 0.061613 0.062013
