1 0.164488 0.162675 0.263617 0.249501
1 0.344227 0.074850 0.095861 0.073852
1 0.618736 0.125749 0.047930 0.167665
1 0.772331 0.125749 0.246187 0.167665
1 0.930283 0.246507 0.052288 0.409182
1 0.344227 0.200599 0.095861 0.165669
1 0.385621 0.138723 0.013072 0.041916
1 0.465142 0.209581 0.115468 0.147705
1 0.745098 0.252495 0.300654 0.069860
1 0.124183 0.367265 0.183007 0.159681
1 0.307190 0.368263 0.169935 0.157685
1 0.618736 0.373253 0.047930 0.155689
1 0.772331 0.373253 0.246187 0.155689
1 0.403050 0.695609 0.152505 0.329341
1 0.523965 0.580838 0.115468 0.099800
1 0.640523 0.580838 0.100218 0.099800
1 0.761438 0.703593 0.115468 0.149701
1 0.553377 0.675649 0.135076 0.073852
1 0.660131 0.675649 0.061002 0.073852
1 0.588235 0.773453 0.204793 0.109780
1 0.508715 0.886228 0.363834 0.107784
