1 0.656546 0.141791 0.056926 0.167910
1 0.741461 0.186567 0.088235 0.257463
1 0.818311 0.112873 0.057875 0.110075
1 0.853890 0.165112 0.129032 0.214552
1 0.567362 0.225746 0.066414 0.328358
1 0.180740 0.163246 0.099620 0.192164
1 0.257590 0.125000 0.044592 0.115672
1 0.296015 0.284515 0.121442 0.434701
1 0.439753 0.228545 0.166034 0.322761
1 0.234345 0.324627 0.066414 0.111940
1 0.162713 0.325560 0.063567 0.102612
1 0.760436 0.389925 0.126186 0.216418
1 0.872865 0.389925 0.091082 0.216418
1 0.163662 0.445896 0.065465 0.111940
1 0.245256 0.445896 0.088235 0.111940
1 0.439753 0.476679 0.166034 0.173507
1 0.322581 0.538246 0.056926 0.050373
1 0.250949 0.625933 0.065465 0.195896
1 0.314042 0.655784 0.043643 0.147388
1 0.307875 0.847015 0.185009 0.212687
