1 0.258646 0.126768 0.149375 0.129489
1 0.320088 0.252448 0.259014 0.274211
1 0.799853 0.306855 0.257542 0.383025
1 0.144960 0.295974 0.082414 0.180631
1 0.625092 0.301415 0.083149 0.187160
1 0.394776 0.320457 0.109639 0.133841
1 0.287344 0.451578 0.100809 0.124048
1 0.187270 0.481502 0.090508 0.175190
1 0.395143 0.437976 0.103017 0.088139
1 0.494481 0.489119 0.069169 0.190424
1 0.875276 0.483134 0.106696 0.178455
1 0.687270 0.484222 0.138337 0.176279
1 0.367550 0.525571 0.047829 0.087051
1 0.420530 0.526115 0.044886 0.079434
1 0.779249 0.538085 0.077999 0.068553
1 0.261589 0.544070 0.049301 0.050054
1 0.315305 0.544070 0.044886 0.050054
1 0.359088 0.749728 0.155997 0.328618
1 0.391832 0.614799 0.090508 0.058760
