1 0.664466 0.203390 0.202881 0.183616
1 0.846339 0.203390 0.148860 0.183616
1 0.080432 0.239407 0.096038 0.247175
1 0.210684 0.179379 0.154862 0.115819
1 0.336134 0.177260 0.076831 0.111582
1 0.162665 0.206215 0.058824 0.062147
1 0.198679 0.303672 0.130852 0.118644
1 0.324130 0.303672 0.112845 0.118644
1 0.596639 0.372175 0.067227 0.139831
1 0.660264 0.372175 0.050420 0.139831
1 0.806723 0.374294 0.228091 0.144068
1 0.102641 0.538136 0.140456 0.327684
1 0.223289 0.538136 0.081633 0.327684
1 0.324730 0.449859 0.111645 0.151130
1 0.860744 0.484463 0.120048 0.206215
1 0.741897 0.584746 0.357743 0.276836
1 0.324730 0.617232 0.111645 0.169492
1 0.227491 0.798729 0.090036 0.142655
1 0.673469 0.799435 0.220888 0.121469
