1 0.827930 0.148669 0.134663 0.081361
1 0.701995 0.273669 0.386534 0.298817
1 0.314214 0.483728 0.349127 0.201183
1 0.619701 0.508876 0.246883 0.142012
1 0.815461 0.473373 0.129676 0.068047
1 0.819202 0.565089 0.137157 0.103550
1 0.264339 0.636095 0.249377 0.103550
1 0.569825 0.659763 0.346633 0.150888
1 0.819202 0.646450 0.137157 0.047337
1 0.579800 0.758876 0.167082 0.165680
1 0.779302 0.758876 0.216958 0.165680
1 0.264339 0.740385 0.249377 0.096154
1 0.442643 0.764053 0.092269 0.048817
1 0.437656 0.826183 0.082294 0.051775
