1 0.733021 0.351735 0.351288 0.287066
1 0.168618 0.372240 0.107728 0.220820
1 0.281030 0.372240 0.107728 0.220820
1 0.291569 0.427445 0.353630 0.331230
1 0.831382 0.424290 0.154567 0.141956
1 0.422717 0.542587 0.091335 0.100946
1 0.685012 0.547319 0.255269 0.104101
1 0.864169 0.533123 0.088993 0.063091
1 0.833724 0.695584 0.149883 0.242902
1 0.227166 0.624606 0.070258 0.044164
1 0.282201 0.712934 0.180328 0.220820
1 0.422717 0.651420 0.091335 0.097792
1 0.627635 0.711356 0.140515 0.211356
1 0.715457 0.678233 0.072600 0.145110
1 0.151054 0.667192 0.072600 0.116719
1 0.425059 0.764984 0.086651 0.104101
1 0.151054 0.777603 0.072600 0.091483
1 0.727166 0.787066 0.049180 0.059937
1 0.716628 0.861199 0.079625 0.050473
