1 0.241129 0.278672 0.172581 0.114688
1 0.323387 0.396378 0.379032 0.334004
1 0.531452 0.321932 0.130645 0.185111
1 0.671774 0.321932 0.133871 0.185111
1 0.600806 0.354125 0.046774 0.120724
1 0.811290 0.402414 0.129032 0.217304
1 0.487903 0.389336 0.043548 0.050302
1 0.912097 0.449698 0.046774 0.062374
1 0.625806 0.467807 0.225806 0.086519
1 0.587903 0.613682 0.150000 0.189135
1 0.773387 0.613682 0.204839 0.189135
1 0.457258 0.639839 0.095161 0.152918
1 0.202419 0.635815 0.079032 0.132797
1 0.292742 0.635815 0.085484 0.132797
1 0.372581 0.635815 0.058065 0.132797
1 0.431452 0.781690 0.175806 0.130785
1 0.265323 0.783702 0.140323 0.126761
1 0.555645 0.773642 0.046774 0.098592
