1 0.096481 0.285162 0.156553 0.187017
1 0.251820 0.496136 0.139563 0.608964
1 0.305825 0.250386 0.109223 0.117465
1 0.416262 0.250386 0.097087 0.117465
1 0.353762 0.517774 0.222087 0.398764
1 0.096481 0.483771 0.156553 0.191654
1 0.573422 0.534003 0.192961 0.165379
1 0.755461 0.535549 0.154126 0.162287
1 0.286408 0.540185 0.070388 0.063369
1 0.717233 0.583462 0.077670 0.066461
1 0.055825 0.642195 0.075243 0.106646
1 0.138350 0.642195 0.072816 0.106646
1 0.652913 0.767388 0.359223 0.279753
1 0.096481 0.806028 0.156553 0.202473
1 0.521238 0.744977 0.095874 0.068006
1 0.623786 0.744977 0.092233 0.068006
1 0.357403 0.816847 0.214806 0.180835
1 0.667476 0.774343 0.004854 0.009274
1 0.521238 0.848532 0.095874 0.117465
1 0.623786 0.848532 0.092233 0.117465
1 0.667476 0.795981 0.004854 0.012365
1 0.212379 0.840031 0.060680 0.063369
1 0.213592 0.925811 0.060680 0.077280
