1 0.632806 0.141653 0.081794 0.077572
1 0.597625 0.316189 0.294635 0.247892
1 0.400616 0.264755 0.104661 0.097808
1 0.780563 0.284992 0.058927 0.060708
1 0.850923 0.570826 0.204925 0.510961
1 0.088830 0.360877 0.040457 0.067454
1 0.114336 0.503373 0.091469 0.352445
1 0.505717 0.503373 0.684257 0.352445
1 0.797713 0.383642 0.100264 0.112985
1 0.802990 0.402192 0.043975 0.062395
1 0.552331 0.413997 0.019349 0.052277
1 0.574758 0.413997 0.020229 0.052277
1 0.475374 0.494941 0.041337 0.096121
1 0.519349 0.494941 0.039578 0.096121
1 0.564204 0.500843 0.043096 0.107926
1 0.693931 0.753794 0.096746 0.134907
1 0.124011 0.716695 0.103782 0.050590
1 0.547054 0.769815 0.184697 0.156830
1 0.707124 0.880270 0.082674 0.094435
