1 0.516560 0.263415 0.180556 0.312195
1 0.122329 0.299187 0.135684 0.380488
1 0.303953 0.248780 0.221154 0.279675
1 0.684295 0.392683 0.142094 0.099187
1 0.249466 0.507317 0.112179 0.237398
1 0.360043 0.534959 0.108974 0.279675
1 0.487714 0.524390 0.133547 0.177236
1 0.584402 0.467480 0.049145 0.063415
1 0.684295 0.595935 0.142094 0.294309
1 0.122329 0.614634 0.135684 0.240650
1 0.279915 0.540650 0.047009 0.076423
1 0.584402 0.551220 0.049145 0.091057
1 0.279915 0.630081 0.047009 0.089431
1 0.474359 0.678862 0.106838 0.118699
1 0.570513 0.678862 0.076923 0.118699
1 0.222756 0.653659 0.058761 0.042276
1 0.305021 0.721951 0.208333 0.061789
