1 0.512289 0.274286 0.118280 0.474286
1 0.734255 0.285714 0.313364 0.451429
1 0.264209 0.474286 0.365591 0.565714
1 0.440860 0.237143 0.018433 0.074286
1 0.625960 0.374286 0.062980 0.108571
1 0.598310 0.490000 0.035330 0.100000
1 0.639785 0.475714 0.035330 0.071429
1 0.514593 0.622857 0.122888 0.142857
1 0.642857 0.752857 0.124424 0.402857
1 0.801075 0.725714 0.179724 0.348571
1 0.874808 0.585714 0.032258 0.068571
1 0.471582 0.744286 0.036866 0.077143
1 0.548387 0.802857 0.104455 0.194286
1 0.690476 0.860000 0.029186 0.080000
1 0.861751 0.870000 0.058372 0.060000
