1 0.191892 0.167447 0.087340 0.128025
1 0.349360 0.218970 0.213371 0.231069
1 0.556188 0.223263 0.189474 0.239657
1 0.759744 0.218579 0.203414 0.230289
1 0.188193 0.304840 0.079943 0.124902
1 0.235420 0.321233 0.000284 0.092116
1 0.317496 0.365925 0.163869 0.181499
1 0.528734 0.399883 0.244381 0.113583
1 0.756188 0.479899 0.210526 0.272834
1 0.218492 0.500585 0.140541 0.236924
1 0.393883 0.542740 0.190896 0.152615
1 0.529161 0.503123 0.067710 0.073380
1 0.623755 0.503123 0.108962 0.073380
1 0.395164 0.848946 0.225320 0.221702
1 0.208393 0.856557 0.133997 0.208821
