1 0.587559 0.096912 0.675911 0.115016
1 0.159271 0.187433 0.153724 0.189563
1 0.583597 0.289137 0.392235 0.392971
1 0.854992 0.325346 0.139461 0.307774
1 0.318938 0.306177 0.137084 0.267306
1 0.159271 0.371672 0.153724 0.161874
1 0.208003 0.413738 0.049921 0.069223
1 0.382726 0.523429 0.101426 0.150160
1 0.285261 0.523962 0.077655 0.140575
1 0.159271 0.507987 0.153724 0.097977
1 0.661252 0.604366 0.355784 0.237487
1 0.884311 0.542599 0.080824 0.111821
1 0.473455 0.543131 0.068938 0.110756
1 0.159271 0.759851 0.153724 0.388711
1 0.709984 0.710330 0.139461 0.289670
1 0.854992 0.710330 0.139461 0.289670
1 0.284865 0.730564 0.083201 0.249201
1 0.404517 0.730564 0.146593 0.249201
1 0.512678 0.792865 0.058637 0.124601
1 0.591125 0.792865 0.087163 0.124601
1 0.581220 0.923855 0.148177 0.099042
