1 0.123303 0.258370 0.156109 0.292576
1 0.291290 0.208151 0.161765 0.192140
1 0.517534 0.369723 0.279412 0.515284
1 0.822964 0.306405 0.295249 0.114993
1 0.294118 0.439592 0.167421 0.253275
1 0.691742 0.475255 0.050905 0.193595
1 0.785068 0.478166 0.122172 0.199418
1 0.905543 0.477438 0.102941 0.197962
1 0.123303 0.447598 0.156109 0.071325
1 0.586538 0.534207 0.141403 0.186317
1 0.333710 0.478894 0.070136 0.064047
1 0.123303 0.582969 0.156109 0.181951
1 0.330317 0.575691 0.079186 0.103348
1 0.754525 0.563319 0.061086 0.055313
1 0.247172 0.600437 0.073529 0.053857
1 0.714932 0.646288 0.097285 0.131004
1 0.905543 0.648472 0.102941 0.126638
1 0.808258 0.665211 0.075792 0.093159
1 0.434955 0.676856 0.444570 0.078603
1 0.811652 0.822416 0.290724 0.200873
