1 0.554038 0.272453 0.129454 0.064767
1 0.735748 0.335060 0.217340 0.189983
1 0.242280 0.334197 0.351544 0.186528
1 0.555226 0.356218 0.119952 0.083765
1 0.554038 0.485751 0.129454 0.158031
1 0.153207 0.575561 0.173397 0.285838
1 0.333135 0.539292 0.169834 0.213299
1 0.735748 0.500864 0.217340 0.127807
1 0.746437 0.501295 0.055819 0.031952
1 0.622328 0.643351 0.266033 0.145078
1 0.805226 0.643351 0.078385 0.145078
1 0.286817 0.684801 0.077197 0.067358
1 0.375297 0.684801 0.085511 0.067358
1 0.336105 0.788428 0.175772 0.107081
1 0.339667 0.908895 0.168646 0.126943
