1 0.341532 0.150556 0.194758 0.095808
1 0.111694 0.224979 0.105242 0.160251
1 0.199597 0.224979 0.058871 0.160251
1 0.560685 0.306245 0.243548 0.255489
1 0.821774 0.360992 0.278629 0.285144
1 0.388306 0.320787 0.089516 0.201882
1 0.291431 0.308098 0.092540 0.154263
1 0.144052 0.491446 0.169960 0.356145
1 0.290625 0.448532 0.094153 0.110066
1 0.564415 0.534217 0.441734 0.210151
1 0.312298 0.625463 0.140323 0.227260
1 0.500605 0.625463 0.224597 0.227260
1 0.876109 0.625463 0.169960 0.227260
1 0.655948 0.693328 0.075605 0.091531
1 0.742440 0.693328 0.085685 0.091531
1 0.751714 0.817223 0.146976 0.105503
