1 0.219221 0.286131 0.268379 0.306569
1 0.474756 0.262774 0.083260 0.207299
1 0.573959 0.232117 0.106289 0.145985
1 0.651904 0.191241 0.040744 0.064234
1 0.732507 0.232117 0.113375 0.145985
1 0.854739 0.310219 0.129318 0.302190
1 0.651904 0.267883 0.040744 0.074453
1 0.220549 0.378102 0.170062 0.189781
1 0.288308 0.324818 0.121346 0.083212
1 0.655447 0.386861 0.269265 0.148905
1 0.490700 0.443796 0.115146 0.140146
1 0.572631 0.413139 0.038087 0.078832
1 0.621789 0.413139 0.051373 0.078832
1 0.329495 0.424088 0.038973 0.097810
1 0.134632 0.548175 0.099203 0.197080
1 0.785651 0.558394 0.267493 0.179562
1 0.600089 0.497080 0.080602 0.051095
1 0.220549 0.532117 0.062002 0.100730
1 0.302923 0.576642 0.092117 0.189781
1 0.220549 0.685401 0.062002 0.188321
1 0.708149 0.732117 0.112489 0.156204
1 0.785651 0.692701 0.033658 0.077372
1 0.863153 0.732117 0.112489 0.156204
1 0.134632 0.721168 0.099203 0.128467
1 0.302923 0.729197 0.092117 0.100730
1 0.786094 0.773723 0.034544 0.072993
