1 0.373570 0.101541 0.170481 0.133053
1 0.171053 0.319328 0.218535 0.238095
1 0.442792 0.319328 0.308924 0.238095
1 0.705950 0.319328 0.203661 0.238095
1 0.887300 0.531513 0.108696 0.292717
1 0.141304 0.563025 0.159039 0.232493
1 0.319794 0.544118 0.184211 0.194678
1 0.504577 0.610644 0.185355 0.327731
1 0.653318 0.504202 0.098398 0.114846
1 0.758581 0.539916 0.098398 0.186275
1 0.653318 0.623950 0.098398 0.107843
1 0.261442 0.630952 0.067506 0.096639
1 0.758581 0.658964 0.098398 0.037815
1 0.352975 0.668768 0.101831 0.037815
1 0.345538 0.845238 0.086957 0.275910
