1 0.118188 0.145465 0.184006 0.240044
1 0.743808 0.186947 0.118896 0.146018
1 0.269639 0.189159 0.116065 0.141593
1 0.647558 0.467920 0.162774 0.378319
1 0.780609 0.478429 0.089172 0.399336
1 0.877565 0.371681 0.121727 0.185841
1 0.173744 0.398783 0.163482 0.237832
1 0.297240 0.372788 0.083510 0.185841
1 0.371196 0.372788 0.057325 0.185841
1 0.433475 0.343473 0.057325 0.111726
1 0.433829 0.425332 0.060863 0.080752
1 0.277778 0.445796 0.026185 0.026549
1 0.851380 0.520465 0.045294 0.111726
1 0.327672 0.532633 0.144374 0.122788
1 0.444091 0.595133 0.064402 0.221239
1 0.141897 0.655973 0.099788 0.276549
1 0.244161 0.608407 0.104742 0.181416
1 0.647558 0.658739 0.162774 0.271018
1 0.289809 0.563606 0.057325 0.067478
1 0.349965 0.639381 0.099788 0.119469
1 0.824133 0.629978 0.099788 0.096239
1 0.805025 0.766040 0.138004 0.164823
1 0.225053 0.748894 0.059448 0.090708
1 0.330856 0.776549 0.138004 0.146018
1 0.223284 0.866150 0.077141 0.103982
