1 0.772380 0.101473 0.129913 0.124386
1 0.128821 0.298691 0.137555 0.234043
1 0.275109 0.298691 0.144105 0.234043
1 0.538755 0.332242 0.372271 0.301146
1 0.770197 0.301146 0.077511 0.238953
1 0.882642 0.322422 0.136463 0.281506
1 0.105349 0.482815 0.090611 0.114566
1 0.254913 0.534370 0.195415 0.217676
1 0.625546 0.494272 0.091703 0.130933
1 0.742904 0.494272 0.132096 0.130933
1 0.882642 0.612111 0.136463 0.281506
1 0.485808 0.617840 0.266376 0.270049
1 0.128821 0.650573 0.137555 0.204583
1 0.681769 0.660393 0.114629 0.184943
1 0.777293 0.605565 0.063319 0.075286
1 0.231441 0.702128 0.056769 0.101473
1 0.306769 0.702128 0.082969 0.101473
1 0.777293 0.702128 0.063319 0.101473
1 0.275655 0.842881 0.145197 0.147300
1 0.767467 0.860884 0.087336 0.183306
1 0.881550 0.854337 0.121179 0.170213
