1 0.632020 0.157837 0.196059 0.189845
1 0.570443 0.227925 0.072906 0.049669
1 0.638424 0.227925 0.053202 0.049669
1 0.632020 0.431567 0.196059 0.344371
1 0.824631 0.417219 0.165517 0.066225
1 0.815764 0.530905 0.159606 0.134658
1 0.193103 0.533113 0.130049 0.130243
1 0.336453 0.667770 0.142857 0.399558
1 0.088177 0.533664 0.060099 0.120309
1 0.731527 0.737859 0.190148 0.268212
1 0.585222 0.656181 0.102463 0.102649
1 0.864039 0.635762 0.063054 0.061810
1 0.158128 0.736755 0.200000 0.261589
1 0.842365 0.772627 0.106404 0.198675
1 0.582266 0.789735 0.096552 0.164459
1 0.671429 0.743929 0.050246 0.048565
1 0.666502 0.822848 0.060099 0.098234
1 0.380296 0.848234 0.055172 0.038631
1 0.721182 0.866446 0.037438 0.011038
1 0.743350 0.900110 0.081773 0.029801
