1 0.325949 0.162777 0.225738 0.129522
1 0.819620 0.262544 0.225738 0.093349
1 0.618143 0.315053 0.147679 0.149358
1 0.278481 0.329638 0.405063 0.176196
1 0.678270 0.390898 0.267932 0.144691
1 0.874473 0.359393 0.103376 0.081680
1 0.874473 0.434656 0.103376 0.057176
1 0.182489 0.460910 0.213080 0.086348
1 0.389241 0.489498 0.183544 0.131855
1 0.643460 0.533256 0.198312 0.130688
1 0.839662 0.533256 0.172996 0.130688
1 0.121308 0.532672 0.090717 0.045508
1 0.233122 0.532672 0.111814 0.045508
1 0.214135 0.591599 0.082278 0.049008
1 0.390295 0.941074 0.189873 0.071179
