1 0.434896 0.156771 0.076637 0.061458
1 0.165179 0.307292 0.194940 0.200000
1 0.376488 0.355208 0.215774 0.295833
1 0.553943 0.303125 0.127232 0.191667
1 0.683036 0.340104 0.117560 0.265625
1 0.833705 0.294792 0.158482 0.175000
1 0.841146 0.592708 0.171875 0.381250
1 0.550967 0.490104 0.133185 0.163542
1 0.116443 0.509375 0.097470 0.187500
1 0.217262 0.440625 0.090774 0.050000
1 0.217262 0.539062 0.090774 0.128125
1 0.533110 0.569792 0.097470 0.175000
1 0.622024 0.525000 0.066964 0.085417
1 0.702009 0.525000 0.079613 0.085417
1 0.377976 0.658333 0.218750 0.310417
1 0.665179 0.669792 0.153274 0.187500
1 0.165179 0.687500 0.194940 0.152083
1 0.028274 0.691146 0.050595 0.103125
1 0.534598 0.715104 0.094494 0.096875
1 0.547619 0.811979 0.125000 0.057292
