1 0.261785 0.235700 0.422559 0.270217
1 0.599327 0.329389 0.235690 0.457594
1 0.805556 0.200197 0.149832 0.199211
1 0.921717 0.303748 0.052189 0.209073
1 0.805556 0.441815 0.149832 0.268245
1 0.083333 0.426036 0.065657 0.094675
1 0.171717 0.426036 0.101010 0.094675
1 0.350168 0.554241 0.245791 0.351085
1 0.249158 0.557199 0.168350 0.147929
1 0.106061 0.559172 0.104377 0.140039
1 0.599327 0.717949 0.235690 0.303748
1 0.805556 0.727811 0.149832 0.284024
1 0.191919 0.754438 0.282828 0.230769
1 0.446128 0.799803 0.053872 0.140039
1 0.376263 0.803748 0.072391 0.132150
