1 0.237205 0.150885 0.179134 0.137168
1 0.327264 0.192920 0.099409 0.053097
1 0.147638 0.222124 0.208661 0.109735
1 0.317421 0.275221 0.119094 0.102655
1 0.666831 0.383628 0.546260 0.269912
1 0.145669 0.357522 0.212598 0.150442
1 0.590551 0.500000 0.665354 0.332743
1 0.170768 0.468584 0.162402 0.059292
1 0.037402 0.530973 0.070866 0.168142
1 0.203248 0.557965 0.227362 0.108850
1 0.681102 0.739823 0.269685 0.341593
1 0.419291 0.664602 0.307087 0.153982
1 0.123031 0.653097 0.066929 0.070796
1 0.211122 0.653097 0.095472 0.070796
1 0.846949 0.768584 0.152559 0.195575
1 0.174213 0.780088 0.169291 0.172566
1 0.457677 0.781416 0.165354 0.169912
1 0.317421 0.807080 0.103346 0.118584
1 0.390748 0.917699 0.316929 0.072566
