1 0.263278 0.186642 0.426404 0.118602
1 0.262519 0.362047 0.403642 0.214732
1 0.595599 0.308365 0.144158 0.104869
1 0.806525 0.362672 0.253414 0.213483
1 0.595599 0.482522 0.144158 0.220974
1 0.354325 0.579900 0.220030 0.220974
1 0.152504 0.621723 0.183612 0.287141
1 0.806525 0.536829 0.253414 0.112360
1 0.662367 0.684145 0.277693 0.162297
1 0.874052 0.684145 0.118361 0.162297
1 0.297420 0.732834 0.078907 0.064919
1 0.407436 0.732834 0.113809 0.064919
1 0.295144 0.809613 0.098634 0.066167
1 0.406677 0.906367 0.115326 0.112360
