1 0.224293 0.256223 0.098972 0.245974
1 0.393316 0.196193 0.051414 0.070278
1 0.453085 0.271596 0.147815 0.221083
1 0.575835 0.259883 0.097686 0.197657
1 0.670308 0.236457 0.080977 0.150805
1 0.771851 0.259883 0.114396 0.197657
1 0.325835 0.205710 0.075835 0.083455
1 0.330334 0.318448 0.089974 0.127379
1 0.665167 0.407028 0.091260 0.178624
1 0.518638 0.457540 0.194087 0.188873
1 0.771851 0.457540 0.114396 0.188873
1 0.351542 0.469985 0.132391 0.163982
1 0.238432 0.472914 0.080977 0.166911
1 0.665167 0.527086 0.091260 0.049780
1 0.766067 0.726208 0.357326 0.322108
1 0.622751 0.698389 0.062982 0.084919
1 0.723650 0.698389 0.131105 0.084919
1 0.690231 0.814056 0.197943 0.134700
