1 0.314152 0.146341 0.080871 0.139373
1 0.508554 0.121951 0.304821 0.090592
1 0.704510 0.146341 0.080871 0.139373
1 0.770607 0.099303 0.038880 0.041812
1 0.425350 0.161150 0.138414 0.109756
1 0.480560 0.121951 0.027994 0.031359
1 0.572317 0.117596 0.021773 0.022648
1 0.623639 0.161150 0.074650 0.109756
1 0.572317 0.141115 0.021773 0.020906
1 0.480560 0.154181 0.027994 0.026132
1 0.572317 0.161150 0.021773 0.012195
1 0.539658 0.193380 0.087092 0.045296
1 0.512442 0.550523 0.866252 0.435540
1 0.802488 0.733449 0.090202 0.069686
1 0.863919 0.709930 0.026439 0.022648
1 0.891913 0.709930 0.026439 0.022648
1 0.926905 0.712544 0.037325 0.027875
1 0.877916 0.747387 0.054432 0.041812
1 0.926905 0.736063 0.037325 0.019164
1 0.926905 0.756969 0.037325 0.022648
1 0.287714 0.786585 0.021773 0.029617
1 0.349922 0.806620 0.093313 0.069686
1 0.370918 0.842334 0.188180 0.141115
1 0.500778 0.798780 0.062208 0.054007
1 0.518663 0.817073 0.097978 0.090592
1 0.576205 0.792683 0.023328 0.041812
1 0.599533 0.831010 0.017107 0.118467
1 0.681182 0.792683 0.136858 0.041812
1 0.287714 0.823171 0.021773 0.036585
1 0.576205 0.839721 0.023328 0.045296
1 0.634526 0.839721 0.043546 0.045296
1 0.667963 0.828397 0.017107 0.022648
1 0.686625 0.828397 0.013997 0.022648
1 0.704510 0.828397 0.015552 0.022648
1 0.723173 0.828397 0.015552 0.022648
1 0.741058 0.828397 0.017107 0.022648
1 0.681182 0.878049 0.136858 0.069686
1 0.528771 0.890244 0.118196 0.045296
1 0.599533 0.903310 0.017107 0.019164
1 0.513219 0.958188 0.108865 0.083624
