1 0.509524 0.263690 0.045963 0.150220
1 0.256108 0.263836 0.135404 0.137042
1 0.400828 0.263836 0.134990 0.137042
1 0.250725 0.387116 0.136232 0.056223
1 0.394824 0.421816 0.132919 0.125622
1 0.246791 0.453294 0.128364 0.062665
1 0.365424 0.453294 0.074120 0.062665
1 0.250725 0.524158 0.136232 0.065593
1 0.394824 0.529283 0.132919 0.075842
1 0.269565 0.610542 0.173913 0.093704
1 0.571014 0.646266 0.409938 0.158126
1 0.860041 0.725915 0.143271 0.317423
1 0.269151 0.694876 0.174741 0.060908
1 0.261077 0.791654 0.159420 0.115666
1 0.426294 0.771303 0.151967 0.074963
1 0.645135 0.809224 0.261698 0.150805
1 0.377019 0.832504 0.053416 0.033968
1 0.456315 0.832504 0.091925 0.033968
1 0.325880 0.883748 0.336232 0.035139
