1 0.684858 0.129674 0.116833 0.103421
1 0.823597 0.128878 0.151422 0.101830
1 0.201384 0.135243 0.122982 0.109785
1 0.337048 0.217184 0.148347 0.273667
1 0.744043 0.154733 0.033820 0.053302
1 0.708686 0.231106 0.164489 0.094670
1 0.832821 0.231106 0.132975 0.094670
1 0.469639 0.266905 0.101460 0.164678
1 0.171791 0.217184 0.063797 0.060461
1 0.233666 0.214399 0.052267 0.038982
1 0.224827 0.289181 0.076095 0.102625
1 0.744812 0.259745 0.035357 0.037391
1 0.161799 0.265712 0.043812 0.028640
1 0.619523 0.334924 0.101460 0.105012
1 0.698693 0.296738 0.049193 0.028640
1 0.825519 0.375497 0.147579 0.186158
1 0.133743 0.336913 0.099923 0.105807
1 0.755957 0.308671 0.057648 0.042959
1 0.720600 0.340493 0.093005 0.050915
1 0.223674 0.407319 0.072252 0.125696
1 0.927364 0.411695 0.042275 0.113763
1 0.358186 0.413683 0.189085 0.112967
1 0.710992 0.417263 0.073789 0.102625
1 0.160261 0.433970 0.037663 0.072395
1 0.426979 0.597852 0.185242 0.094670
1 0.563028 0.597852 0.086856 0.094670
1 0.394312 0.699284 0.119908 0.101830
1 0.264796 0.661496 0.025365 0.024662
1 0.533436 0.746221 0.146042 0.189340
1 0.467333 0.799523 0.179862 0.120923
1 0.328593 0.807080 0.089931 0.105807
1 0.387010 0.823787 0.019216 0.072395
1 0.587241 0.884248 0.119908 0.113763
1 0.417756 0.902546 0.071483 0.077168
1 0.490776 0.902546 0.066872 0.077168
