1 0.165088 0.263305 0.167794 0.182073
1 0.330176 0.489496 0.292287 0.634454
1 0.733424 0.320728 0.397835 0.296919
1 0.133965 0.386555 0.105548 0.053221
1 0.389039 0.511204 0.174560 0.190476
1 0.153586 0.464286 0.144790 0.088235
1 0.608254 0.587535 0.133965 0.214286
1 0.804465 0.574230 0.250338 0.187675
1 0.153586 0.560224 0.144790 0.092437
1 0.129905 0.654062 0.097429 0.084034
1 0.428281 0.654062 0.096076 0.084034
1 0.733424 0.751401 0.397835 0.239496
1 0.153586 0.786415 0.144790 0.169468
1 0.404601 0.786415 0.143437 0.169468
1 0.278755 0.841737 0.094723 0.058824
1 0.112314 0.939076 0.064953 0.110644
