1 0.468908 0.074427 0.830252 0.078244
1 0.145378 0.307252 0.181513 0.330153
1 0.348319 0.307252 0.209244 0.330153
1 0.671849 0.307252 0.426050 0.330153
1 0.109664 0.524809 0.110084 0.089695
1 0.422269 0.626908 0.501681 0.293893
1 0.769748 0.574905 0.230252 0.189885
1 0.615546 0.555821 0.066387 0.056298
1 0.146639 0.725191 0.182353 0.299618
1 0.318067 0.649809 0.121849 0.125954
1 0.721849 0.772424 0.326050 0.205153
1 0.515966 0.724714 0.075630 0.098282
1 0.316807 0.797233 0.142857 0.155534
1 0.433193 0.827767 0.076471 0.094466
1 0.499160 0.827767 0.042017 0.094466
1 0.564286 0.825382 0.059664 0.074427
1 0.436134 0.927481 0.077311 0.049618
