1 0.180124 0.360835 0.230701 0.491054
1 0.327862 0.232604 0.064774 0.234592
1 0.407720 0.229622 0.086069 0.228628
1 0.653949 0.236581 0.090506 0.242545
1 0.766193 0.232604 0.121562 0.234592
1 0.884206 0.215706 0.107365 0.200795
1 0.577196 0.360835 0.052351 0.260437
1 0.821650 0.462227 0.232476 0.292247
1 0.273736 0.478131 0.112689 0.256461
1 0.390417 0.441352 0.120674 0.174950
1 0.653949 0.489066 0.090506 0.238569
1 0.408163 0.529821 0.085182 0.153082
1 0.861579 0.542744 0.081633 0.131213
1 0.473824 0.553678 0.035492 0.117296
1 0.086069 0.563618 0.055013 0.129225
1 0.915705 0.644135 0.124224 0.274354
1 0.347382 0.570577 0.031056 0.071571
1 0.429459 0.697813 0.124224 0.155070
1 0.385980 0.876740 0.039042 0.174950
1 0.429902 0.876740 0.118012 0.174950
1 0.474712 0.876740 0.039042 0.174950
1 0.604703 0.975149 0.089618 0.049702
1 0.678793 0.975149 0.047915 0.049702
1 0.749778 0.975149 0.078083 0.049702
