1 0.483539 0.160479 0.230453 0.124551
1 0.177984 0.360479 0.154321 0.234731
1 0.455761 0.425150 0.386831 0.364072
1 0.759774 0.343114 0.206790 0.200000
1 0.304012 0.295210 0.083333 0.097006
1 0.177984 0.589820 0.154321 0.279042
1 0.809156 0.477844 0.097737 0.052695
1 0.701646 0.514970 0.090535 0.124551
1 0.809156 0.566467 0.097737 0.107784
1 0.330761 0.628743 0.136831 0.201198
1 0.759774 0.657485 0.206790 0.143713
1 0.527263 0.668263 0.243827 0.122156
1 0.915123 0.663473 0.070988 0.081437
1 0.303498 0.805389 0.156379 0.113772
1 0.303498 0.907186 0.080247 0.053892
