1 0.287722 0.266867 0.303254 0.100000
1 0.769970 0.267470 0.137574 0.098795
1 0.605030 0.425904 0.136095 0.179518
1 0.758136 0.412651 0.158284 0.153012
1 0.288462 0.457229 0.301775 0.239759
1 0.730769 0.535542 0.213018 0.080723
1 0.577663 0.548795 0.081361 0.054217
1 0.201923 0.660241 0.128698 0.166265
1 0.297337 0.632530 0.115385 0.110843
1 0.625740 0.662048 0.177515 0.162651
1 0.763314 0.622289 0.147929 0.083133
1 0.400148 0.609639 0.078402 0.055422
1 0.400148 0.692771 0.078402 0.101205
1 0.779586 0.706627 0.106509 0.063855
1 0.313609 0.718675 0.082840 0.049398
1 0.354290 0.846988 0.176036 0.168675
1 0.397929 0.865060 0.088757 0.091566
