1 0.479167 0.330682 0.058333 0.187121
1 0.575631 0.343939 0.130556 0.213636
1 0.712879 0.258333 0.069192 0.033333
1 0.775884 0.453788 0.052273 0.424242
1 0.836237 0.346591 0.063889 0.209848
1 0.712879 0.412500 0.069192 0.262879
1 0.288510 0.488258 0.130556 0.358333
1 0.385480 0.488258 0.055303 0.358333
1 0.662247 0.452273 0.020960 0.184848
1 0.524242 0.429545 0.027778 0.057576
1 0.482828 0.492045 0.065657 0.123485
1 0.541162 0.557955 0.046970 0.214394
1 0.602778 0.557955 0.076263 0.214394
1 0.437500 0.493182 0.013889 0.071212
1 0.836237 0.562121 0.063889 0.207576
1 0.712879 0.608333 0.069192 0.115152
1 0.785227 0.608712 0.033586 0.114394
1 0.499495 0.609470 0.032323 0.099242
1 0.465278 0.611742 0.029545 0.099242
1 0.545581 0.726515 0.060859 0.103030
1 0.545707 0.817803 0.039394 0.047727
