1 0.346234 0.327148 0.453975 0.501953
1 0.848326 0.222656 0.156904 0.070312
1 0.428870 0.411133 0.284519 0.287109
1 0.701883 0.364258 0.140167 0.193359
1 0.849372 0.377930 0.150628 0.220703
1 0.506276 0.505859 0.129707 0.175781
1 0.733264 0.507812 0.202929 0.085938
1 0.881799 0.520508 0.085774 0.060547
1 0.220711 0.533203 0.098326 0.078125
1 0.700837 0.624023 0.138075 0.142578
1 0.849372 0.624023 0.150628 0.142578
1 0.364017 0.596680 0.154812 0.083984
1 0.293933 0.768555 0.353556 0.380859
1 0.507322 0.646484 0.127615 0.097656
1 0.883891 0.654297 0.069038 0.074219
1 0.324268 0.667969 0.075314 0.054688
1 0.402720 0.667969 0.077406 0.054688
1 0.360879 0.731445 0.165272 0.052734
