1 0.415704 0.160482 0.383372 0.094620
1 0.144342 0.168831 0.131640 0.077922
1 0.351039 0.297310 0.535797 0.154917
1 0.767898 0.294991 0.297921 0.150278
1 0.521940 0.473562 0.193995 0.197588
1 0.718245 0.411410 0.170901 0.073284
1 0.866051 0.424397 0.101617 0.099258
1 0.248268 0.412338 0.330254 0.065863
1 0.169746 0.477737 0.163972 0.059369
1 0.339492 0.480056 0.147806 0.060297
1 0.774827 0.541280 0.284065 0.177180
1 0.248268 0.571892 0.330254 0.115955
1 0.521940 0.603432 0.193995 0.052876
1 0.504619 0.803803 0.224018 0.323748
1 0.693995 0.680891 0.122402 0.077922
