1 0.191575 0.197754 0.288645 0.299805
1 0.680952 0.305664 0.447619 0.507812
1 0.366484 0.099365 0.052381 0.091309
1 0.414652 0.099365 0.035897 0.091309
1 0.704762 0.252197 0.216850 0.204590
1 0.851099 0.197998 0.107326 0.096191
1 0.137729 0.172607 0.024908 0.044434
1 0.158791 0.208008 0.067033 0.115234
1 0.262088 0.249023 0.147619 0.197266
1 0.386264 0.204590 0.092674 0.108398
1 0.861172 0.300537 0.087179 0.097168
1 0.217582 0.306152 0.058608 0.083008
1 0.263553 0.306152 0.024542 0.083008
1 0.370696 0.306152 0.123810 0.083008
1 0.154762 0.309570 0.058974 0.076172
1 0.796520 0.320068 0.033333 0.058105
1 0.623077 0.404053 0.152381 0.099121
1 0.750733 0.424072 0.102930 0.139160
1 0.800000 0.375977 0.040293 0.041992
1 0.855678 0.403076 0.098168 0.096191
1 0.645788 0.503662 0.098901 0.100098
1 0.855678 0.505127 0.098168 0.097168
1 0.728205 0.526367 0.057143 0.054688
1 0.781502 0.526367 0.041392 0.054688
1 0.873810 0.618408 0.153480 0.117676
1 0.871612 0.775635 0.157875 0.186035
