1 0.431540 0.134361 0.118174 0.237885
1 0.092910 0.135463 0.123879 0.235683
1 0.573757 0.198238 0.158109 0.110132
1 0.236349 0.209802 0.132029 0.087004
1 0.445803 0.400881 0.161369 0.248899
1 0.583130 0.420154 0.113284 0.287445
1 0.094540 0.422357 0.132029 0.283040
1 0.162999 0.485132 0.268949 0.408590
1 0.450285 0.640419 0.170334 0.230176
1 0.573757 0.699890 0.132029 0.256608
1 0.789731 0.631608 0.205379 0.115639
1 0.928688 0.610683 0.061125 0.073789
1 0.255501 0.636013 0.083945 0.120044
1 0.767319 0.742291 0.160554 0.178414
1 0.892013 0.742291 0.134474 0.178414
1 0.392421 0.761564 0.054605 0.133260
1 0.090465 0.763216 0.123879 0.127753
1 0.182967 0.763216 0.046455 0.127753
1 0.255501 0.766520 0.083945 0.121145
1 0.463733 0.795705 0.076610 0.064978
1 0.491443 0.904736 0.207009 0.102423
1 0.777506 0.908590 0.130399 0.105727
