1 0.546332 0.251527 0.094981 0.384929
1 0.772587 0.262729 0.325097 0.403259
1 0.750579 0.142566 0.075676 0.162933
1 0.125097 0.114053 0.095753 0.097760
1 0.203089 0.390020 0.100386 0.649695
1 0.328571 0.253564 0.139768 0.376782
1 0.125097 0.268839 0.095753 0.187373
1 0.113127 0.456212 0.071815 0.167006
1 0.174517 0.456212 0.041699 0.167006
1 0.659459 0.570265 0.098842 0.317719
1 0.328571 0.584521 0.139768 0.260692
1 0.750579 0.601833 0.077220 0.254582
1 0.864093 0.601833 0.142085 0.254582
1 0.113127 0.632383 0.071815 0.164969
1 0.298069 0.839104 0.203861 0.162933
