1 0.112372 0.133136 0.169107 0.220907
1 0.222914 0.189349 0.092972 0.333333
1 0.369693 0.074951 0.049780 0.098619
1 0.597365 0.035503 0.175695 0.019724
1 0.731698 0.169625 0.073939 0.287968
1 0.841508 0.035503 0.126647 0.019724
1 0.305271 0.077909 0.062958 0.100592
1 0.599561 0.156312 0.180088 0.196252
1 0.839312 0.185897 0.131040 0.255424
1 0.334919 0.191815 0.122255 0.115385
1 0.442167 0.219428 0.067350 0.150888
1 0.947657 0.236193 0.062225 0.135108
1 0.303075 0.258876 0.055637 0.062130
1 0.599561 0.319527 0.180088 0.181460
1 0.099561 0.329389 0.143485 0.171598
1 0.334553 0.336785 0.122987 0.156805
1 0.749268 0.365385 0.109078 0.089744
1 0.856881 0.365385 0.095900 0.089744
1 0.222548 0.388067 0.092240 0.054241
1 0.707174 0.433432 0.395315 0.020710
1 0.211201 0.469921 0.123719 0.075937
1 0.493777 0.660750 0.396047 0.224852
1 0.735359 0.835799 0.063690 0.286982
1 0.493777 0.868836 0.396047 0.195266
