1 0.289407 0.079241 0.061791 0.087054
1 0.844262 0.156250 0.167718 0.232143
1 0.961538 0.106027 0.044136 0.109375
1 0.139975 0.301339 0.174023 0.308036
1 0.348676 0.322545 0.235813 0.350446
1 0.535309 0.283482 0.127364 0.272321
1 0.672131 0.316964 0.153846 0.339286
1 0.852459 0.520089 0.174023 0.455357
1 0.527743 0.563616 0.122320 0.301339
1 0.095839 0.563616 0.078184 0.198661
1 0.184111 0.536830 0.085750 0.145089
1 0.631148 0.533482 0.071879 0.075893
1 0.710593 0.533482 0.076923 0.075893
1 0.348676 0.660714 0.235813 0.325893
1 0.672131 0.700893 0.153846 0.245536
1 0.139975 0.724330 0.174023 0.198661
1 0.500631 0.748884 0.065574 0.149554
1 0.019546 0.733259 0.039092 0.109375
1 0.563682 0.774554 0.050441 0.098214
1 0.527112 0.917411 0.151324 0.138393
