1 0.243868 0.094256 0.055660 0.068770
1 0.787264 0.133495 0.168868 0.147249
1 0.460377 0.117314 0.352830 0.106796
1 0.578302 0.098706 0.222642 0.069579
1 0.288679 0.208333 0.135849 0.139968
1 0.665566 0.208333 0.174528 0.139968
1 0.419340 0.226942 0.165094 0.102751
1 0.540094 0.226942 0.063208 0.102751
1 0.361321 0.415049 0.122642 0.098706
1 0.566981 0.453479 0.275472 0.175566
1 0.804717 0.539239 0.173585 0.149676
1 0.328774 0.506068 0.057547 0.070388
1 0.366981 0.579288 0.260377 0.216828
1 0.599528 0.575647 0.193396 0.055825
1 0.734434 0.575647 0.065094 0.055825
1 0.149528 0.586165 0.157547 0.075243
1 0.456132 0.639159 0.082075 0.097087
1 0.555189 0.639563 0.104717 0.096278
1 0.655189 0.646036 0.083962 0.073625
1 0.720283 0.648058 0.087736 0.074434
1 0.144811 0.730583 0.157547 0.190939
1 0.499528 0.666262 0.044340 0.042880
1 0.437264 0.721278 0.083962 0.042880
1 0.138208 0.853560 0.161321 0.055016
