1 0.562586 0.325758 0.481431 0.456229
1 0.643741 0.295455 0.442916 0.395623
1 0.196011 0.335017 0.218707 0.471380
1 0.207015 0.423401 0.097662 0.163300
1 0.120358 0.425084 0.059147 0.159933
1 0.813618 0.578283 0.086657 0.146465
1 0.143741 0.561448 0.108666 0.092593
1 0.229711 0.561448 0.052270 0.092593
1 0.300550 0.672559 0.075653 0.203704
1 0.420220 0.704545 0.163686 0.267677
1 0.599037 0.704545 0.180193 0.267677
1 0.172627 0.726431 0.166437 0.223906
1 0.813618 0.718855 0.086657 0.111111
1 0.300550 0.809764 0.075653 0.057239
1 0.477304 0.912458 0.451169 0.117845
