1 0.576471 0.139746 0.051765 0.043557
1 0.131176 0.310345 0.156471 0.246824
1 0.271176 0.310345 0.111765 0.246824
1 0.420000 0.314882 0.174118 0.255898
1 0.562941 0.224138 0.102353 0.074410
1 0.662941 0.245009 0.088235 0.116152
1 0.762353 0.468240 0.101176 0.562613
1 0.891765 0.311252 0.148235 0.248639
1 0.561765 0.352087 0.100000 0.163339
1 0.656471 0.372958 0.101176 0.121597
1 0.091176 0.487296 0.076471 0.088929
1 0.265882 0.596189 0.425882 0.306715
1 0.612353 0.596189 0.267059 0.306715
1 0.891765 0.488203 0.148235 0.090744
1 0.668824 0.646098 0.147059 0.206897
1 0.891765 0.646098 0.148235 0.206897
1 0.520588 0.803993 0.158824 0.094374
