1 0.500467 0.180639 0.179272 0.181637
1 0.871148 0.403194 0.179272 0.626747
1 0.463585 0.507984 0.253035 0.473054
1 0.464986 0.383234 0.108310 0.219561
1 0.702614 0.591816 0.133520 0.353293
1 0.086368 0.591816 0.099907 0.301397
1 0.121849 0.511976 0.028945 0.141717
1 0.192810 0.591816 0.105509 0.301397
1 0.275444 0.591816 0.037348 0.301397
1 0.371615 0.566866 0.069094 0.247505
1 0.927171 0.605788 0.067227 0.221557
1 0.450047 0.554890 0.078431 0.103792
1 0.450047 0.650699 0.078431 0.079840
1 0.871148 0.823353 0.179272 0.213573
1 0.500467 0.837325 0.179272 0.185629
1 0.177871 0.874251 0.146592 0.211577
1 0.364146 0.832335 0.069094 0.123752
