1 0.168865 0.162582 0.242744 0.230392
1 0.711741 0.162582 0.307388 0.230392
1 0.343668 0.116830 0.088391 0.125817
1 0.428100 0.167484 0.259894 0.220588
1 0.920844 0.232843 0.068602 0.109477
1 0.453826 0.495915 0.812665 0.423203
1 0.366095 0.396242 0.032982 0.037582
1 0.486148 0.741013 0.241425 0.328431
1 0.606201 0.651961 0.112137 0.137255
1 0.542876 0.691176 0.001319 0.071895
1 0.736807 0.805556 0.246702 0.196078
1 0.542876 0.769608 0.001319 0.084967
1 0.578496 0.763072 0.056728 0.071895
1 0.610158 0.891340 0.006596 0.024510
1 0.539578 0.923203 0.071240 0.016340
