1 0.594171 0.068580 0.088150 0.085196
1 0.720135 0.148943 0.142582 0.245921
1 0.858863 0.396073 0.282274 0.569789
1 0.156310 0.196073 0.197013 0.144411
1 0.302746 0.196073 0.071773 0.144411
1 0.532755 0.159517 0.057803 0.070091
1 0.605250 0.162538 0.077553 0.076133
1 0.573940 0.236254 0.140173 0.071299
1 0.531551 0.312085 0.055395 0.080363
1 0.584778 0.315710 0.039499 0.073112
1 0.657996 0.367976 0.097303 0.177644
1 0.155588 0.423565 0.195568 0.280363
1 0.574181 0.407553 0.140655 0.096073
1 0.574663 0.513897 0.141618 0.102115
1 0.782274 0.640181 0.264933 0.354683
1 0.298892 0.515710 0.079480 0.096073
1 0.577071 0.614502 0.146435 0.088218
1 0.198218 0.661329 0.280829 0.177039
1 0.405106 0.713595 0.120424 0.203021
1 0.577071 0.724773 0.146435 0.120242
1 0.107659 0.796073 0.162331 0.254381
1 0.235067 0.786103 0.077071 0.058006
1 0.308526 0.786103 0.060212 0.058006
1 0.246387 0.902417 0.086224 0.137160
