1 0.582998 0.123279 0.708300 0.086358
1 0.143836 0.324155 0.128122 0.423029
1 0.250201 0.251564 0.057212 0.107635
1 0.437953 0.332916 0.297341 0.270338
1 0.757051 0.385482 0.340854 0.375469
1 0.250201 0.386733 0.057212 0.130163
1 0.404110 0.600751 0.365028 0.265332
1 0.143836 0.627034 0.128122 0.152691
1 0.300161 0.698999 0.157131 0.296621
1 0.559629 0.719024 0.182917 0.256571
1 0.689766 0.650814 0.058018 0.120150
1 0.828767 0.719024 0.197421 0.256571
1 0.143836 0.782854 0.128122 0.128911
1 0.689766 0.787234 0.058018 0.120150
1 0.423852 0.798498 0.067687 0.097622
1 0.423852 0.909887 0.075745 0.065081
