1 0.128655 0.201946 0.171540 0.170316
1 0.599415 0.203163 0.173489 0.158151
1 0.340156 0.379562 0.204678 0.491484
1 0.809942 0.253041 0.208577 0.238443
1 0.608187 0.548662 0.179337 0.503650
1 0.139376 0.424574 0.181287 0.250608
1 0.792398 0.502433 0.243665 0.245742
1 0.852827 0.420925 0.122807 0.082725
1 0.825536 0.549878 0.072125 0.019465
1 0.139376 0.681265 0.181287 0.243309
1 0.302144 0.714112 0.128655 0.177616
1 0.408382 0.669100 0.068226 0.068127
1 0.741715 0.717762 0.142300 0.165450
1 0.863548 0.727494 0.085770 0.141119
1 0.408382 0.757908 0.068226 0.090024
1 0.249513 0.782238 0.093567 0.041363
1 0.278752 0.873479 0.085770 0.111922
1 0.374269 0.868613 0.085770 0.102190
