1 0.852542 0.184932 0.179661 0.154338
1 0.653107 0.300000 0.204896 0.269406
1 0.147458 0.297260 0.135970 0.258447
1 0.251601 0.297717 0.064030 0.259361
1 0.495857 0.338356 0.038795 0.165297
1 0.418832 0.405023 0.100942 0.262100
1 0.851036 0.374886 0.183427 0.192694
1 0.325989 0.343836 0.076460 0.121461
1 0.332768 0.475342 0.062900 0.121461
1 0.778154 0.502283 0.222976 0.135160
1 0.121846 0.615525 0.084746 0.352511
1 0.179661 0.494977 0.021846 0.111416
1 0.245951 0.566210 0.102448 0.253881
1 0.272505 0.487671 0.049341 0.096804
1 0.593974 0.618721 0.086629 0.353425
1 0.651789 0.572146 0.022976 0.260274
1 0.918079 0.525571 0.049341 0.088584
1 0.366855 0.667580 0.131827 0.244749
1 0.452919 0.667580 0.032768 0.244749
1 0.179661 0.626941 0.021846 0.132420
1 0.687947 0.640639 0.042561 0.123288
1 0.725235 0.622831 0.024482 0.087671
1 0.752542 0.622831 0.023352 0.087671
1 0.812241 0.687215 0.087759 0.216438
1 0.901130 0.687215 0.083239 0.216438
1 0.270621 0.685845 0.053107 0.067580
1 0.739925 0.735160 0.048588 0.120548
1 0.676648 0.762557 0.065160 0.098630
1 0.270621 0.759817 0.053107 0.060274
