1 0.206282 0.160807 0.259762 0.115885
1 0.132852 0.328125 0.102716 0.179688
1 0.272496 0.328125 0.176570 0.179688
1 0.415959 0.328125 0.100170 0.179688
1 0.572581 0.429036 0.123090 0.282552
1 0.694397 0.429036 0.110357 0.282552
1 0.824278 0.429036 0.140917 0.282552
1 0.275891 0.512370 0.089983 0.188802
1 0.115025 0.468099 0.067063 0.084635
1 0.184635 0.516276 0.084041 0.180990
1 0.395586 0.516276 0.140917 0.180990
1 0.676146 0.486979 0.073854 0.101562
1 0.112054 0.561198 0.061121 0.091146
1 0.676146 0.557292 0.073854 0.026042
1 0.275891 0.664062 0.083192 0.078125
