1 0.697519 0.332447 0.336514 0.526596
1 0.154262 0.347872 0.158397 0.282979
1 0.276081 0.286702 0.072519 0.160638
1 0.342557 0.230319 0.047710 0.047872
1 0.331107 0.431383 0.252545 0.450000
1 0.647583 0.286702 0.153944 0.160638
1 0.767176 0.286702 0.071247 0.160638
1 0.878499 0.289894 0.138677 0.167021
1 0.604644 0.412234 0.068066 0.077660
1 0.668575 0.426596 0.052163 0.106383
1 0.768130 0.511170 0.140585 0.275532
1 0.896310 0.486170 0.103053 0.219149
1 0.404898 0.442553 0.103690 0.127660
1 0.631361 0.555319 0.121501 0.195745
1 0.101463 0.565957 0.052799 0.180851
1 0.165394 0.576064 0.066158 0.160638
1 0.375636 0.560638 0.045165 0.093617
1 0.429707 0.559043 0.052799 0.090426
1 0.867366 0.744681 0.160941 0.282979
1 0.405216 0.664362 0.104326 0.103191
1 0.717875 0.683511 0.036260 0.056383
1 0.760496 0.683511 0.040076 0.056383
1 0.247774 0.689362 0.083333 0.053191
1 0.319656 0.689362 0.052799 0.053191
1 0.732824 0.817553 0.087786 0.173404
