1 0.606640 0.395508 0.557344 0.611328
1 0.175050 0.174805 0.112676 0.083984
1 0.275654 0.174805 0.072435 0.083984
1 0.192153 0.284180 0.146881 0.119141
1 0.351107 0.308594 0.150905 0.167969
1 0.523139 0.310547 0.177062 0.171875
1 0.567404 0.439453 0.386318 0.429688
1 0.212274 0.434570 0.187123 0.166016
1 0.370221 0.606445 0.108652 0.408203
1 0.702213 0.448242 0.040241 0.068359
1 0.212274 0.593750 0.187123 0.140625
1 0.548290 0.736328 0.231388 0.148438
1 0.161972 0.711914 0.086519 0.080078
1 0.259557 0.711914 0.092555 0.080078
1 0.212274 0.833984 0.187123 0.148438
1 0.387324 0.872070 0.126761 0.091797
