1 0.248588 0.120690 0.206618 0.196552
1 0.205811 0.364655 0.292171 0.253448
1 0.399112 0.364655 0.083132 0.253448
1 0.615819 0.366379 0.117837 0.253448
1 0.765537 0.501724 0.173527 0.524138
1 0.880549 0.364655 0.117837 0.250000
1 0.120258 0.627586 0.121065 0.272414
1 0.266344 0.627586 0.171106 0.272414
1 0.200161 0.548276 0.038741 0.096552
1 0.380549 0.567241 0.046005 0.134483
1 0.897902 0.566379 0.083132 0.132759
1 0.615819 0.632759 0.117837 0.262069
1 0.439064 0.568966 0.064568 0.131034
1 0.501211 0.568966 0.048426 0.131034
1 0.315577 0.602586 0.072639 0.063793
1 0.797417 0.701724 0.038741 0.124138
1 0.879742 0.701724 0.119451 0.124138
1 0.381356 0.703448 0.117030 0.120690
1 0.356336 0.773276 0.359161 0.239655
1 0.746973 0.831034 0.139629 0.093103
