1 0.095797 0.433333 0.122817 0.586395
1 0.242085 0.293197 0.158843 0.306122
1 0.771561 0.215646 0.161026 0.151020
1 0.916485 0.215646 0.121179 0.151020
1 0.399290 0.282313 0.087882 0.276190
1 0.497817 0.311565 0.102620 0.334694
1 0.597434 0.314286 0.096616 0.340136
1 0.951692 0.249660 0.050764 0.082993
1 0.795579 0.434014 0.209061 0.255782
1 0.939956 0.433333 0.074236 0.254422
1 0.221889 0.378231 0.050764 0.136054
1 0.117631 0.465986 0.079148 0.205442
1 0.300218 0.409524 0.042576 0.073469
1 0.878275 0.434694 0.043668 0.077551
1 0.376092 0.455102 0.041485 0.055782
1 0.421124 0.455102 0.044214 0.055782
1 0.242085 0.591837 0.158843 0.269388
1 0.862445 0.603401 0.113537 0.243537
1 0.546124 0.605442 0.199236 0.242177
1 0.399290 0.608163 0.087882 0.236735
1 0.940502 0.611565 0.073144 0.077551
1 0.766103 0.649660 0.150109 0.151020
1 0.117631 0.652381 0.079148 0.148299
1 0.188046 0.671429 0.050764 0.110204
1 0.940502 0.687755 0.073144 0.074830
1 0.620087 0.691837 0.051310 0.069388
1 0.173308 0.793878 0.228712 0.107483
1 0.506277 0.796599 0.211245 0.112925
