1 0.741245 0.130703 0.439689 0.113440
1 0.260052 0.135635 0.429313 0.103576
1 0.256161 0.385943 0.424125 0.367448
1 0.632296 0.318126 0.216602 0.226880
1 0.852789 0.318126 0.206226 0.226880
1 0.390402 0.465475 0.155642 0.208385
1 0.595979 0.475956 0.143969 0.071517
1 0.672503 0.557953 0.297017 0.235512
1 0.892996 0.493218 0.125811 0.106042
1 0.861219 0.595561 0.189364 0.160296
1 0.161479 0.673243 0.234760 0.207152
1 0.378080 0.713317 0.180285 0.270037
1 0.112192 0.816276 0.136187 0.061652
1 0.233463 0.816893 0.090791 0.062885
1 0.234112 0.905672 0.107652 0.085080
