1 0.173807 0.307368 0.227662 0.332632
1 0.475520 0.253684 0.356181 0.225263
1 0.705630 0.188421 0.089351 0.094737
1 0.850673 0.485263 0.181151 0.688421
1 0.912485 0.208421 0.057528 0.134737
1 0.705630 0.357895 0.089351 0.223158
1 0.477356 0.321053 0.053856 0.090526
1 0.473684 0.548421 0.359853 0.343158
1 0.607099 0.553684 0.093023 0.143158
1 0.706854 0.553684 0.082007 0.143158
1 0.148715 0.657895 0.177479 0.343158
1 0.298042 0.657895 0.177479 0.343158
1 0.595471 0.711579 0.116279 0.147368
1 0.705630 0.733684 0.089351 0.191579
1 0.425949 0.775789 0.061200 0.086316
1 0.498776 0.758947 0.062424 0.052632
1 0.560588 0.821053 0.186047 0.042105
