1 0.224283 0.066514 0.370995 0.077982
1 0.153879 0.030734 0.059865 0.006422
1 0.731450 0.066514 0.287521 0.076147
1 0.139966 0.309633 0.220911 0.388073
1 0.193929 0.200000 0.139966 0.168807
1 0.333474 0.200000 0.139123 0.168807
1 0.659359 0.219266 0.134907 0.196330
1 0.802698 0.201376 0.134907 0.160550
1 0.802698 0.314679 0.134907 0.056881
1 0.362563 0.317890 0.080944 0.055963
1 0.633221 0.357798 0.094435 0.132110
1 0.324199 0.360092 0.157673 0.133028
1 0.191821 0.358716 0.129005 0.128440
1 0.779933 0.361009 0.187184 0.125688
1 0.825885 0.389450 0.031197 0.000917
1 0.319140 0.470642 0.117201 0.066055
1 0.615514 0.556422 0.391231 0.087156
1 0.307757 0.533486 0.050590 0.037615
1 0.468803 0.665138 0.075885 0.104587
1 0.559865 0.635780 0.086003 0.045872
1 0.647976 0.656422 0.076728 0.087156
1 0.747049 0.679358 0.107926 0.133028
1 0.601602 0.791284 0.169477 0.252294
1 0.647976 0.748624 0.076728 0.084404
1 0.747049 0.794954 0.107926 0.085321
1 0.863828 0.794954 0.103710 0.085321
1 0.747049 0.881193 0.107926 0.072477
1 0.731872 0.892202 0.077572 0.050459
