1 0.247795 0.330537 0.449735 0.365772
1 0.650794 0.286074 0.239859 0.273490
1 0.881834 0.286074 0.197531 0.273490
1 0.692240 0.489094 0.322751 0.203020
1 0.091711 0.511745 0.137566 0.157718
1 0.922399 0.511745 0.116402 0.157718
1 0.185185 0.631711 0.158730 0.236577
1 0.374780 0.631711 0.195767 0.236577
1 0.670194 0.676174 0.278660 0.151007
1 0.901235 0.671980 0.158730 0.142617
1 0.086420 0.676174 0.126984 0.147651
1 0.080247 0.848154 0.135802 0.156040
1 0.213404 0.799497 0.105820 0.058725
1 0.642857 0.847315 0.245150 0.154362
