1 0.264828 0.094702 0.286897 0.091391
1 0.306207 0.343046 0.262069 0.370861
1 0.624828 0.294040 0.195862 0.272848
1 0.826897 0.274834 0.188966 0.234437
1 0.108276 0.211258 0.117241 0.101987
1 0.105517 0.362914 0.131034 0.180132
1 0.586897 0.462252 0.120000 0.124503
1 0.788276 0.462252 0.266207 0.124503
1 0.107586 0.548344 0.135172 0.172185
1 0.306207 0.627152 0.262069 0.197351
1 0.724138 0.631126 0.394483 0.197351
1 0.103448 0.684106 0.126897 0.083444
1 0.135862 0.811258 0.200000 0.131126
1 0.618621 0.808609 0.194483 0.115232
