1 0.109824 0.155894 0.138179 0.220532
1 0.256789 0.461977 0.147764 0.615970
1 0.405751 0.371673 0.138978 0.435361
1 0.606230 0.308935 0.132588 0.298479
1 0.824281 0.223384 0.289137 0.127376
1 0.087061 0.371673 0.071885 0.161597
1 0.152955 0.342205 0.051917 0.102662
1 0.515176 0.462928 0.039936 0.321293
1 0.824281 0.536122 0.289137 0.467681
1 0.887380 0.441065 0.162939 0.277567
1 0.142971 0.461027 0.071885 0.115970
1 0.086262 0.608365 0.071885 0.292776
1 0.606230 0.619772 0.132588 0.300380
1 0.130990 0.636882 0.095847 0.235741
1 0.446486 0.571293 0.057508 0.036122
1 0.714856 0.668251 0.070288 0.203422
1 0.770767 0.668251 0.033546 0.203422
1 0.376997 0.679658 0.081470 0.180608
1 0.446486 0.679658 0.057508 0.180608
1 0.351038 0.852662 0.098243 0.146388
