1 0.093851 0.405754 0.140777 0.573413
1 0.250809 0.316468 0.163430 0.394841
1 0.395227 0.258929 0.167476 0.279762
1 0.645631 0.176587 0.234628 0.099206
1 0.875809 0.168651 0.214401 0.083333
1 0.782362 0.339286 0.122977 0.329365
1 0.915453 0.408730 0.135113 0.369048
1 0.595469 0.404762 0.134304 0.341270
1 0.691343 0.318452 0.049353 0.164683
1 0.358819 0.552579 0.042880 0.287698
1 0.432039 0.552579 0.093851 0.287698
1 0.691343 0.458333 0.049353 0.091270
1 0.830097 0.679563 0.030744 0.418651
1 0.681634 0.556548 0.029935 0.073413
1 0.754854 0.704365 0.105178 0.369048
1 0.199838 0.575397 0.061489 0.103175
1 0.231796 0.707341 0.125405 0.367063
1 0.315534 0.572421 0.033981 0.097222
1 0.612460 0.738095 0.168285 0.301587
1 0.915858 0.651786 0.134304 0.085317
1 0.315534 0.761905 0.033981 0.257937
1 0.121764 0.789683 0.084951 0.170635
1 0.379450 0.792659 0.084142 0.168651
