1 0.426148 0.090336 0.405190 0.113445
1 0.097804 0.101541 0.083832 0.105042
1 0.767465 0.256303 0.381238 0.394958
1 0.169661 0.228992 0.179641 0.113445
1 0.418164 0.308824 0.293413 0.273109
1 0.191617 0.408964 0.243513 0.224090
1 0.321357 0.464286 0.123752 0.113445
1 0.579840 0.560924 0.373253 0.214286
1 0.867265 0.507003 0.181637 0.106443
1 0.158683 0.570728 0.177645 0.085434
1 0.320359 0.570728 0.125749 0.085434
1 0.792415 0.725490 0.331337 0.313725
1 0.265469 0.750000 0.391218 0.256303
1 0.542914 0.727591 0.143713 0.102241
1 0.542914 0.899860 0.291417 0.194678
