1 0.300568 0.288889 0.496591 0.391667
1 0.789773 0.215972 0.111364 0.062500
1 0.187500 0.355556 0.259091 0.211111
1 0.361364 0.325000 0.079545 0.150000
1 0.439773 0.283333 0.075000 0.066667
1 0.669318 0.273611 0.115909 0.041667
1 0.911364 0.275694 0.118182 0.045833
1 0.788068 0.409028 0.103409 0.295833
1 0.671591 0.354861 0.122727 0.098611
1 0.905682 0.359722 0.122727 0.100000
1 0.441477 0.357639 0.071591 0.070833
1 0.177841 0.475000 0.123864 0.150000
1 0.306818 0.475000 0.134091 0.150000
1 0.403977 0.419444 0.051136 0.038889
1 0.456250 0.419444 0.042045 0.038889
1 0.671591 0.459028 0.122727 0.101389
1 0.905682 0.463889 0.122727 0.100000
1 0.427841 0.496528 0.098864 0.104167
1 0.355682 0.515278 0.036364 0.069444
1 0.780682 0.519444 0.031818 0.075000
1 0.819886 0.519444 0.039773 0.075000
1 0.665909 0.543056 0.118182 0.047222
1 0.908523 0.545139 0.117045 0.043056
1 0.294318 0.588889 0.102273 0.066667
1 0.468750 0.731250 0.110227 0.198611
1 0.575568 0.674306 0.092045 0.084722
1 0.672159 0.754861 0.085227 0.245833
1 0.750568 0.754861 0.055682 0.245833
1 0.879545 0.754861 0.188636 0.245833
1 0.293750 0.663889 0.114773 0.055556
1 0.554545 0.800000 0.134091 0.155556
1 0.582386 0.840972 0.078409 0.073611
1 0.447159 0.856250 0.067045 0.043056
