1 0.508663 0.154077 0.675743 0.130695
1 0.267327 0.381894 0.165842 0.281775
1 0.484530 0.381894 0.253713 0.281775
1 0.721535 0.354317 0.220297 0.226619
1 0.672030 0.553357 0.106436 0.157074
1 0.782178 0.534772 0.099010 0.119904
1 0.571782 0.625300 0.079208 0.205036
1 0.490718 0.576739 0.068069 0.093525
1 0.314975 0.578537 0.261139 0.089928
1 0.725248 0.722422 0.212871 0.241007
1 0.490099 0.679856 0.066832 0.093525
1 0.314975 0.804556 0.283416 0.321343
1 0.534035 0.789568 0.154703 0.106715
1 0.556312 0.914868 0.199257 0.100719
