1 0.459847 0.145591 0.640535 0.174709
1 0.237094 0.348586 0.168260 0.194676
1 0.465583 0.371880 0.288719 0.241265
1 0.697897 0.371880 0.160612 0.241265
1 0.199809 0.504160 0.093690 0.103161
1 0.304971 0.519967 0.101338 0.134775
1 0.402486 0.581531 0.078394 0.178037
1 0.479924 0.540765 0.065010 0.083195
1 0.615679 0.542429 0.187380 0.079867
1 0.786807 0.542429 0.131931 0.079867
1 0.254302 0.665557 0.202677 0.206323
1 0.479924 0.628952 0.065010 0.083195
1 0.655832 0.737105 0.248566 0.276206
1 0.437859 0.722962 0.149140 0.091514
1 0.426386 0.831115 0.210325 0.088186
