1 0.136103 0.104441 0.172875 0.097039
1 0.424069 0.115954 0.051576 0.074013
1 0.696753 0.134868 0.048711 0.042763
1 0.751671 0.260691 0.189112 0.182566
1 0.891595 0.216283 0.081184 0.093750
1 0.951767 0.260691 0.023878 0.182566
1 0.143266 0.259046 0.168099 0.166118
1 0.317096 0.330592 0.168099 0.309211
1 0.429799 0.221217 0.053486 0.090461
1 0.538204 0.314967 0.155683 0.277961
1 0.891595 0.311678 0.081184 0.080592
1 0.429799 0.341283 0.053486 0.136513
1 0.102197 0.392270 0.085960 0.169408
1 0.189112 0.413651 0.076409 0.126645
1 0.866762 0.538651 0.130850 0.356908
1 0.720630 0.547697 0.144222 0.365132
1 0.444126 0.537829 0.085960 0.243421
1 0.521490 0.504112 0.059217 0.083882
1 0.585960 0.504112 0.060172 0.083882
1 0.127507 0.599507 0.136581 0.228618
1 0.300860 0.665296 0.200573 0.360197
1 0.553964 0.658717 0.124164 0.208882
1 0.446514 0.715461 0.081184 0.095395
1 0.866285 0.783717 0.118434 0.106908
1 0.109838 0.811678 0.152818 0.146382
1 0.521968 0.827303 0.214900 0.082237
