1 0.615984 0.171655 0.510721 0.315141
1 0.302144 0.129401 0.074074 0.103873
1 0.195906 0.122359 0.126706 0.079225
1 0.195906 0.219190 0.126706 0.100352
1 0.302144 0.227993 0.074074 0.082746
1 0.231969 0.357394 0.214425 0.165493
1 0.431774 0.465669 0.169591 0.230634
1 0.733918 0.469190 0.434698 0.237676
1 0.060429 0.489437 0.085770 0.147887
1 0.231969 0.514085 0.214425 0.133803
1 0.213450 0.706866 0.177388 0.237676
1 0.533138 0.623239 0.446394 0.070423
1 0.856725 0.706866 0.189084 0.237676
1 0.409357 0.745599 0.198830 0.160211
1 0.580897 0.745599 0.128655 0.160211
1 0.704678 0.699824 0.103314 0.068662
1 0.704678 0.782570 0.103314 0.086268
1 0.645224 0.922535 0.233918 0.151408
