1 0.320876 0.263378 0.105670 0.469900
1 0.147552 0.117893 0.217784 0.165552
1 0.233247 0.479933 0.389175 0.535117
1 0.237113 0.673077 0.082474 0.342809
1 0.074098 0.594482 0.070876 0.162207
1 0.152062 0.594482 0.074742 0.162207
1 0.478093 0.624582 0.110825 0.215719
1 0.571521 0.710702 0.184278 0.387960
1 0.796392 0.710702 0.247423 0.387960
1 0.959407 0.629599 0.052835 0.148829
1 0.114046 0.793478 0.150773 0.222408
1 0.424613 0.805184 0.101804 0.198997
1 0.959407 0.805184 0.052835 0.148829
1 0.327964 0.826087 0.078608 0.157191
1 0.237113 0.878763 0.082474 0.051839
1 0.221649 0.951505 0.085052 0.060201
