1 0.180595 0.200434 0.327195 0.357453
1 0.140935 0.617945 0.228045 0.442836
1 0.249292 0.495658 0.063739 0.198263
1 0.320113 0.476122 0.069405 0.159190
1 0.415368 0.443560 0.108357 0.094067
1 0.565864 0.617221 0.133144 0.276411
1 0.675283 0.617221 0.077195 0.276411
1 0.833569 0.617221 0.230878 0.276411
1 0.415368 0.668596 0.108357 0.341534
1 0.972380 0.618669 0.025496 0.111433
1 0.286119 0.633140 0.053824 0.137482
1 0.336048 0.633140 0.037535 0.131693
1 0.237252 0.652677 0.035411 0.098408
1 0.092068 0.729378 0.130312 0.219971
1 0.688739 0.687410 0.050283 0.136035
1 0.307011 0.774240 0.095609 0.130246
