1 0.774920 0.138386 0.241158 0.131796
1 0.356109 0.340198 0.200965 0.235585
1 0.586817 0.347611 0.244373 0.250412
1 0.794212 0.299835 0.170418 0.154860
1 0.129421 0.367381 0.217042 0.151565
1 0.794212 0.471993 0.170418 0.189456
1 0.130225 0.643328 0.218650 0.373970
1 0.356109 0.520593 0.200965 0.112026
1 0.586817 0.604613 0.244373 0.263591
1 0.794212 0.691928 0.170418 0.237232
1 0.319936 0.642504 0.118971 0.115321
1 0.479100 0.697694 0.186495 0.225700
1 0.568328 0.621911 0.078778 0.074135
1 0.317524 0.759473 0.123794 0.102142
1 0.644695 0.777595 0.128617 0.065898
1 0.636656 0.882208 0.173633 0.107084
