1 0.204047 0.397823 0.247892 0.379686
1 0.281197 0.256348 0.093592 0.096735
1 0.374368 0.287787 0.077572 0.159613
1 0.484401 0.251511 0.130691 0.087062
1 0.622260 0.287787 0.134907 0.159613
1 0.809865 0.529021 0.226813 0.642080
1 0.450253 0.334946 0.062395 0.065296
1 0.518128 0.334946 0.063238 0.065296
1 0.390388 0.491536 0.109612 0.228537
1 0.565346 0.492140 0.248735 0.229746
1 0.204047 0.722491 0.247892 0.255139
1 0.568297 0.728537 0.242833 0.243047
1 0.387858 0.733374 0.104553 0.233374
1 0.602867 0.802902 0.053963 0.094317
1 0.662732 0.802902 0.053963 0.094317
1 0.438449 0.902660 0.234401 0.059250
