1 0.379584 0.123311 0.184597 0.148649
1 0.863692 0.131757 0.172372 0.141892
1 0.158313 0.206081 0.257946 0.273649
1 0.663814 0.207770 0.281174 0.277027
1 0.323961 0.433277 0.286064 0.576014
1 0.861247 0.332770 0.162592 0.280405
1 0.133252 0.470439 0.207824 0.241554
1 0.648533 0.458615 0.250611 0.207770
1 0.616748 0.472128 0.072127 0.079392
1 0.824572 0.597973 0.235941 0.233108
1 0.567237 0.579392 0.088020 0.118243
1 0.611858 0.617399 0.177262 0.194257
1 0.074572 0.662162 0.090465 0.118243
1 0.178484 0.662162 0.107579 0.118243
1 0.176039 0.789696 0.122249 0.086149
1 0.305623 0.851351 0.122249 0.209459
1 0.115526 0.808277 0.001222 0.001689
