1 0.871332 0.182283 0.180587 0.197615
1 0.144470 0.192504 0.167043 0.166951
1 0.373589 0.246167 0.270880 0.274276
1 0.636005 0.246167 0.253950 0.274276
1 0.144470 0.349233 0.167043 0.146508
1 0.856095 0.417376 0.172686 0.214651
1 0.564334 0.609029 0.523702 0.451448
1 0.267494 0.471891 0.058691 0.160136
1 0.136569 0.643101 0.164786 0.383305
1 0.886005 0.620954 0.112867 0.158433
1 0.329007 0.700170 0.181716 0.269165
1 0.466140 0.620954 0.074492 0.110733
1 0.466140 0.760647 0.074492 0.148211
1 0.884312 0.776831 0.116253 0.115843
