1 0.472310 0.119490 0.871835 0.099768
1 0.134494 0.241299 0.151899 0.097448
1 0.403481 0.310905 0.348101 0.236659
1 0.733386 0.310905 0.311709 0.236659
1 0.136076 0.353828 0.161392 0.097448
1 0.162184 0.476798 0.213608 0.129930
1 0.431171 0.544084 0.299051 0.229698
1 0.651108 0.483179 0.118671 0.091647
1 0.806171 0.483179 0.166139 0.091647
1 0.740506 0.644432 0.297468 0.212297
1 0.234968 0.650232 0.359177 0.200696
1 0.498418 0.709397 0.145570 0.082367
1 0.505538 0.862529 0.172468 0.184455
1 0.898734 0.859629 0.104430 0.178654
