1 0.648148 0.112416 0.100529 0.194631
1 0.811287 0.112416 0.208113 0.194631
1 0.955908 0.037752 0.063492 0.045302
1 0.253086 0.155201 0.206349 0.276846
1 0.451499 0.122483 0.176367 0.211409
1 0.955908 0.138423 0.063492 0.142617
1 0.648148 0.255034 0.100529 0.077181
1 0.685185 0.340604 0.174603 0.248322
1 0.884480 0.340604 0.206349 0.248322
1 0.443563 0.349832 0.192240 0.229866
1 0.246032 0.382550 0.192240 0.164430
1 0.074956 0.365772 0.121693 0.067114
1 0.074956 0.438758 0.121693 0.052013
1 0.254850 0.739933 0.209877 0.449664
1 0.294533 0.588087 0.130511 0.145973
1 0.453263 0.588087 0.172840 0.145973
1 0.453263 0.816275 0.172840 0.296980
