1 0.314799 0.362298 0.132307 0.215726
1 0.444397 0.350605 0.117194 0.170565
1 0.612204 0.433065 0.210436 0.335484
1 0.398774 0.454839 0.025948 0.030645
1 0.674223 0.489516 0.027659 0.070968
1 0.703735 0.489516 0.027374 0.070968
1 0.484460 0.557661 0.119190 0.206452
1 0.335900 0.596169 0.148845 0.210081
1 0.577702 0.551411 0.059880 0.091532
1 0.664243 0.655242 0.106359 0.098387
1 0.556316 0.701210 0.080411 0.161290
1 0.436698 0.724597 0.125749 0.113710
1 0.316225 0.780645 0.109495 0.145968
1 0.391218 0.819556 0.034788 0.068145
