1 0.837405 0.190546 0.129771 0.342105
1 0.591603 0.103314 0.303817 0.163743
1 0.240458 0.117446 0.123664 0.182261
1 0.370992 0.074074 0.119084 0.095517
1 0.370992 0.168129 0.119084 0.080897
1 0.461069 0.279727 0.564885 0.189084
1 0.305344 0.418129 0.253435 0.191033
1 0.529771 0.485380 0.180153 0.222222
1 0.577099 0.409844 0.085496 0.059454
1 0.751908 0.449318 0.245802 0.138402
1 0.305344 0.593567 0.253435 0.148148
1 0.751908 0.596004 0.245802 0.143275
1 0.482443 0.634990 0.085496 0.065302
1 0.577099 0.634990 0.085496 0.065302
1 0.661832 0.742203 0.209160 0.117934
1 0.829008 0.742203 0.109924 0.117934
1 0.319847 0.827485 0.340458 0.286550
1 0.487786 0.739279 0.102290 0.110136
1 0.696947 0.882554 0.374046 0.153021
