1 0.326007 0.055195 0.156288 0.043599
1 0.163614 0.257885 0.188034 0.337662
1 0.314408 0.185065 0.250305 0.192022
1 0.532967 0.115492 0.174603 0.052876
1 0.735653 0.132653 0.208791 0.087199
1 0.461538 0.163265 0.031746 0.033395
1 0.516484 0.240724 0.210012 0.188312
1 0.730769 0.260204 0.218559 0.153061
1 0.190476 0.310761 0.051282 0.048237
1 0.313797 0.310761 0.180708 0.048237
1 0.330281 0.383117 0.130647 0.087199
1 0.471917 0.383117 0.296703 0.087199
1 0.735653 0.385436 0.208791 0.082560
1 0.199634 0.524119 0.255189 0.126160
1 0.470696 0.546846 0.274725 0.171614
1 0.729548 0.518553 0.216117 0.115028
1 0.900488 0.607143 0.199023 0.125232
1 0.598901 0.615028 0.159951 0.059369
1 0.650794 0.655844 0.263736 0.141002
1 0.166056 0.690631 0.188034 0.195733
1 0.227717 0.615492 0.064713 0.045455
1 0.296703 0.612709 0.058608 0.039889
1 0.900488 0.674861 0.199023 0.102968
1 0.360195 0.713822 0.183150 0.149351
1 0.534188 0.713822 0.147741 0.149351
1 0.645299 0.763915 0.047619 0.049165
1 0.720391 0.763915 0.090354 0.049165
1 0.804640 0.763915 0.065934 0.049165
1 0.893773 0.749072 0.078144 0.019481
1 0.371795 0.846475 0.155067 0.093692
