1 0.573529 0.054527 0.088235 0.010288
1 0.573529 0.161523 0.088235 0.183128
1 0.692873 0.212963 0.116516 0.265432
1 0.865385 0.164609 0.194570 0.168724
1 0.153846 0.279835 0.171946 0.209877
1 0.350113 0.213992 0.211538 0.078189
1 0.873303 0.468107 0.210407 0.380658
1 0.218326 0.529835 0.280543 0.495885
1 0.434955 0.388889 0.139140 0.213992
1 0.570136 0.455761 0.119910 0.347737
1 0.660068 0.408436 0.091629 0.109053
1 0.730204 0.408436 0.041855 0.109053
1 0.682692 0.549383 0.136878 0.156379
1 0.401584 0.563786 0.072398 0.115226
1 0.473416 0.563786 0.062217 0.115226
1 0.277715 0.783951 0.161765 0.312757
1 0.457014 0.703704 0.196833 0.148148
1 0.670249 0.730453 0.195701 0.144033
1 0.510747 0.859053 0.089367 0.162551
1 0.135747 0.865226 0.115385 0.150206
1 0.413462 0.866255 0.096154 0.148148
