1 0.156031 0.150731 0.112762 0.096738
1 0.352710 0.189539 0.065559 0.019123
1 0.156031 0.298650 0.165210 0.174353
1 0.342657 0.288526 0.087413 0.154106
1 0.427448 0.288526 0.075175 0.154106
1 0.194930 0.460630 0.087413 0.183352
1 0.326486 0.393701 0.055070 0.047244
1 0.411276 0.426884 0.107517 0.113611
1 0.110577 0.447132 0.074301 0.122610
1 0.430507 0.428009 0.009615 0.032621
1 0.326486 0.488751 0.055070 0.133858
1 0.411276 0.554556 0.107517 0.132733
1 0.112325 0.564117 0.077797 0.111361
1 0.168269 0.588301 0.034091 0.062992
1 0.213724 0.588301 0.049825 0.062992
1 0.326486 0.590551 0.055070 0.060742
1 0.194493 0.663667 0.088287 0.060742
1 0.177010 0.913386 0.084790 0.067492
