1 0.135944 0.288317 0.251210 0.401929
1 0.605477 0.315648 0.252750 0.442658
1 0.357897 0.263934 0.172459 0.301715
1 0.721183 0.308682 0.211835 0.385852
1 0.206445 0.293944 0.121205 0.172026
1 0.871095 0.312969 0.087989 0.205788
1 0.048834 0.401125 0.062912 0.189175
1 0.295755 0.523848 0.122525 0.267417
1 0.795315 0.521436 0.111967 0.262594
1 0.187857 0.465166 0.084030 0.147910
1 0.884844 0.478296 0.060493 0.110932
1 0.402552 0.496249 0.083150 0.139335
1 0.607017 0.632369 0.094369 0.241158
1 0.697206 0.632369 0.078971 0.241158
1 0.177849 0.634780 0.174879 0.240622
1 0.339529 0.570740 0.034096 0.111468
1 0.874065 0.647106 0.082050 0.211683
1 0.402552 0.667203 0.083150 0.175777
1 0.350088 0.696409 0.055213 0.117363
1 0.757369 0.707128 0.035636 0.091640
1 0.804114 0.707128 0.051254 0.091640
1 0.294435 0.712219 0.046854 0.085745
1 0.800704 0.822883 0.089309 0.093783
