1 0.285132 0.092047 0.133626 0.163476
1 0.138331 0.310015 0.106023 0.231222
1 0.274467 0.319588 0.158720 0.250368
1 0.420954 0.296760 0.127980 0.204713
1 0.762547 0.262150 0.398369 0.126657
1 0.049875 0.519146 0.053325 0.369661
1 0.625784 0.462445 0.124843 0.241532
1 0.761292 0.533137 0.139900 0.382916
1 0.898055 0.462445 0.127353 0.241532
1 0.531054 0.463181 0.047051 0.213549
1 0.362296 0.566274 0.080928 0.319588
1 0.424718 0.458763 0.037641 0.101620
1 0.465809 0.458763 0.038269 0.101620
1 0.111982 0.513255 0.045797 0.160530
1 0.164680 0.494845 0.053325 0.117820
1 0.258469 0.585420 0.126725 0.281296
1 0.710477 0.530191 0.038269 0.106038
1 0.766311 0.530191 0.065872 0.106038
1 0.445420 0.621502 0.079046 0.209131
1 0.138331 0.643594 0.106023 0.164948
1 0.679737 0.664212 0.232748 0.129602
1 0.899624 0.664212 0.124216 0.129602
1 0.351004 0.809278 0.089711 0.125184
