1 0.665468 0.078149 0.098321 0.095599
1 0.753597 0.109256 0.133094 0.157815
1 0.648681 0.160850 0.064748 0.054628
1 0.718225 0.248103 0.203837 0.107739
1 0.499400 0.434750 0.411271 0.244310
1 0.787170 0.433991 0.154676 0.242792
1 0.197842 0.572079 0.182254 0.160850
1 0.497002 0.651745 0.416067 0.189681
1 0.787170 0.654021 0.154676 0.185129
1 0.641487 0.613050 0.127098 0.100152
1 0.197842 0.772382 0.182254 0.239757
1 0.342926 0.836874 0.103118 0.229135
1 0.446643 0.852049 0.094724 0.198786
1 0.575540 0.852049 0.153477 0.198786
1 0.711031 0.852049 0.160671 0.198786
1 0.830935 0.777693 0.067146 0.050076
1 0.830935 0.880121 0.067146 0.142640
