1 0.724315 0.124093 0.224886 0.109589
1 0.114726 0.332796 0.143836 0.267526
1 0.278824 0.332796 0.174087 0.267526
1 0.513984 0.360193 0.285959 0.322321
1 0.751712 0.322321 0.179224 0.246575
1 0.707763 0.541902 0.091324 0.178082
1 0.799943 0.502820 0.082763 0.099919
1 0.085902 0.526591 0.086187 0.107172
1 0.296233 0.583400 0.323059 0.220790
1 0.559646 0.657937 0.194635 0.260274
1 0.799943 0.618856 0.082763 0.117647
1 0.114726 0.687752 0.143836 0.200645
1 0.266267 0.687752 0.148973 0.200645
1 0.707763 0.713135 0.091324 0.149879
1 0.799943 0.736906 0.082763 0.102337
1 0.373288 0.744158 0.055936 0.087832
1 0.432934 0.744158 0.049658 0.087832
1 0.358162 0.870266 0.090753 0.136986
1 0.440925 0.877115 0.062215 0.139404
