1 0.202823 0.216852 0.170968 0.127459
1 0.411492 0.290847 0.231855 0.275449
1 0.619960 0.209438 0.172177 0.112632
1 0.810887 0.226547 0.194355 0.146849
1 0.173387 0.243798 0.106452 0.073567
1 0.055645 0.335329 0.079839 0.134588
1 0.850403 0.307670 0.115323 0.077559
1 0.341935 0.349444 0.092742 0.158255
1 0.605645 0.349444 0.200806 0.158255
1 0.338105 0.286570 0.085081 0.029655
1 0.202823 0.356287 0.170968 0.144568
1 0.750000 0.325492 0.072581 0.041916
1 0.810887 0.389792 0.194355 0.077559
1 0.955645 0.386940 0.052419 0.039350
1 0.305040 0.473909 0.143145 0.059880
1 0.348790 0.675078 0.454839 0.130881
1 0.754032 0.745509 0.320161 0.271742
1 0.339516 0.825492 0.484677 0.145994
