1 0.318697 0.192964 0.249292 0.217484
1 0.548867 0.183902 0.182720 0.199360
1 0.737960 0.183902 0.169972 0.199360
1 0.504249 0.398188 0.271955 0.210021
1 0.703966 0.398188 0.101983 0.210021
1 0.274788 0.335821 0.161473 0.049041
1 0.274788 0.436567 0.161473 0.133262
1 0.330028 0.606077 0.257790 0.094883
1 0.635977 0.719083 0.339943 0.320896
1 0.264164 0.621535 0.126062 0.063966
1 0.778329 0.686034 0.055241 0.060768
1 0.359773 0.698294 0.198300 0.078891
1 0.206799 0.730277 0.070822 0.121535
1 0.615439 0.729744 0.092068 0.118337
1 0.315156 0.811301 0.287535 0.136461
1 0.531161 0.907783 0.062323 0.037313
