1 0.582222 0.091549 0.722963 0.061033
1 0.582222 0.234742 0.281481 0.288732
1 0.135556 0.233568 0.134815 0.281690
1 0.837037 0.233568 0.213333 0.204225
1 0.326667 0.234155 0.211852 0.203052
1 0.439259 0.164906 0.131852 0.064554
1 0.668148 0.297535 0.109630 0.076291
1 0.582222 0.377347 0.722963 0.059859
1 0.360741 0.487089 0.582222 0.103286
1 0.138519 0.729460 0.134815 0.369718
1 0.272593 0.583333 0.103704 0.061033
1 0.523704 0.626761 0.386667 0.147887
1 0.832593 0.626761 0.216296 0.147887
1 0.272593 0.668427 0.103704 0.099765
1 0.385926 0.800469 0.111111 0.199531
1 0.612593 0.800469 0.342222 0.199531
1 0.865926 0.803404 0.149630 0.193662
1 0.272593 0.811620 0.103704 0.177230
1 0.747407 0.791667 0.072593 0.062207
1 0.747407 0.863850 0.072593 0.072770
1 0.401481 0.946009 0.142222 0.063380
