1 0.338021 0.108681 0.080208 0.111806
1 0.559635 0.286458 0.257812 0.381250
1 0.380990 0.139236 0.076563 0.057639
1 0.277865 0.169792 0.113021 0.111806
1 0.378646 0.199653 0.081250 0.052083
1 0.289844 0.281944 0.139063 0.102778
1 0.391146 0.281944 0.056250 0.102778
1 0.283594 0.414931 0.126562 0.152083
1 0.513281 0.498958 0.332813 0.320139
1 0.421094 0.592361 0.160938 0.202778
1 0.732292 0.575694 0.096875 0.166667
1 0.278125 0.553472 0.115625 0.111111
1 0.371875 0.525000 0.062500 0.054167
1 0.277083 0.731944 0.113542 0.227778
1 0.380208 0.722917 0.079167 0.168056
1 0.547917 0.735417 0.085417 0.143056
1 0.617969 0.698264 0.047396 0.068750
1 0.662500 0.698264 0.034375 0.068750
1 0.732292 0.698264 0.096875 0.068750
1 0.462500 0.734375 0.078125 0.070139
1 0.430990 0.829167 0.171354 0.088889
