1 0.180380 0.058685 0.208861 0.076682
1 0.424051 0.096244 0.261603 0.151800
1 0.639241 0.096244 0.156118 0.151800
1 0.814346 0.096244 0.181435 0.151800
1 0.180380 0.171362 0.208861 0.136150
1 0.280591 0.280908 0.409283 0.217527
1 0.633966 0.280908 0.297468 0.217527
1 0.845992 0.209703 0.118143 0.065728
1 0.799578 0.318466 0.210970 0.142410
1 0.697257 0.499218 0.141350 0.203443
1 0.840717 0.456964 0.128692 0.118936
1 0.331224 0.548513 0.548523 0.286385
1 0.840717 0.561033 0.128692 0.079812
1 0.714135 0.640845 0.175105 0.070423
1 0.855485 0.640845 0.099156 0.070423
1 0.694093 0.830203 0.455696 0.276995
