1 0.751411 0.083796 0.300790 0.071296
1 0.342269 0.240741 0.375282 0.377778
1 0.638262 0.181481 0.067720 0.107407
1 0.711907 0.216667 0.073928 0.177778
1 0.791196 0.217130 0.074492 0.176852
1 0.864560 0.181019 0.067720 0.104630
1 0.220937 0.185648 0.063770 0.104630
1 0.292889 0.219444 0.074492 0.172222
1 0.372178 0.219907 0.073928 0.171296
1 0.444131 0.185648 0.064334 0.102778
1 0.578442 0.273148 0.039503 0.142593
1 0.864560 0.280556 0.067720 0.087037
1 0.638262 0.281944 0.067720 0.086111
1 0.444131 0.284722 0.064334 0.087963
1 0.220937 0.286111 0.063770 0.085185
1 0.292889 0.360648 0.074492 0.110185
1 0.372178 0.360648 0.073928 0.110185
1 0.711907 0.360648 0.073928 0.110185
1 0.791196 0.360648 0.074492 0.110185
1 0.500000 0.368981 0.020316 0.121296
1 0.857223 0.372222 0.082393 0.087037
1 0.645598 0.372685 0.082393 0.086111
1 0.436795 0.374074 0.079007 0.083333
1 0.228555 0.374537 0.079007 0.082407
1 0.881208 0.387037 0.031038 0.050000
1 0.621896 0.387963 0.031603 0.050000
1 0.460497 0.388889 0.031603 0.046296
1 0.205418 0.390278 0.030474 0.047222
1 0.701185 0.397222 0.023138 0.037037
1 0.802483 0.397222 0.022573 0.037037
1 0.282167 0.397685 0.022573 0.036111
1 0.382901 0.397685 0.023138 0.036111
1 0.751693 0.470833 0.176072 0.089815
1 0.512980 0.761111 0.382619 0.390741
1 0.429176 0.799537 0.140519 0.284259
1 0.574492 0.799537 0.139955 0.284259
1 0.396163 0.904167 0.074492 0.075000
