1 0.650000 0.509936 0.137121 0.554487
1 0.766856 0.309615 0.086742 0.153846
1 0.369697 0.343269 0.117424 0.219872
1 0.490341 0.343269 0.114773 0.219872
1 0.766856 0.486859 0.086742 0.200641
1 0.350379 0.494551 0.078788 0.069872
1 0.392045 0.573397 0.162121 0.227564
1 0.511364 0.510577 0.065909 0.099359
1 0.495455 0.609295 0.104545 0.155769
1 0.761742 0.724359 0.096970 0.258974
1 0.641098 0.613141 0.048106 0.026282
1 0.617992 0.824359 0.073106 0.058974
1 0.683902 0.824359 0.049621 0.058974
1 0.683902 0.908654 0.050379 0.075000
