1 0.099084 0.206813 0.081329 0.316302
1 0.533792 0.165450 0.075601 0.184915
1 0.596793 0.119221 0.038946 0.092457
1 0.516609 0.114355 0.032073 0.068127
1 0.722222 0.209246 0.097365 0.257908
1 0.812142 0.139903 0.071019 0.119221
1 0.894616 0.244526 0.116838 0.328467
1 0.186140 0.463504 0.287514 0.761557
1 0.375716 0.246959 0.080183 0.328467
1 0.455899 0.170316 0.068729 0.175182
1 0.596793 0.217762 0.038946 0.080292
1 0.803551 0.273723 0.053837 0.128954
1 0.455899 0.340633 0.068729 0.141119
1 0.556128 0.486618 0.120275 0.433090
1 0.761741 0.525547 0.176403 0.355231
1 0.388889 0.562044 0.202749 0.282238
1 0.904353 0.563260 0.097365 0.284672
1 0.227950 0.667883 0.119129 0.352798
1 0.796678 0.600973 0.106529 0.209246
1 0.447881 0.625304 0.084765 0.155718
1 0.309278 0.642336 0.041237 0.121655
1 0.612257 0.672749 0.008018 0.060827
1 0.525773 0.804136 0.208477 0.143552
1 0.863688 0.804136 0.201604 0.138686
