1 0.666016 0.173280 0.125000 0.129630
1 0.760742 0.164021 0.052734 0.111111
1 0.868164 0.194444 0.150391 0.171958
1 0.772461 0.420635 0.080078 0.386243
1 0.666992 0.349206 0.130859 0.206349
1 0.868164 0.378307 0.150391 0.179894
1 0.665039 0.560847 0.126953 0.216931
1 0.829102 0.510582 0.072266 0.068783
1 0.907227 0.510582 0.072266 0.068783
1 0.708984 0.550265 0.039062 0.021164
1 0.829102 0.611111 0.072266 0.116402
1 0.907227 0.611111 0.072266 0.116402
1 0.708984 0.619048 0.039062 0.100529
1 0.155273 0.703704 0.208984 0.238095
1 0.221680 0.607143 0.076172 0.044974
1 0.396484 0.612434 0.128906 0.050265
1 0.503906 0.608466 0.074219 0.042328
1 0.759766 0.645503 0.050781 0.047619
1 0.436523 0.728836 0.208984 0.182540
1 0.221680 0.747354 0.076172 0.150794
1 0.758789 0.708995 0.052734 0.042328
