1 0.269504 0.241935 0.290780 0.108871
1 0.715426 0.245968 0.296099 0.096774
1 0.624113 0.365927 0.113475 0.127016
1 0.775709 0.493952 0.189716 0.383065
1 0.206560 0.493952 0.164894 0.375000
1 0.357270 0.424395 0.125887 0.235887
1 0.625887 0.555444 0.117021 0.260081
1 0.333333 0.614919 0.173759 0.133065
1 0.845745 0.664315 0.049645 0.038306
1 0.670213 0.740927 0.081560 0.114919
1 0.595745 0.716734 0.056738 0.062500
1 0.204787 0.779234 0.161348 0.183468
1 0.318262 0.717742 0.054965 0.060484
1 0.386525 0.727823 0.067376 0.080645
1 0.780142 0.779234 0.180851 0.179435
1 0.355496 0.813508 0.129433 0.114919
1 0.595745 0.812500 0.056738 0.112903
1 0.656915 0.841734 0.054965 0.074597
1 0.659574 0.917339 0.060284 0.048387
