1 0.487769 0.130584 0.198630 0.116838
1 0.833659 0.139175 0.121331 0.099656
1 0.931018 0.139175 0.055773 0.099656
1 0.362035 0.375143 0.203523 0.335624
1 0.520548 0.317869 0.113503 0.221077
1 0.695695 0.327606 0.140900 0.238259
1 0.862524 0.336197 0.177104 0.255441
1 0.860568 0.473081 0.065558 0.082474
1 0.523973 0.480527 0.106654 0.090493
1 0.668297 0.498855 0.086106 0.085911
1 0.723092 0.563574 0.195695 0.215349
1 0.857143 0.578465 0.187867 0.185567
1 0.143346 0.690722 0.202544 0.373425
1 0.518591 0.601375 0.117417 0.135166
1 0.395303 0.605956 0.115460 0.128293
1 0.298924 0.610538 0.077299 0.119129
1 0.409980 0.706758 0.086106 0.059565
1 0.305284 0.777205 0.101761 0.179840
1 0.417319 0.815006 0.100783 0.124857
