1 0.100373 0.321185 0.124627 0.501139
1 0.225000 0.321185 0.109701 0.501139
1 0.253731 0.139522 0.052239 0.137813
1 0.401493 0.139522 0.226866 0.137813
1 0.336567 0.288155 0.097015 0.141230
1 0.453731 0.288155 0.122388 0.141230
1 0.596642 0.290433 0.148507 0.145786
1 0.733955 0.290433 0.109701 0.145786
1 0.889925 0.342255 0.187313 0.249431
1 0.655597 0.461276 0.266418 0.195900
1 0.838060 0.513667 0.083582 0.072893
1 0.935075 0.513667 0.097015 0.072893
1 0.655597 0.726651 0.266418 0.334852
1 0.889925 0.644077 0.187313 0.162870
1 0.889925 0.814920 0.187313 0.158314
1 0.750000 0.857062 0.077612 0.074032
