1 0.570227 0.201058 0.049794 0.074074
1 0.454842 0.363536 0.167239 0.211199
1 0.642170 0.358245 0.200549 0.200617
1 0.815591 0.359568 0.137363 0.203263
1 0.238496 0.413801 0.234547 0.109788
1 0.544643 0.500882 0.072802 0.211640
1 0.082761 0.429233 0.058379 0.063051
1 0.850618 0.463404 0.067308 0.056437
1 0.471841 0.472002 0.063874 0.066578
1 0.661745 0.569444 0.161401 0.222663
1 0.815591 0.524030 0.137363 0.115961
1 0.437500 0.577822 0.132555 0.205908
1 0.233860 0.626984 0.243819 0.292769
1 0.928571 0.536155 0.057692 0.083774
1 0.781593 0.634259 0.069368 0.093034
1 0.852335 0.634480 0.059753 0.088183
1 0.544643 0.646605 0.072802 0.068342
1 0.477163 0.736993 0.242788 0.072751
