1 0.585227 0.275407 0.143182 0.140244
1 0.684091 0.254065 0.100000 0.097561
1 0.820455 0.321138 0.145455 0.231707
1 0.701136 0.373984 0.075000 0.126016
1 0.542045 0.394309 0.047727 0.085366
1 0.615909 0.394309 0.081818 0.085366
1 0.475000 0.468496 0.040909 0.050813
1 0.596591 0.472561 0.165909 0.042683
1 0.721591 0.479675 0.047727 0.052846
1 0.292045 0.583333 0.188636 0.146341
1 0.473864 0.560976 0.156818 0.101626
1 0.619318 0.576220 0.120455 0.132114
1 0.439773 0.689024 0.088636 0.142276
1 0.585227 0.733740 0.188636 0.231707
1 0.226136 0.686992 0.056818 0.052846
1 0.287500 0.686992 0.056818 0.052846
1 0.354545 0.686992 0.063636 0.052846
1 0.292045 0.784553 0.188636 0.130081
1 0.438636 0.791667 0.068182 0.050813
1 0.437500 0.852642 0.088636 0.054878
