1 0.200389 0.228592 0.212062 0.224964
1 0.478599 0.300435 0.330739 0.368650
1 0.754864 0.296081 0.206226 0.359942
1 0.200389 0.441945 0.212062 0.181422
1 0.802043 0.525399 0.111868 0.179971
1 0.478599 0.690131 0.330739 0.410740
1 0.415856 0.568215 0.205253 0.164006
1 0.695525 0.550798 0.087549 0.129173
1 0.917315 0.703919 0.105058 0.383164
1 0.200875 0.641509 0.211089 0.197388
1 0.754864 0.760522 0.206226 0.269956
1 0.404183 0.772859 0.213035 0.245283
1 0.241732 0.796081 0.096304 0.198839
1 0.141051 0.822932 0.091440 0.145138
