1 0.619134 0.012673 0.140794 0.025346
1 0.158845 0.101382 0.180505 0.110599
1 0.624549 0.228111 0.722022 0.364055
1 0.158845 0.256912 0.180505 0.182028
1 0.019856 0.427419 0.039711 0.140553
1 0.196751 0.448157 0.256318 0.182028
1 0.480144 0.565668 0.288809 0.311060
1 0.732852 0.470046 0.194946 0.101382
1 0.915162 0.470046 0.140794 0.101382
1 0.810469 0.673963 0.350181 0.292627
1 0.232852 0.683180 0.328520 0.274194
1 0.516245 0.775346 0.216606 0.089862
1 0.375451 0.905530 0.180505 0.129032
1 0.570397 0.912442 0.166065 0.142857
