1 0.318298 0.161660 0.493683 0.143634
1 0.702921 0.296567 0.238847 0.359657
1 0.905942 0.225465 0.153770 0.217454
1 0.155053 0.402289 0.149822 0.312446
1 0.296092 0.410157 0.095934 0.300715
1 0.399724 0.350072 0.097118 0.180544
1 0.515890 0.368097 0.121792 0.216595
1 0.905942 0.424464 0.153770 0.163948
1 0.401895 0.518598 0.092775 0.135336
1 0.666206 0.557797 0.422424 0.145637
1 0.932985 0.573391 0.099684 0.114449
1 0.154757 0.722031 0.150415 0.306438
1 0.296092 0.709585 0.095934 0.276967
1 0.382254 0.633763 0.062179 0.074392
1 0.500790 0.722031 0.299250 0.250930
1 0.693150 0.682117 0.070865 0.081831
1 0.766581 0.682117 0.061784 0.081831
1 0.893802 0.743634 0.178050 0.204864
1 0.728583 0.810157 0.119621 0.125608
