1 0.276678 0.227273 0.458692 0.310606
1 0.563253 0.165720 0.105852 0.187500
1 0.651033 0.227273 0.327883 0.310606
1 0.749139 0.097064 0.131670 0.050189
1 0.490103 0.173769 0.031842 0.044508
1 0.613167 0.344223 0.128227 0.076705
1 0.728485 0.359848 0.095525 0.045455
1 0.797762 0.359848 0.034423 0.045455
1 0.142857 0.622159 0.196213 0.297348
1 0.280551 0.555398 0.098107 0.163826
1 0.405336 0.522254 0.142857 0.097538
1 0.539587 0.533617 0.115318 0.120265
1 0.651893 0.555398 0.100688 0.163826
1 0.762909 0.529356 0.112737 0.111742
1 0.405336 0.606534 0.142857 0.061553
1 0.740534 0.619318 0.073150 0.058712
1 0.800344 0.612689 0.037866 0.045455
1 0.853270 0.617898 0.049053 0.052083
1 0.543460 0.617424 0.107573 0.039773
1 0.800344 0.659564 0.037866 0.038826
1 0.269793 0.658617 0.031842 0.033144
1 0.302926 0.706439 0.142857 0.128788
1 0.384682 0.675189 0.065404 0.066288
1 0.454389 0.675189 0.065404 0.066288
1 0.519363 0.684659 0.055938 0.085227
1 0.616179 0.706439 0.127367 0.128788
1 0.751721 0.711648 0.135112 0.118371
1 0.433305 0.742424 0.107573 0.056818
1 0.503442 0.751420 0.024096 0.038826
1 0.533993 0.751420 0.026678 0.038826
1 0.330895 0.758049 0.030120 0.025568
1 0.313253 0.806818 0.013769 0.051136
1 0.350688 0.806818 0.014630 0.051136
1 0.515060 0.806818 0.012909 0.051136
1 0.552496 0.806818 0.013769 0.051136
