1 0.124090 0.187848 0.191264 0.261984
1 0.350761 0.178930 0.247518 0.244147
1 0.518200 0.109810 0.074123 0.105909
1 0.643283 0.250279 0.160159 0.386845
1 0.849768 0.168339 0.232958 0.222965
1 0.518200 0.231327 0.074123 0.117057
1 0.344474 0.531773 0.234944 0.461538
1 0.508604 0.531773 0.093316 0.461538
1 0.861019 0.616499 0.239576 0.619844
1 0.081734 0.448161 0.106552 0.236343
1 0.173064 0.352843 0.093316 0.045708
1 0.190602 0.476589 0.097948 0.179487
1 0.643283 0.585284 0.160159 0.354515
1 0.134017 0.670011 0.211118 0.185061
1 0.430841 0.855630 0.620781 0.121516
