1 0.316817 0.253797 0.525526 0.279747
1 0.734234 0.250000 0.309309 0.272152
1 0.560060 0.472152 0.186186 0.156962
1 0.777778 0.476582 0.222222 0.158228
1 0.281532 0.471519 0.148649 0.145570
1 0.411411 0.471519 0.087087 0.145570
1 0.129880 0.470253 0.124625 0.140506
1 0.557808 0.672785 0.190691 0.244304
1 0.127628 0.599367 0.147147 0.089873
1 0.337838 0.599367 0.249249 0.089873
1 0.777778 0.739241 0.222222 0.344304
1 0.174174 0.784177 0.240240 0.254430
1 0.404655 0.784177 0.190691 0.254430
1 0.584084 0.844937 0.138138 0.077215
