1 0.108789 0.201008 0.177558 0.254839
1 0.712956 0.174899 0.186297 0.184879
1 0.223468 0.178427 0.082700 0.183468
1 0.316616 0.178427 0.103597 0.183468
1 0.158245 0.320363 0.133612 0.238710
1 0.491135 0.322984 0.058511 0.241129
1 0.667617 0.402520 0.276976 0.400202
1 0.298632 0.385282 0.139564 0.230242
1 0.405648 0.388306 0.059524 0.224194
1 0.147226 0.526815 0.111575 0.162097
1 0.225114 0.526815 0.036601 0.162097
1 0.297429 0.552419 0.141971 0.205645
1 0.308891 0.475000 0.059017 0.050806
1 0.595871 0.646472 0.133485 0.385282
1 0.744174 0.554839 0.052938 0.095565
1 0.791983 0.673085 0.028242 0.332056
1 0.410208 0.560685 0.066869 0.094355
1 0.045276 0.651915 0.075608 0.147782
1 0.131016 0.654536 0.079154 0.080847
1 0.216059 0.729637 0.119048 0.231048
1 0.719921 0.726815 0.100937 0.224597
1 0.323898 0.753327 0.089032 0.183669
1 0.122087 0.773185 0.061297 0.143952
1 0.256269 0.748085 0.038627 0.052218
1 0.056864 0.792137 0.054711 0.106048
1 0.251203 0.812702 0.048759 0.064919
1 0.063133 0.912198 0.067249 0.107460
1 0.193579 0.917944 0.058637 0.118952
1 0.256206 0.916028 0.061297 0.115121
