1 0.655873 0.142296 0.364435 0.250000
1 0.007135 0.149371 0.002195 0.254717
1 0.077936 0.149371 0.132821 0.254717
1 0.588639 0.377358 0.213502 0.474843
1 0.731614 0.288522 0.072448 0.297170
1 0.804336 0.288522 0.067508 0.297170
1 0.881175 0.288522 0.079583 0.297170
1 0.195115 0.517296 0.179473 0.735849
1 0.342206 0.302673 0.107025 0.306604
1 0.424808 0.302673 0.050494 0.306604
1 0.036224 0.369497 0.039517 0.132075
1 0.080681 0.369497 0.039517 0.132075
1 0.955818 0.512579 0.054336 0.273585
1 0.743139 0.665094 0.260154 0.437107
1 0.898738 0.529088 0.044457 0.165094
1 0.143249 0.513365 0.060373 0.130503
1 0.054885 0.690252 0.097695 0.455975
1 0.316685 0.522013 0.055982 0.106918
1 0.401756 0.676887 0.096597 0.416667
1 0.417398 0.516509 0.065313 0.095912
1 0.193469 0.643868 0.066411 0.212264
1 0.169868 0.731918 0.113611 0.306604
1 0.316685 0.735849 0.055982 0.298742
1 0.864709 0.752358 0.112514 0.262579
1 0.636937 0.753931 0.116905 0.259434
1 0.524149 0.768868 0.091109 0.257862
1 0.779912 0.774371 0.050494 0.218553
