1 0.087446 0.141438 0.053296 0.065279
1 0.137781 0.164144 0.043427 0.110691
1 0.176076 0.135762 0.027635 0.053926
1 0.208251 0.160833 0.031188 0.104068
1 0.244966 0.160833 0.037505 0.104068
1 0.313857 0.210028 0.095539 0.202460
1 0.378010 0.164617 0.028820 0.111637
1 0.409199 0.164617 0.029609 0.111637
1 0.457758 0.207663 0.063561 0.197729
1 0.769838 0.178335 0.066325 0.139073
1 0.152981 0.271050 0.073826 0.203406
1 0.087446 0.222800 0.053296 0.086093
1 0.659692 0.199622 0.149230 0.030274
1 0.228188 0.263009 0.071062 0.087039
1 0.555665 0.328761 0.046190 0.216651
1 0.772602 0.354778 0.215555 0.268685
1 0.900316 0.316462 0.035136 0.192053
1 0.623766 0.332072 0.077379 0.221381
1 0.858863 0.266320 0.043032 0.089877
1 0.393802 0.265374 0.060403 0.082308
1 0.087446 0.405866 0.053296 0.268685
1 0.227201 0.399716 0.073826 0.176916
1 0.376826 0.533586 0.225424 0.444655
1 0.449664 0.438505 0.079747 0.254494
1 0.821161 0.409650 0.032373 0.094607
1 0.151796 0.459792 0.071457 0.160833
1 0.901895 0.492431 0.124358 0.157994
1 0.623766 0.468780 0.077379 0.040681
1 0.821161 0.494324 0.032373 0.063387
1 0.268654 0.498581 0.028820 0.052980
1 0.307343 0.537370 0.044611 0.130558
1 0.306356 0.703879 0.041058 0.217597
