1 0.920019 0.164880 0.092610 0.199505
1 0.688494 0.272877 0.447147 0.136851
1 0.942937 0.305853 0.046773 0.070899
1 0.253508 0.401896 0.190833 0.094806
1 0.510290 0.475268 0.305893 0.241550
1 0.739476 0.414674 0.152479 0.120363
1 0.895229 0.410965 0.142189 0.112943
1 0.253508 0.525969 0.190833 0.140148
1 0.760992 0.538747 0.195510 0.127782
1 0.916277 0.538335 0.100094 0.126958
1 0.625351 0.697032 0.238541 0.201979
1 0.395697 0.731245 0.200187 0.257214
1 0.793265 0.635614 0.080449 0.052762
1 0.905051 0.646331 0.122544 0.074196
1 0.557530 0.661995 0.108513 0.057708
1 0.859682 0.764633 0.213283 0.190437
1 0.530870 0.779060 0.159963 0.161583
1 0.681946 0.832646 0.125351 0.054411
1 0.672591 0.908079 0.106642 0.071723
