1 0.478028 0.166667 0.143623 0.136546
1 0.776527 0.168675 0.142551 0.136546
1 0.209539 0.348394 0.063237 0.182731
1 0.264737 0.306225 0.036442 0.098394
1 0.301715 0.363454 0.110397 0.212851
1 0.459807 0.365462 0.100750 0.216867
1 0.575027 0.418675 0.168274 0.323293
1 0.774920 0.365462 0.137192 0.212851
1 0.905681 0.365462 0.113612 0.212851
1 0.138264 0.347390 0.060021 0.172691
1 0.172026 0.659639 0.138264 0.419679
1 0.269561 0.549197 0.046088 0.142570
1 0.324759 0.549197 0.064309 0.142570
1 0.451233 0.526104 0.070740 0.088353
1 0.743301 0.552209 0.073955 0.140562
1 0.871383 0.552209 0.171490 0.140562
1 0.909432 0.550201 0.024652 0.004016
1 0.610397 0.551205 0.020364 0.002008
1 0.534298 0.728916 0.249732 0.297189
1 0.301715 0.750000 0.110397 0.238956
1 0.330118 0.688755 0.053591 0.116466
1 0.764737 0.754016 0.116827 0.246988
1 0.895498 0.754016 0.133976 0.246988
1 0.272776 0.932731 0.099678 0.074297
