1 0.307322 0.167717 0.256262 0.162205
1 0.384393 0.407874 0.433526 0.277165
1 0.712909 0.407874 0.208092 0.277165
1 0.514451 0.470866 0.173410 0.151181
1 0.496146 0.637795 0.341040 0.182677
1 0.241811 0.585827 0.148362 0.059843
1 0.746628 0.599213 0.140655 0.086614
1 0.241811 0.677165 0.148362 0.110236
1 0.712909 0.735433 0.208092 0.173228
1 0.513487 0.751969 0.171484 0.140157
1 0.371869 0.780315 0.092486 0.083465
1 0.240848 0.781102 0.146435 0.081890
1 0.225434 0.887402 0.131021 0.092913
1 0.358382 0.892913 0.107900 0.103937
