1 0.303752 0.140411 0.342880 0.085046
1 0.303752 0.225314 0.342880 0.084760
1 0.769665 0.229737 0.150061 0.077055
1 0.303752 0.387557 0.323518 0.218607
1 0.644816 0.338898 0.259379 0.121290
1 0.733965 0.366866 0.209359 0.177226
1 0.568576 0.430365 0.106898 0.050228
1 0.623437 0.525400 0.216620 0.129566
1 0.769463 0.490725 0.138362 0.060217
1 0.213392 0.543950 0.142800 0.094178
1 0.409641 0.527825 0.111739 0.061929
1 0.319080 0.546090 0.055668 0.089897
1 0.789230 0.558219 0.098830 0.063927
1 0.409641 0.577340 0.111739 0.027397
1 0.319685 0.644121 0.052844 0.085046
1 0.414482 0.646832 0.121420 0.090468
