1 0.142347 0.131407 0.139796 0.138495
1 0.336735 0.168484 0.236735 0.212650
1 0.736224 0.205016 0.386735 0.285714
1 0.252551 0.209924 0.068367 0.129771
1 0.140816 0.275354 0.124490 0.131952
1 0.336735 0.445474 0.236735 0.323882
1 0.810204 0.501636 0.238776 0.436205
1 0.621429 0.397492 0.124490 0.083969
1 0.141327 0.398582 0.137755 0.083969
1 0.385204 0.575245 0.139796 0.293348
1 0.616837 0.583424 0.147959 0.272628
1 0.141327 0.503272 0.137755 0.105780
1 0.141327 0.643402 0.137755 0.157034
1 0.263265 0.668484 0.089796 0.106870
1 0.090816 0.700654 0.028571 0.033806
1 0.261735 0.788986 0.394898 0.110142
1 0.735204 0.787895 0.396939 0.107961
