1 0.294715 0.179832 0.215447 0.124370
1 0.738482 0.181513 0.216802 0.117647
1 0.119919 0.381513 0.144986 0.242017
1 0.301491 0.381513 0.207317 0.242017
1 0.671409 0.442017 0.356369 0.363025
1 0.561653 0.527731 0.136856 0.191597
1 0.092818 0.567227 0.090786 0.115966
1 0.274390 0.567227 0.261518 0.115966
1 0.712737 0.685714 0.154472 0.124370
1 0.561653 0.737815 0.136856 0.215126
1 0.822493 0.689076 0.054201 0.117647
1 0.128049 0.740336 0.161247 0.213445
1 0.309621 0.687395 0.191057 0.107563
1 0.271680 0.794118 0.115176 0.105882
1 0.355014 0.794118 0.100271 0.105882
1 0.678184 0.800000 0.085366 0.090756
1 0.787940 0.800000 0.123306 0.090756
1 0.712737 0.928571 0.124661 0.126050
1 0.815718 0.925210 0.070461 0.119328
