1 0.563169 0.106809 0.197002 0.056075
1 0.370450 0.226969 0.154176 0.165554
1 0.665953 0.226969 0.162741 0.165554
1 0.517131 0.184246 0.122056 0.072096
1 0.516060 0.269025 0.111349 0.081442
1 0.718415 0.282377 0.057816 0.054740
1 0.384368 0.406542 0.331906 0.182911
1 0.711991 0.406542 0.323340 0.182911
1 0.618844 0.550734 0.184154 0.105474
1 0.795503 0.582777 0.156317 0.161549
1 0.408994 0.583445 0.218415 0.160214
1 0.491435 0.626168 0.794433 0.232310
1 0.578158 0.635514 0.102784 0.056075
1 0.674518 0.635514 0.072805 0.056075
1 0.426124 0.833111 0.248394 0.181575
