1 0.483431 0.071839 0.869396 0.127586
1 0.220273 0.251724 0.335283 0.195402
1 0.659844 0.305747 0.512671 0.303448
1 0.127680 0.403448 0.150097 0.091954
1 0.301170 0.407471 0.173489 0.100000
1 0.424951 0.565517 0.378168 0.216092
1 0.138402 0.491954 0.171540 0.066667
1 0.771930 0.605747 0.288499 0.294253
1 0.138402 0.586782 0.171540 0.109195
1 0.495127 0.655172 0.237817 0.195402
1 0.138402 0.702299 0.159844 0.101149
1 0.299220 0.717241 0.126706 0.071264
1 0.205653 0.801724 0.313840 0.063218
1 0.138402 0.895977 0.183236 0.118391
