1 0.349162 0.106498 0.288641 0.143201
1 0.807883 0.132371 0.102421 0.089049
1 0.585351 0.137786 0.037244 0.080626
1 0.753259 0.490975 0.157045 0.582431
1 0.888579 0.313478 0.104904 0.227437
1 0.122905 0.398315 0.175047 0.389892
1 0.265053 0.490975 0.109249 0.575211
1 0.358783 0.336342 0.069522 0.265945
1 0.555556 0.285199 0.129112 0.163658
1 0.439168 0.276775 0.083799 0.137184
1 0.439789 0.409146 0.077592 0.096270
1 0.555556 0.576414 0.129112 0.404332
1 0.888579 0.483755 0.104904 0.098676
1 0.319367 0.629362 0.204221 0.298436
1 0.455618 0.522864 0.059590 0.085439
1 0.816263 0.661252 0.141527 0.241877
1 0.915891 0.661252 0.050279 0.241877
1 0.421477 0.675692 0.127871 0.205776
1 0.138734 0.685921 0.143389 0.185319
1 0.320608 0.727437 0.066418 0.102286
1 0.349472 0.874850 0.288020 0.141998
1 0.807573 0.848977 0.101800 0.090253
