1 0.253054 0.123541 0.150087 0.110895
1 0.712042 0.127432 0.143106 0.103113
1 0.164049 0.348249 0.202443 0.287938
1 0.356021 0.290856 0.167539 0.173152
1 0.767016 0.318093 0.263525 0.227626
1 0.574171 0.255837 0.108202 0.095331
1 0.574171 0.424125 0.108202 0.217899
1 0.352531 0.505837 0.174520 0.245136
1 0.390925 0.442607 0.097731 0.118677
1 0.767016 0.459144 0.263525 0.147860
1 0.163176 0.610895 0.200698 0.221790
1 0.816754 0.618677 0.164049 0.214008
1 0.623909 0.632296 0.207679 0.186770
1 0.309773 0.678988 0.075044 0.085603
1 0.397033 0.678988 0.085515 0.085603
1 0.360384 0.846304 0.200698 0.194553
1 0.400524 0.888132 0.106457 0.095331
