1 0.233913 0.150187 0.415652 0.222015
1 0.724348 0.523321 0.387826 0.647388
1 0.317391 0.353545 0.231304 0.304104
1 0.125217 0.395522 0.153043 0.220149
1 0.246957 0.621269 0.090435 0.231343
1 0.122609 0.593284 0.147826 0.164179
1 0.366087 0.551306 0.133913 0.080224
1 0.540870 0.680037 0.020870 0.333955
1 0.641739 0.600746 0.156522 0.175373
1 0.757391 0.573694 0.057391 0.121269
1 0.366087 0.660448 0.133913 0.123134
1 0.122609 0.763060 0.147826 0.164179
1 0.641739 0.771455 0.156522 0.151119
1 0.367826 0.789179 0.123478 0.104478
1 0.246957 0.794776 0.090435 0.100746
1 0.280000 0.915112 0.180870 0.091418
1 0.409565 0.910448 0.060870 0.082090
1 0.801739 0.910448 0.240000 0.082090
