1 0.121547 0.341021 0.088398 0.392092
1 0.251381 0.344316 0.152328 0.382208
1 0.387135 0.237232 0.106551 0.168040
1 0.608919 0.455519 0.084451 0.456343
1 0.737569 0.454695 0.152328 0.451400
1 0.872534 0.454695 0.108129 0.451400
1 0.352802 0.404448 0.037885 0.149918
1 0.408051 0.404448 0.064720 0.149918
1 0.285714 0.562603 0.083662 0.261944
1 0.387135 0.626030 0.106551 0.276771
1 0.158248 0.659802 0.163378 0.261944
1 0.264009 0.697694 0.040253 0.133443
1 0.307814 0.732290 0.039463 0.064250
1 0.285714 0.836903 0.083662 0.108731
