1 0.111214 0.135831 0.098239 0.212334
1 0.363299 0.250976 0.485635 0.147541
1 0.086654 0.287276 0.049120 0.074941
1 0.138091 0.398126 0.153846 0.118657
1 0.468953 0.570648 0.494903 0.463700
1 0.830399 0.389149 0.209453 0.100703
1 0.830399 0.519906 0.209453 0.145199
1 0.283133 0.531616 0.212234 0.135831
1 0.114458 0.531226 0.106580 0.133489
1 0.673309 0.733411 0.208526 0.266198
1 0.128360 0.644028 0.128823 0.078064
1 0.246525 0.633489 0.088971 0.056987
1 0.501390 0.661983 0.116775 0.060890
1 0.173772 0.768150 0.228916 0.196721
1 0.528730 0.783372 0.171455 0.166276
1 0.366080 0.838407 0.137164 0.056206
1 0.376274 0.916472 0.118628 0.073380
