1 0.365915 0.116935 0.233083 0.096774
1 0.365915 0.212702 0.233083 0.094758
1 0.138471 0.409274 0.191729 0.270161
1 0.272556 0.370968 0.068922 0.193548
1 0.330201 0.330645 0.036341 0.112903
1 0.384712 0.330645 0.062657 0.112903
1 0.447368 0.330645 0.052632 0.112903
1 0.580827 0.478831 0.129073 0.409274
1 0.680451 0.355847 0.057644 0.163306
1 0.770050 0.368952 0.111529 0.189516
1 0.888471 0.343750 0.115288 0.139113
1 0.346491 0.431452 0.068922 0.072581
1 0.429825 0.431452 0.087719 0.072581
1 0.888471 0.553427 0.115288 0.260081
1 0.738722 0.564516 0.174185 0.237903
1 0.276316 0.579637 0.141604 0.207661
1 0.412907 0.579637 0.121554 0.207661
1 0.124060 0.613911 0.162907 0.139113
1 0.257519 0.751008 0.134085 0.110887
1 0.257519 0.845766 0.114035 0.050403
