1 0.739327 0.225293 0.397154 0.323283
1 0.137128 0.443886 0.170763 0.294807
1 0.298836 0.443886 0.139715 0.294807
1 0.503881 0.485762 0.260026 0.378559
1 0.746442 0.502513 0.212160 0.197655
1 0.282018 0.676717 0.250970 0.278057
1 0.100906 0.644891 0.098318 0.090452
1 0.681759 0.699330 0.095731 0.179229
1 0.791721 0.637353 0.111255 0.055276
1 0.517464 0.806533 0.206986 0.266332
1 0.791721 0.735343 0.111255 0.123953
1 0.133894 0.819095 0.164295 0.241206
1 0.258732 0.757119 0.072445 0.117253
1 0.920440 0.865159 0.099612 0.122278
1 0.739974 0.872697 0.225097 0.134003
1 0.258732 0.881910 0.072445 0.115578
1 0.354463 0.881910 0.106080 0.115578
1 0.324709 0.981575 0.194049 0.036851
