1 0.760073 0.115804 0.139927 0.158038
1 0.695604 0.404632 0.304029 0.373297
1 0.909158 0.348093 0.115751 0.260218
1 0.223443 0.395095 0.139194 0.346049
1 0.268864 0.282698 0.048352 0.121253
1 0.335165 0.297684 0.073993 0.151226
1 0.407326 0.295640 0.060073 0.147139
1 0.341392 0.451635 0.086447 0.137602
1 0.623443 0.620572 0.284249 0.241144
1 0.109158 0.587875 0.077656 0.173025
1 0.263370 0.536104 0.059341 0.064033
1 0.223443 0.759537 0.139194 0.363760
1 0.809890 0.641689 0.075458 0.089918
1 0.522344 0.702316 0.082051 0.085831
1 0.622711 0.799728 0.111355 0.280654
1 0.109158 0.714578 0.077656 0.066757
1 0.789744 0.816757 0.115751 0.246594
1 0.704762 0.844005 0.046886 0.192098
1 0.510989 0.860354 0.085714 0.181199
