1 0.272074 0.123878 0.367556 0.093357
1 0.216632 0.247756 0.232033 0.118492
1 0.465092 0.338420 0.375770 0.299820
1 0.780287 0.307002 0.242300 0.236984
1 0.216632 0.390485 0.232033 0.156194
1 0.849076 0.431777 0.104723 0.066427
1 0.223819 0.470377 0.094456 0.082585
1 0.724846 0.487433 0.131417 0.113106
1 0.849076 0.522442 0.104723 0.114901
1 0.185832 0.583483 0.170431 0.219031
1 0.343943 0.589767 0.133470 0.206463
1 0.535934 0.590664 0.234086 0.204668
1 0.780287 0.622083 0.242300 0.141831
1 0.555441 0.766607 0.581109 0.114901
1 0.886037 0.767504 0.043121 0.116697
1 0.785421 0.890485 0.244353 0.107720
1 0.778234 0.978456 0.258727 0.043088
