1 0.253350 0.296007 0.421273 0.564236
1 0.351759 0.267361 0.211055 0.295139
1 0.780151 0.272569 0.109715 0.295139
1 0.109715 0.301215 0.040201 0.078125
1 0.186767 0.335938 0.108878 0.147569
1 0.545645 0.425347 0.037688 0.319444
1 0.888191 0.342882 0.097990 0.154514
1 0.623534 0.328993 0.109715 0.123264
1 0.701843 0.303819 0.038526 0.072917
1 0.109715 0.380208 0.040201 0.069444
1 0.750000 0.431424 0.178392 0.168403
1 0.642797 0.499132 0.148241 0.199653
1 0.158710 0.480035 0.138191 0.126736
1 0.295645 0.537326 0.127303 0.227431
1 0.410385 0.537326 0.093802 0.227431
1 0.889866 0.513021 0.094640 0.171875
1 0.815745 0.587674 0.046901 0.133681
1 0.754606 0.561632 0.067002 0.074653
1 0.181323 0.598958 0.067839 0.093750
1 0.240369 0.601562 0.043551 0.098958
1 0.286851 0.601562 0.041039 0.098958
1 0.117253 0.603299 0.055276 0.095486
1 0.239950 0.706597 0.000838 0.079861
1 0.301089 0.706597 0.114740 0.079861
