1 0.381452 0.156401 0.301210 0.101226
1 0.583972 0.338894 0.342137 0.418877
1 0.845665 0.269746 0.171169 0.280582
1 0.327722 0.339892 0.160282 0.218420
1 0.794960 0.413031 0.069758 0.074993
1 0.882661 0.484460 0.092742 0.129455
1 0.289617 0.499857 0.084073 0.086684
1 0.442137 0.603935 0.210887 0.294839
1 0.806653 0.550328 0.093145 0.185344
1 0.651613 0.682920 0.206855 0.303964
1 0.342440 0.650841 0.189718 0.201027
1 0.894758 0.601654 0.072984 0.082692
1 0.845665 0.742658 0.171169 0.184488
1 0.968548 0.756915 0.041129 0.082977
1 0.383972 0.829199 0.306250 0.108355
