1 0.236351 0.192935 0.122126 0.230072
1 0.387213 0.150362 0.170977 0.144928
1 0.798851 0.123188 0.028736 0.032609
1 0.742098 0.215580 0.142241 0.163043
1 0.893678 0.250906 0.149425 0.233696
1 0.129310 0.205616 0.077586 0.048913
1 0.387213 0.317935 0.170977 0.179348
1 0.119971 0.293478 0.099138 0.112319
1 0.279454 0.277174 0.035920 0.061594
1 0.783046 0.275362 0.057471 0.043478
1 0.152299 0.352355 0.034483 0.110507
1 0.623563 0.329710 0.126437 0.050725
1 0.751437 0.336051 0.120690 0.063406
1 0.236351 0.360507 0.122126 0.094203
1 0.101293 0.380435 0.061782 0.054348
1 0.612069 0.383152 0.103448 0.041667
1 0.692529 0.383152 0.048851 0.041667
1 0.118534 0.439312 0.107759 0.045290
1 0.502155 0.635870 0.073276 0.086957
1 0.574713 0.652174 0.057471 0.119565
1 0.645115 0.667572 0.066092 0.150362
1 0.719828 0.667572 0.068966 0.150362
1 0.609914 0.792572 0.288793 0.226449
1 0.408046 0.828804 0.097701 0.153986
1 0.500718 0.868659 0.058908 0.074275
1 0.566810 0.868659 0.061782 0.074275
