1 0.700220 0.073632 0.523145 0.071575
1 0.309331 0.232415 0.432035 0.208968
1 0.654666 0.232415 0.258633 0.208968
1 0.877296 0.222336 0.166054 0.188811
1 0.877296 0.371246 0.166054 0.097491
1 0.435709 0.465652 0.267450 0.257507
1 0.223365 0.414850 0.260103 0.145208
1 0.681852 0.378445 0.204262 0.072398
1 0.656870 0.507610 0.254225 0.174414
1 0.877663 0.463595 0.157972 0.072398
1 0.223365 0.565817 0.260103 0.145208
1 0.877296 0.551213 0.166054 0.087207
1 0.546657 0.651172 0.327700 0.077334
1 0.849008 0.662073 0.232917 0.099136
1 0.839824 0.845742 0.258633 0.243521
