1 0.465483 0.281888 0.410256 0.311224
1 0.822485 0.219388 0.287968 0.186224
1 0.120316 0.299745 0.228797 0.334184
1 0.822485 0.375638 0.287968 0.113520
1 0.406312 0.501913 0.291913 0.128827
1 0.582840 0.621173 0.175542 0.367347
1 0.822485 0.509566 0.287968 0.141582
1 0.750493 0.624362 0.143984 0.141582
1 0.401381 0.653699 0.282051 0.161990
1 0.896450 0.640944 0.124260 0.103316
1 0.822485 0.753189 0.287968 0.103316
1 0.335306 0.772321 0.149901 0.065051
1 0.480276 0.772321 0.124260 0.065051
1 0.482249 0.871811 0.416174 0.098214
