1 0.427771 0.179245 0.402242 0.143396
1 0.158157 0.416981 0.112080 0.283019
1 0.352428 0.416981 0.266501 0.283019
1 0.544832 0.416981 0.118306 0.283019
1 0.680573 0.416981 0.140722 0.283019
1 0.858032 0.423585 0.191781 0.133962
1 0.859900 0.713208 0.188045 0.418868
1 0.186800 0.681132 0.169365 0.226415
1 0.360523 0.681132 0.165629 0.226415
1 0.495019 0.681132 0.093400 0.226415
1 0.602740 0.633962 0.109589 0.132075
1 0.706102 0.627358 0.087173 0.118868
1 0.447696 0.737736 0.056040 0.113208
1 0.706102 0.742453 0.082192 0.088679
1 0.602740 0.751887 0.109589 0.084906
1 0.590286 0.869811 0.328767 0.105660
