1 0.453578 0.388889 0.530664 0.692810
1 0.138842 0.104575 0.112436 0.100218
1 0.577939 0.118192 0.109881 0.120915
1 0.623935 0.216231 0.201874 0.316993
1 0.785775 0.116558 0.121806 0.117647
1 0.155451 0.174292 0.103066 0.087146
1 0.785775 0.215142 0.121806 0.079521
1 0.170784 0.246732 0.106474 0.110022
1 0.738501 0.296296 0.027257 0.069717
1 0.799404 0.317538 0.094549 0.112200
1 0.735945 0.356209 0.022147 0.037037
1 0.729983 0.474401 0.233390 0.199346
1 0.591141 0.415577 0.136286 0.070806
1 0.799404 0.435730 0.094549 0.111111
1 0.738501 0.456972 0.027257 0.068627
1 0.548126 0.492919 0.050256 0.070806
1 0.607325 0.492919 0.059625 0.070806
1 0.568143 0.578976 0.090290 0.088235
1 0.758944 0.602397 0.056218 0.047930
1 0.818569 0.602397 0.056218 0.047930
1 0.830494 0.727669 0.199319 0.278867
1 0.348382 0.930828 0.136286 0.077342
1 0.464225 0.930828 0.080068 0.077342
