1 0.126718 0.119082 0.100763 0.157819
1 0.241221 0.197274 0.311450 0.296987
1 0.468702 0.103300 0.131298 0.109039
1 0.361832 0.253228 0.070229 0.185079
1 0.438931 0.192253 0.071756 0.054519
1 0.507634 0.192253 0.053435 0.054519
1 0.276336 0.274749 0.085496 0.142037
1 0.468702 0.286227 0.131298 0.119082
1 0.445802 0.398135 0.253435 0.081779
1 0.636641 0.653515 0.195420 0.322812
1 0.412214 0.536585 0.253435 0.074605
1 0.655725 0.545194 0.044275 0.083214
1 0.774809 0.545194 0.184733 0.083214
1 0.196183 0.609039 0.022901 0.041607
1 0.240458 0.609039 0.056489 0.041607
1 0.332061 0.735294 0.114504 0.294118
1 0.459542 0.640603 0.128244 0.104735
1 0.806870 0.697991 0.120611 0.210904
1 0.226718 0.662123 0.083969 0.055954
1 0.226718 0.729555 0.083969 0.067432
1 0.456489 0.727403 0.134351 0.057389
1 0.196183 0.812769 0.230534 0.139168
1 0.493130 0.812769 0.061069 0.139168
1 0.425954 0.782640 0.064122 0.041607
1 0.425954 0.845050 0.064122 0.074605
1 0.436641 0.935438 0.253435 0.080344
