1 0.213299 0.171456 0.217617 0.153257
1 0.403282 0.171456 0.148532 0.153257
1 0.555699 0.171456 0.142487 0.153257
1 0.744387 0.171456 0.221071 0.153257
1 0.178325 0.351533 0.147668 0.191571
1 0.346718 0.327586 0.177029 0.143678
1 0.459845 0.304119 0.037133 0.096743
1 0.504750 0.287356 0.038860 0.063218
1 0.614421 0.326628 0.168394 0.141762
1 0.779793 0.351533 0.150259 0.191571
1 0.657168 0.383621 0.136442 0.127395
1 0.300518 0.386015 0.141623 0.122605
1 0.504750 0.338602 0.038860 0.027778
1 0.482729 0.434866 0.082902 0.151341
1 0.556563 0.425766 0.052677 0.043103
1 0.407168 0.426724 0.056131 0.041188
1 0.401123 0.490421 0.059585 0.063218
1 0.561744 0.490421 0.054404 0.063218
1 0.164940 0.732280 0.127807 0.353448
1 0.265544 0.629310 0.059585 0.147510
1 0.353195 0.629310 0.103627 0.147510
1 0.452073 0.629310 0.083765 0.147510
1 0.560449 0.629310 0.122625 0.147510
1 0.673575 0.629310 0.089810 0.147510
1 0.792746 0.732280 0.136442 0.353448
1 0.428756 0.738506 0.386010 0.055556
1 0.673575 0.809866 0.089810 0.198276
1 0.268998 0.840996 0.066494 0.136015
1 0.338083 0.840996 0.061313 0.136015
1 0.403713 0.840996 0.056131 0.136015
1 0.477547 0.870690 0.077720 0.195402
1 0.499568 0.798372 0.033679 0.050766
1 0.572539 0.840996 0.098446 0.136015
1 0.398532 0.944444 0.059585 0.047893
1 0.556995 0.944444 0.065630 0.047893
