1 0.609347 0.120619 0.781305 0.125773
1 0.119929 0.230928 0.211640 0.177320
1 0.322751 0.315464 0.183422 0.235052
1 0.600529 0.322680 0.372134 0.249485
1 0.891534 0.311340 0.199295 0.226804
1 0.110229 0.520619 0.216931 0.373196
1 0.805996 0.504124 0.105820 0.142268
1 0.928571 0.522680 0.125220 0.179381
1 0.266314 0.484536 0.070547 0.090722
1 0.357143 0.484536 0.100529 0.090722
1 0.471781 0.612371 0.114638 0.329897
1 0.638448 0.612371 0.218695 0.329897
1 0.319224 0.638144 0.176367 0.204124
1 0.872134 0.660825 0.238095 0.158763
1 0.113757 0.812371 0.209877 0.210309
1 0.616402 0.827835 0.432099 0.146392
