1 0.241379 0.197727 0.267586 0.162121
1 0.571724 0.375000 0.128276 0.156061
1 0.703448 0.374242 0.121379 0.154545
1 0.244828 0.445455 0.255172 0.293939
1 0.588966 0.492424 0.162759 0.133333
1 0.160690 0.509848 0.084138 0.101515
1 0.184828 0.607576 0.132414 0.296970
1 0.720000 0.562121 0.088276 0.206061
1 0.574483 0.509091 0.045517 0.003030
1 0.590345 0.660606 0.162759 0.187879
1 0.157241 0.596970 0.077241 0.057576
1 0.311724 0.679545 0.121379 0.153030
1 0.425517 0.691667 0.070345 0.143939
1 0.133793 0.659848 0.030345 0.053030
1 0.720690 0.712879 0.084138 0.080303
1 0.223448 0.814394 0.154483 0.077273
