1 0.190440 0.212066 0.198786 0.277879
1 0.437785 0.241316 0.280728 0.336380
1 0.661608 0.361060 0.133536 0.078611
1 0.785281 0.395795 0.077390 0.104205
1 0.883915 0.409506 0.101669 0.131627
1 0.189681 0.384826 0.200303 0.049360
1 0.191199 0.511883 0.203338 0.204753
1 0.419575 0.592322 0.253414 0.365631
1 0.515175 0.471664 0.062215 0.109689
1 0.645675 0.512797 0.183612 0.191956
1 0.840668 0.544790 0.188164 0.127971
1 0.489378 0.745887 0.177542 0.255941
1 0.662367 0.746801 0.150228 0.254113
1 0.840668 0.782450 0.188164 0.325411
1 0.124431 0.665448 0.057663 0.073126
1 0.226100 0.667276 0.124431 0.076782
1 0.188923 0.824497 0.198786 0.219378
1 0.344461 0.829068 0.094082 0.089580
1 0.518209 0.928702 0.435508 0.076782
