1 0.755988 0.237257 0.410180 0.372567
1 0.305389 0.222428 0.461078 0.341057
1 0.306886 0.511585 0.464072 0.237257
1 0.755240 0.529194 0.408683 0.211307
1 0.851796 0.472660 0.065868 0.074143
1 0.181138 0.579703 0.137725 0.050973
1 0.491766 0.594532 0.088323 0.069509
1 0.889222 0.625579 0.089820 0.016682
1 0.107036 0.786376 0.064371 0.303058
1 0.296407 0.789157 0.293413 0.308619
1 0.586078 0.670065 0.258982 0.070436
1 0.761976 0.670065 0.074850 0.070436
1 0.510479 0.745134 0.107784 0.061168
1 0.613024 0.828082 0.312874 0.227062
1 0.715569 0.881835 0.095808 0.102873
