1 0.057284 0.103952 0.067527 0.101375
1 0.075114 0.082474 0.031866 0.058419
1 0.033005 0.183849 0.018968 0.051546
1 0.053111 0.173540 0.019727 0.030928
1 0.077390 0.183849 0.027314 0.051546
1 0.048558 0.200172 0.010622 0.018900
1 0.058801 0.200172 0.008346 0.018900
1 0.033005 0.253436 0.018968 0.080756
1 0.057284 0.267182 0.067527 0.108247
1 0.053111 0.269759 0.019727 0.048110
1 0.424127 0.304124 0.068285 0.068729
1 0.424127 0.374570 0.068285 0.065292
1 0.278452 0.376289 0.103187 0.061856
1 0.049317 0.442440 0.048558 0.063574
1 0.083460 0.451031 0.018209 0.080756
1 0.527693 0.650344 0.867223 0.479381
1 0.034522 0.523196 0.018968 0.091065
1 0.059560 0.523196 0.028073 0.091065
1 0.083460 0.530928 0.018209 0.075601
1 0.049697 0.551546 0.008346 0.034364
1 0.034143 0.610825 0.018209 0.077320
1 0.068285 0.586770 0.048558 0.029210
1 0.058801 0.701031 0.067527 0.192440
1 0.058422 0.617698 0.009105 0.025773
1 0.078528 0.627148 0.028073 0.044674
1 0.067906 0.634880 0.006829 0.029210
1 0.058422 0.640893 0.009105 0.017182
1 0.073217 0.762887 0.038695 0.068729
1 0.079666 0.729381 0.025797 0.001718
1 0.102049 0.796392 0.015933 0.060137
1 0.097876 0.799828 0.007587 0.025773
1 0.058801 0.813574 0.067527 0.029210
1 0.033763 0.860825 0.017451 0.058419
1 0.067906 0.860825 0.049317 0.058419
