1 0.717492 0.242404 0.390093 0.170410
1 0.226006 0.387715 0.244582 0.434610
1 0.311920 0.297226 0.072755 0.253633
1 0.434985 0.315059 0.150155 0.286658
1 0.395511 0.223250 0.071207 0.095112
1 0.663313 0.516513 0.308050 0.335535
1 0.858746 0.476222 0.082817 0.254954
1 0.404025 0.482827 0.088235 0.199472
1 0.481424 0.524439 0.057276 0.116248
1 0.434598 0.669089 0.149381 0.157199
1 0.859907 0.647952 0.080495 0.072655
1 0.515480 0.794584 0.094427 0.204756
1 0.614551 0.794584 0.094427 0.204756
1 0.713622 0.794584 0.094427 0.204756
1 0.832817 0.794584 0.134675 0.204756
1 0.914861 0.754954 0.004644 0.056803
1 0.402090 0.838838 0.107585 0.142668
