1 0.654472 0.084054 0.556911 0.076638
1 0.550813 0.311496 0.288618 0.341162
1 0.816057 0.230532 0.225610 0.179234
1 0.816057 0.357231 0.225610 0.074166
1 0.212398 0.532756 0.327236 0.410383
1 0.115854 0.396786 0.134146 0.118665
1 0.816057 0.444994 0.225610 0.091471
1 0.501016 0.550680 0.189024 0.137206
1 0.678862 0.601978 0.166667 0.239802
1 0.855691 0.539555 0.126016 0.097651
1 0.743902 0.540173 0.081301 0.088999
1 0.849593 0.627936 0.158537 0.076638
1 0.495935 0.673053 0.178862 0.097651
1 0.816057 0.749073 0.225610 0.150803
1 0.552846 0.781211 0.292683 0.086527
