1 0.286652 0.198355 0.192560 0.180987
1 0.436543 0.164534 0.089716 0.113346
1 0.527352 0.164534 0.074398 0.113346
1 0.634573 0.164534 0.126915 0.113346
1 0.772429 0.155393 0.135667 0.095064
1 0.746171 0.251371 0.188184 0.085923
1 0.532823 0.374771 0.282276 0.292505
1 0.304158 0.401280 0.227571 0.213894
1 0.801969 0.571298 0.221007 0.528336
1 0.299781 0.586837 0.218818 0.149909
1 0.496718 0.591408 0.227571 0.140768
1 0.728665 0.593236 0.223195 0.137112
1 0.574398 0.617002 0.072210 0.089580
1 0.234136 0.816271 0.350109 0.279707
1 0.458425 0.706581 0.080963 0.060329
1 0.658643 0.751371 0.288840 0.149909
