1 0.125397 0.277715 0.176190 0.349548
1 0.304365 0.230204 0.164286 0.254525
1 0.544841 0.281109 0.302381 0.356335
1 0.809524 0.254525 0.209524 0.303167
1 0.307937 0.526018 0.171429 0.312217
1 0.756746 0.501131 0.103968 0.167421
1 0.863095 0.526018 0.092857 0.217195
1 0.544841 0.649887 0.302381 0.381222
1 0.125397 0.627262 0.176190 0.329186
1 0.809127 0.692308 0.208730 0.192308
1 0.351587 0.704186 0.068254 0.175339
1 0.961508 0.703054 0.059524 0.127828
1 0.265873 0.742081 0.087302 0.099548
1 0.244444 0.863122 0.423810 0.090498
