1 0.502625 0.347755 0.695538 0.507119
1 0.524934 0.412377 0.299213 0.299014
1 0.760280 0.394304 0.171479 0.262870
1 0.374453 0.538335 0.211724 0.296824
1 0.472878 0.611720 0.182852 0.277108
1 0.762905 0.663198 0.166229 0.259584
1 0.567367 0.582694 0.079615 0.092004
1 0.623797 0.657174 0.097988 0.190581
1 0.517498 0.723987 0.097113 0.168675
1 0.611111 0.818729 0.123360 0.115005
1 0.711286 0.887185 0.138233 0.142388
1 0.642607 0.906353 0.000875 0.001095
1 0.647857 0.909639 0.000875 0.001095
1 0.650481 0.911829 0.000875 0.001095
1 0.653106 0.914020 0.000875 0.001095
1 0.656605 0.916210 0.000875 0.001095
1 0.659230 0.918401 0.000875 0.001095
1 0.662292 0.920591 0.003500 0.003286
1 0.666229 0.923877 0.000875 0.001095
1 0.670166 0.926616 0.005249 0.004381
1 0.677603 0.932092 0.007874 0.006572
