1 0.745249 0.093942 0.183107 0.085123
1 0.588235 0.191718 0.119457 0.276074
1 0.903922 0.199003 0.133635 0.290644
1 0.081750 0.265721 0.112217 0.404141
1 0.176018 0.200153 0.061237 0.273006
1 0.327602 0.265721 0.266667 0.404141
1 0.745400 0.314034 0.183409 0.325920
1 0.903922 0.410660 0.133635 0.132669
1 0.588235 0.411043 0.119457 0.131902
1 0.166667 0.409893 0.042534 0.115798
1 0.326094 0.436733 0.044646 0.062117
1 0.670890 0.441334 0.034389 0.071319
1 0.756109 0.642638 0.204827 0.331288
1 0.081750 0.642638 0.112217 0.309816
1 0.247511 0.642638 0.204223 0.309816
1 0.249020 0.582055 0.072097 0.188650
1 0.409050 0.679064 0.103771 0.382669
1 0.588235 0.650307 0.119457 0.315951
1 0.917496 0.684816 0.106486 0.384969
1 0.729563 0.738113 0.043137 0.140337
1 0.677828 0.764954 0.048265 0.086656
