1 0.521044 0.088889 0.311448 0.129630
1 0.105219 0.329630 0.132997 0.337037
1 0.285354 0.334259 0.196970 0.327778
1 0.557239 0.337963 0.333333 0.335185
1 0.850168 0.334259 0.239057 0.327778
1 0.510943 0.672222 0.321549 0.333333
1 0.733165 0.620370 0.122896 0.229630
1 0.844276 0.554630 0.082492 0.098148
1 0.930976 0.554630 0.077441 0.098148
1 0.108586 0.539815 0.085859 0.064815
1 0.265152 0.583333 0.156566 0.151852
1 0.407407 0.583333 0.114478 0.151852
1 0.886364 0.725000 0.166667 0.227778
1 0.265152 0.752778 0.156566 0.172222
1 0.737374 0.790741 0.114478 0.096296
1 0.265993 0.894444 0.084175 0.077778
1 0.753367 0.900000 0.122896 0.088889
