1 0.443909 0.231884 0.177914 0.396135
1 0.171341 0.206924 0.085013 0.114332
1 0.284400 0.206924 0.132340 0.114332
1 0.754163 0.211755 0.123576 0.111111
1 0.147239 0.437198 0.085890 0.301127
1 0.251534 0.412238 0.112182 0.251208
1 0.404470 0.459742 0.251534 0.346216
1 0.631464 0.299517 0.109553 0.019324
1 0.754163 0.471820 0.118317 0.363929
1 0.876424 0.299517 0.108677 0.019324
1 0.634093 0.446860 0.114812 0.243156
1 0.873795 0.431562 0.113935 0.212560
1 0.063541 0.384058 0.034181 0.088567
1 0.064855 0.519324 0.064855 0.136876
1 0.255039 0.607890 0.171779 0.143317
1 0.389132 0.666667 0.143734 0.260870
1 0.873795 0.653784 0.113935 0.209340
1 0.634093 0.666667 0.114812 0.183575
1 0.100789 0.694042 0.127958 0.196457
1 0.709904 0.700483 0.073620 0.115942
1 0.309816 0.727053 0.062226 0.140097
1 0.781770 0.728663 0.063103 0.133655
1 0.135408 0.734300 0.051709 0.115942
1 0.189746 0.742351 0.041192 0.109501
1 0.244961 0.742351 0.058720 0.109501
1 0.659071 0.785829 0.164768 0.019324
1 0.876424 0.785829 0.108677 0.019324
1 0.177914 0.880032 0.296231 0.123994
