1 0.611227 0.130737 0.515593 0.150209
1 0.486486 0.360918 0.261954 0.299026
1 0.743243 0.285118 0.234927 0.125174
1 0.743243 0.404729 0.234927 0.102921
1 0.201663 0.563282 0.257796 0.361613
1 0.123701 0.449235 0.101871 0.114047
1 0.687110 0.504172 0.122661 0.084840
1 0.803534 0.504172 0.097713 0.084840
1 0.443867 0.568150 0.176715 0.115438
1 0.553015 0.624478 0.128898 0.228095
1 0.743243 0.589013 0.234927 0.073713
1 0.661123 0.643950 0.070686 0.075104
1 0.781705 0.655772 0.158004 0.051460
1 0.417879 0.685675 0.124740 0.108484
1 0.743243 0.752434 0.234927 0.127955
1 0.477131 0.787900 0.293139 0.087622
