1 0.190744 0.347534 0.182451 0.378924
1 0.779026 0.236547 0.182986 0.156951
1 0.104601 0.265695 0.115035 0.195067
1 0.327180 0.198430 0.071161 0.060538
1 0.657303 0.297646 0.041199 0.126682
1 0.331728 0.312220 0.087747 0.128924
1 0.919208 0.353700 0.087747 0.209641
1 0.779026 0.525785 0.182986 0.410314
1 0.113965 0.459081 0.115570 0.155830
1 0.698769 0.459081 0.110219 0.155830
1 0.351257 0.437220 0.048689 0.109865
1 0.305778 0.412556 0.035848 0.058296
1 0.305778 0.498318 0.035848 0.102018
1 0.227127 0.591928 0.109684 0.275785
1 0.919208 0.568946 0.087747 0.207399
1 0.350990 0.543161 0.047084 0.084081
1 0.552970 0.649103 0.077582 0.266816
1 0.133226 0.606502 0.066346 0.127803
1 0.703317 0.607623 0.032638 0.127803
1 0.738095 0.607623 0.031568 0.127803
1 0.819155 0.608744 0.024612 0.127803
1 0.852327 0.608744 0.036383 0.127803
1 0.305778 0.612108 0.035848 0.114350
1 0.069021 0.623879 0.043874 0.133408
1 0.657036 0.621637 0.040663 0.128924
1 0.351525 0.631166 0.049224 0.076233
1 0.252274 0.637332 0.059390 0.063901
1 0.279294 0.728700 0.143392 0.078475
1 0.552970 0.840807 0.077582 0.103139
