1 0.595457 0.249171 0.121334 0.151381
1 0.100345 0.249724 0.121334 0.150276
1 0.439620 0.498343 0.078781 0.627624
1 0.595457 0.255249 0.108683 0.139227
1 0.357389 0.309392 0.106383 0.205525
1 0.825474 0.308840 0.161587 0.204420
1 0.723692 0.330387 0.129385 0.159116
1 0.175388 0.390055 0.248419 0.276243
1 0.600633 0.435359 0.108683 0.176796
1 0.714779 0.600000 0.111558 0.377901
1 0.828637 0.539779 0.109258 0.239779
1 0.346176 0.475138 0.083956 0.106077
1 0.219954 0.659116 0.112133 0.261878
1 0.575331 0.567956 0.058079 0.072928
1 0.631685 0.567956 0.046578 0.072928
1 0.104945 0.663536 0.107533 0.253039
1 0.249569 0.570166 0.052904 0.066298
1 0.334388 0.607182 0.107533 0.140331
1 0.897930 0.601105 0.005175 0.059669
1 0.600633 0.700552 0.108683 0.176796
1 0.802185 0.727624 0.056354 0.122652
1 0.858539 0.727624 0.049454 0.122652
1 0.307936 0.737017 0.054629 0.106077
1 0.363140 0.736464 0.045428 0.098343
1 0.219954 0.866298 0.124784 0.108287
1 0.714779 0.866298 0.124209 0.108287
1 0.714779 0.859669 0.111558 0.095028
