1 0.244387 0.281834 0.226252 0.139219
1 0.789292 0.283531 0.248705 0.139219
1 0.506045 0.420204 0.265976 0.388795
1 0.253022 0.491511 0.240069 0.239389
1 0.707254 0.504244 0.112263 0.261460
1 0.840242 0.438031 0.136442 0.129032
1 0.838515 0.573005 0.129534 0.117148
1 0.509499 0.682513 0.259067 0.135823
1 0.251295 0.739389 0.236615 0.239389
1 0.446459 0.651952 0.001727 0.044143
1 0.779793 0.752122 0.257340 0.213922
1 0.418826 0.809847 0.077720 0.098472
1 0.509499 0.809847 0.082902 0.098472
1 0.600173 0.809847 0.077720 0.098472
1 0.416235 0.914261 0.113990 0.062818
