1 0.367728 0.235577 0.605928 0.378205
1 0.099341 0.303686 0.053787 0.213141
1 0.180571 0.306090 0.099890 0.208333
1 0.597695 0.341346 0.178924 0.269231
1 0.753568 0.298878 0.128430 0.184295
1 0.893524 0.289263 0.140505 0.165064
1 0.417673 0.383013 0.167947 0.182692
1 0.765642 0.490385 0.156970 0.304487
1 0.907245 0.478365 0.113063 0.197115
1 0.132272 0.587340 0.119649 0.338141
1 0.597695 0.615385 0.178924 0.278846
1 0.372119 0.556891 0.072448 0.149038
1 0.815587 0.530449 0.057080 0.092949
1 0.456092 0.540064 0.084523 0.108974
1 0.895170 0.669872 0.137212 0.169872
1 0.434138 0.679487 0.135016 0.150641
1 0.347969 0.697115 0.028540 0.115385
1 0.720637 0.702724 0.066959 0.104167
1 0.790340 0.702724 0.061471 0.104167
1 0.748628 0.842949 0.142700 0.134615
