1 0.836700 0.200924 0.205387 0.351039
1 0.629630 0.113164 0.195286 0.133949
1 0.635522 0.322171 0.183502 0.251732
1 0.741582 0.617783 0.395623 0.482679
1 0.139731 0.441109 0.117845 0.115473
1 0.212121 0.441109 0.016835 0.115473
1 0.253367 0.439954 0.052189 0.113164
1 0.345118 0.539261 0.279461 0.311778
1 0.590067 0.482679 0.092593 0.060046
1 0.685185 0.506928 0.084175 0.099307
1 0.139731 0.562356 0.117845 0.113164
1 0.212121 0.516166 0.013468 0.016166
1 0.381313 0.697460 0.207071 0.332564
1 0.139731 0.711316 0.117845 0.170901
1 0.238215 0.750577 0.065657 0.092379
1 0.658249 0.887991 0.252525 0.182448
1 0.199495 0.879908 0.257576 0.133949
