1 0.852349 0.105488 0.162752 0.062195
1 0.368289 0.215854 0.162752 0.134146
1 0.850671 0.218902 0.144295 0.123171
1 0.609480 0.492073 0.146812 0.381707
1 0.752097 0.361585 0.138423 0.120732
1 0.798238 0.314634 0.046141 0.026829
1 0.888423 0.356707 0.125839 0.110976
1 0.087248 0.369512 0.062081 0.109756
1 0.168624 0.370732 0.088926 0.112195
1 0.280201 0.416463 0.124161 0.203659
1 0.406879 0.499390 0.119128 0.369512
1 0.888423 0.488415 0.125839 0.140244
1 0.736577 0.421341 0.068792 0.001220
1 0.736577 0.468293 0.068792 0.092683
1 0.809144 0.470122 0.066275 0.096341
1 0.087248 0.462805 0.062081 0.059756
1 0.161074 0.485976 0.073826 0.103659
1 0.087248 0.586585 0.062081 0.175610
1 0.317953 0.590244 0.048658 0.168293
1 0.762584 0.600610 0.159396 0.164634
1 0.205956 0.600000 0.163591 0.148780
1 0.161074 0.565854 0.073826 0.041463
1 0.889681 0.624390 0.123322 0.117073
1 0.794044 0.657927 0.057886 0.050000
1 0.754195 0.819512 0.174497 0.231707
