1 0.222835 0.077241 0.207874 0.100690
1 0.214567 0.302759 0.244882 0.315862
1 0.412205 0.216207 0.140945 0.142759
1 0.529921 0.216207 0.137008 0.142759
1 0.671654 0.182069 0.137008 0.074483
1 0.805512 0.212069 0.121260 0.134483
1 0.778740 0.181379 0.061417 0.066207
1 0.671654 0.291034 0.137008 0.135172
1 0.467717 0.376207 0.261417 0.168966
1 0.822835 0.335172 0.125984 0.077241
1 0.152362 0.385517 0.120472 0.150345
1 0.566535 0.400690 0.144094 0.120000
1 0.692126 0.377931 0.096063 0.028966
1 0.457874 0.428966 0.062205 0.063448
1 0.692126 0.428966 0.096063 0.063448
1 0.355512 0.513448 0.295276 0.071034
1 0.461811 0.513448 0.093701 0.071034
1 0.747638 0.641724 0.054331 0.033793
1 0.804724 0.707241 0.242520 0.084828
1 0.804724 0.862069 0.242520 0.213793
