1 0.754091 0.216648 0.233419 0.180160
1 0.161929 0.246294 0.053402 0.205245
1 0.288544 0.246294 0.187769 0.205245
1 0.505168 0.246294 0.233419 0.205245
1 0.562877 0.475485 0.273040 0.296465
1 0.780362 0.403649 0.151593 0.152794
1 0.167097 0.391676 0.063738 0.069555
1 0.266150 0.391676 0.124031 0.069555
1 0.394488 0.391676 0.122308 0.069555
1 0.162791 0.490308 0.055125 0.111745
1 0.262274 0.490308 0.131783 0.111745
1 0.376830 0.490308 0.086994 0.111745
1 0.730405 0.519954 0.051680 0.063854
1 0.784668 0.519954 0.044789 0.063854
1 0.834195 0.519954 0.043928 0.063854
1 0.295004 0.635690 0.319552 0.165336
1 0.780362 0.639111 0.151593 0.160775
1 0.534884 0.734322 0.146425 0.221209
1 0.656761 0.675599 0.085271 0.087799
1 0.282946 0.777651 0.324720 0.077537
1 0.661929 0.800456 0.076658 0.123147
