1 0.249340 0.120055 0.228232 0.120055
1 0.198219 0.360846 0.331794 0.320600
1 0.417546 0.356071 0.096306 0.311050
1 0.649406 0.351978 0.236807 0.300136
1 0.311346 0.532742 0.105541 0.162347
1 0.417546 0.626194 0.096306 0.308322
1 0.187335 0.587312 0.142480 0.195089
1 0.072559 0.655525 0.079156 0.249659
1 0.206794 0.627558 0.044195 0.100955
1 0.258245 0.678718 0.056069 0.203274
1 0.327507 0.701910 0.073219 0.156889
1 0.206464 0.721692 0.043536 0.117326
1 0.148087 0.738063 0.062665 0.084584
1 0.156992 0.865621 0.056728 0.126876
1 0.218997 0.860846 0.059367 0.117326
1 0.281332 0.860846 0.058707 0.117326
1 0.343338 0.865621 0.056069 0.126876
