1 0.284190 0.068132 0.426770 0.090110
1 0.169253 0.241209 0.173618 0.212088
1 0.371484 0.307692 0.230844 0.345055
1 0.813288 0.425275 0.224054 0.151648
1 0.097478 0.419780 0.096023 0.125275
1 0.199806 0.419231 0.095053 0.124176
1 0.589234 0.466484 0.191077 0.216484
1 0.404462 0.612088 0.296799 0.263736
1 0.111542 0.546703 0.124151 0.128571
1 0.213870 0.532967 0.066925 0.085714
1 0.429195 0.532418 0.115422 0.084615
1 0.813288 0.677473 0.224054 0.337363
1 0.152764 0.710440 0.206596 0.253846
1 0.622211 0.710440 0.125121 0.253846
1 0.462658 0.746154 0.180407 0.182418
1 0.311348 0.794505 0.108632 0.085714
1 0.313773 0.918132 0.146460 0.115385
