1 0.654915 0.142626 0.207265 0.134553
1 0.490385 0.158235 0.090456 0.118407
1 0.191595 0.372443 0.163818 0.277718
1 0.595085 0.372443 0.220085 0.277718
1 0.811966 0.372443 0.202279 0.277718
1 0.329772 0.325081 0.099715 0.174381
1 0.432336 0.353606 0.092593 0.224973
1 0.363960 0.676534 0.280627 0.509150
1 0.653134 0.466631 0.103989 0.089343
1 0.163462 0.587191 0.107550 0.134553
1 0.595085 0.631862 0.181624 0.223897
1 0.799501 0.725511 0.227208 0.411195
1 0.191239 0.797632 0.163105 0.266954
1 0.655627 0.757266 0.049145 0.166846
1 0.567308 0.796555 0.114672 0.088267
1 0.596154 0.932185 0.313390 0.135630
