1 0.308316 0.183486 0.354970 0.158257
1 0.637931 0.232798 0.152130 0.061927
1 0.308824 0.355505 0.329615 0.286697
1 0.760142 0.311927 0.076065 0.194954
1 0.845842 0.260321 0.077079 0.087156
1 0.639452 0.375000 0.153144 0.188073
1 0.393509 0.401950 0.160243 0.193807
1 0.845842 0.360665 0.083164 0.097477
1 0.804260 0.526376 0.164300 0.220183
1 0.836207 0.458142 0.069980 0.083716
1 0.639452 0.534977 0.153144 0.118119
1 0.371197 0.630161 0.204868 0.262615
1 0.203347 0.661124 0.118661 0.315367
1 0.226673 0.540138 0.072008 0.073394
1 0.409229 0.681193 0.128803 0.160550
1 0.659229 0.681766 0.192698 0.161697
1 0.824037 0.682913 0.124746 0.159404
1 0.311359 0.815367 0.083164 0.075688
1 0.661258 0.806193 0.208925 0.052752
