1 0.671501 0.071104 0.097172 0.127080
1 0.227701 0.082451 0.094271 0.125567
1 0.585569 0.250378 0.086294 0.207262
1 0.699057 0.275340 0.131980 0.257186
1 0.824148 0.251135 0.110950 0.208775
1 0.184554 0.270802 0.168963 0.226929
1 0.308920 0.317700 0.072516 0.320726
1 0.379623 0.224660 0.109500 0.134644
1 0.358956 0.337368 0.020305 0.075643
1 0.390863 0.380484 0.084119 0.161876
1 0.389775 0.337368 0.032632 0.069592
1 0.467368 0.458396 0.051487 0.236006
1 0.627629 0.465961 0.170413 0.205749
1 0.824148 0.465961 0.110950 0.205749
1 0.184554 0.484115 0.168963 0.184569
1 0.059463 0.500756 0.068165 0.178517
1 0.740754 0.490166 0.048586 0.157337
1 0.391951 0.522693 0.086294 0.107413
1 0.286439 0.531014 0.027556 0.090772
1 0.324511 0.531014 0.041334 0.090772
1 0.257070 0.531770 0.023930 0.089259
1 0.374547 0.599849 0.035533 0.025719
1 0.415156 0.758699 0.116751 0.343419
1 0.331400 0.765507 0.037708 0.350983
