1 0.509852 0.084320 0.421182 0.112426
1 0.187808 0.273669 0.141626 0.227811
1 0.437808 0.284763 0.348522 0.250000
1 0.645320 0.258876 0.167488 0.198225
1 0.673030 0.400148 0.112069 0.072485
1 0.150246 0.468195 0.066502 0.149408
1 0.224138 0.450444 0.066502 0.110947
1 0.354680 0.534763 0.182266 0.250000
1 0.528941 0.489645 0.166256 0.159763
1 0.673030 0.551036 0.112069 0.217456
1 0.485837 0.517751 0.072660 0.103550
1 0.187808 0.586538 0.141626 0.146450
1 0.078818 0.585059 0.044335 0.096154
1 0.487069 0.602811 0.070197 0.057692
1 0.569581 0.616864 0.084975 0.085799
1 0.487069 0.645710 0.070197 0.028107
1 0.466749 0.715237 0.256158 0.075444
