1 0.738230 0.235455 0.146893 0.329091
1 0.876177 0.127273 0.121469 0.112727
1 0.585687 0.268182 0.143126 0.383636
1 0.265066 0.200909 0.125235 0.241818
1 0.400188 0.340909 0.150659 0.521818
1 0.124294 0.187273 0.141243 0.207273
1 0.876177 0.333636 0.121469 0.281818
1 0.124294 0.361818 0.141243 0.120000
1 0.261299 0.461818 0.117702 0.280000
1 0.738230 0.504545 0.146893 0.194545
1 0.219868 0.447273 0.034840 0.065455
1 0.159605 0.514545 0.063089 0.163636
1 0.088041 0.517273 0.064972 0.158182
1 0.585687 0.534545 0.143126 0.130909
1 0.820151 0.542727 0.233522 0.118182
1 0.272599 0.686364 0.110169 0.136364
1 0.303672 0.796364 0.036723 0.054545
