1 0.419240 0.301066 0.349169 0.559503
1 0.217340 0.237123 0.216152 0.115453
1 0.391924 0.237123 0.114014 0.115453
1 0.690024 0.216696 0.154394 0.074600
1 0.838480 0.289520 0.228029 0.220249
1 0.678147 0.299290 0.130641 0.133215
1 0.191211 0.343694 0.163895 0.111901
1 0.802850 0.330373 0.104513 0.071048
1 0.300475 0.331261 0.049881 0.058615
1 0.361045 0.350799 0.175772 0.097691
1 0.754157 0.386323 0.282660 0.026643
1 0.353919 0.447602 0.156770 0.078153
1 0.147268 0.699822 0.076010 0.103020
1 0.241093 0.699822 0.097387 0.103020
1 0.357482 0.761101 0.178147 0.225577
1 0.313539 0.751332 0.076010 0.046181
1 0.188836 0.816163 0.159145 0.115453
1 0.365796 0.827709 0.076010 0.024867
1 0.349169 0.920071 0.161520 0.078153
