1 0.319199 0.457511 0.228332 0.735964
1 0.131873 0.283005 0.205965 0.350531
1 0.721808 0.213961 0.097856 0.206373
1 0.805219 0.213961 0.061510 0.206373
1 0.097856 0.511381 0.137931 0.394537
1 0.045666 0.415781 0.033551 0.188164
1 0.707829 0.512140 0.069897 0.374810
1 0.812675 0.390744 0.130475 0.132018
1 0.172880 0.528832 0.123952 0.141123
1 0.812675 0.531108 0.130475 0.136571
1 0.045200 0.566768 0.032619 0.098634
1 0.491612 0.748103 0.138863 0.321700
1 0.557316 0.627466 0.003728 0.047041
1 0.202703 0.658574 0.064306 0.103187
1 0.812675 0.711684 0.130475 0.206373
1 0.554520 0.666920 0.001864 0.025797
1 0.707829 0.737481 0.069897 0.154780
1 0.553122 0.691958 0.000932 0.009105
1 0.552190 0.704097 0.000932 0.009105
1 0.205033 0.760243 0.059646 0.100152
1 0.068500 0.763278 0.079217 0.094082
1 0.141193 0.763278 0.058714 0.094082
1 0.551258 0.722307 0.000932 0.009105
1 0.379310 0.778452 0.093197 0.103187
1 0.550326 0.734446 0.000932 0.006070
1 0.549394 0.753414 0.000932 0.004552
1 0.548462 0.764795 0.000932 0.003035
1 0.547530 0.783763 0.000932 0.001517
1 0.723206 0.869499 0.143523 0.097117
1 0.056850 0.874052 0.093197 0.088012
