1 0.189210 0.514327 0.317629 0.805158
1 0.920973 0.210602 0.072948 0.157593
1 0.137538 0.252149 0.132219 0.229226
1 0.299392 0.210602 0.179331 0.146132
1 0.427052 0.210602 0.066869 0.146132
1 0.483283 0.233524 0.036474 0.191977
1 0.581307 0.233524 0.150456 0.191977
1 0.707447 0.412607 0.074468 0.544413
1 0.290274 0.424069 0.161094 0.263610
1 0.382219 0.475645 0.068389 0.366762
1 0.536474 0.475645 0.240122 0.366762
1 0.137538 0.465616 0.132219 0.180516
1 0.318389 0.498567 0.047112 0.114613
1 0.275076 0.633238 0.115502 0.103152
