1 0.330369 0.119792 0.302326 0.096354
1 0.322161 0.288411 0.310534 0.214844
1 0.633379 0.335938 0.186047 0.307292
1 0.775650 0.288411 0.153215 0.212240
1 0.415185 0.552083 0.124487 0.312500
1 0.794118 0.481120 0.116279 0.157552
1 0.204514 0.466797 0.075239 0.126302
1 0.301642 0.466797 0.102599 0.126302
1 0.633379 0.603516 0.186047 0.209635
1 0.259918 0.587891 0.186047 0.097656
1 0.794118 0.602865 0.116279 0.067708
1 0.259918 0.672526 0.186047 0.071615
1 0.794118 0.677083 0.116279 0.062500
1 0.419973 0.730469 0.114911 0.026042
1 0.792750 0.811198 0.127223 0.179688
1 0.383037 0.831380 0.068399 0.152344
1 0.454172 0.826823 0.054720 0.143229
