1 0.344613 0.285414 0.216851 0.270687
1 0.538674 0.337307 0.392265 0.374474
1 0.830801 0.337307 0.191989 0.374474
1 0.284530 0.545582 0.096685 0.232819
1 0.671271 0.609397 0.113260 0.169705
1 0.377762 0.577139 0.070442 0.088359
1 0.514503 0.655680 0.183702 0.245442
1 0.831492 0.655680 0.190608 0.245442
1 0.147099 0.682328 0.136740 0.194951
1 0.377762 0.703366 0.070442 0.150070
1 0.283840 0.725105 0.095304 0.106592
1 0.671271 0.740533 0.113260 0.075736
1 0.174724 0.856942 0.211326 0.129032
1 0.671271 0.830295 0.129834 0.075736
1 0.174033 0.964937 0.229282 0.070126
