1 0.785692 0.293754 0.098386 0.217957
1 0.338299 0.336044 0.093731 0.219258
1 0.738672 0.342225 0.071384 0.156148
1 0.292675 0.399154 0.078212 0.211451
1 0.631595 0.470722 0.148976 0.310345
1 0.695531 0.376708 0.005587 0.087183
1 0.822005 0.425179 0.085971 0.172414
1 0.209187 0.510735 0.153942 0.283669
1 0.112508 0.511711 0.023898 0.268705
1 0.349938 0.540664 0.117629 0.294079
1 0.769708 0.546845 0.127250 0.253090
1 0.883923 0.553676 0.070143 0.205595
1 0.841248 0.552700 0.062384 0.145088
1 0.768932 0.576773 0.008380 0.031880
1 0.721912 0.594340 0.036002 0.063110
1 0.407666 0.650618 0.061142 0.152245
1 0.855214 0.661679 0.077902 0.143136
1 0.356766 0.714704 0.096524 0.195836
1 0.835040 0.630124 0.000310 0.000651
1 0.833799 0.631425 0.000310 0.000651
1 0.777623 0.671763 0.040658 0.078725
1 0.802607 0.727716 0.060211 0.119063
