1 0.065828 0.186275 0.087278 0.333333
1 0.716716 0.117647 0.099112 0.169935
1 0.872041 0.267974 0.202663 0.470588
1 0.211538 0.223856 0.183432 0.362745
1 0.358728 0.122549 0.102071 0.160131
1 0.452663 0.122549 0.073964 0.160131
1 0.575444 0.122549 0.162722 0.160131
1 0.358728 0.276144 0.102071 0.127451
1 0.447485 0.276144 0.063609 0.127451
1 0.542160 0.276144 0.096154 0.127451
1 0.463018 0.382353 0.387574 0.339869
1 0.740385 0.357843 0.146450 0.290850
1 0.194527 0.645425 0.149408 0.591503
1 0.342456 0.725490 0.134615 0.431373
1 0.522189 0.725490 0.269231 0.431373
1 0.721154 0.558824 0.107988 0.091503
