1 0.416667 0.149940 0.473180 0.099164
1 0.095785 0.157109 0.114943 0.084827
1 0.809387 0.258662 0.296935 0.182796
1 0.441571 0.394863 0.415709 0.354839
1 0.133142 0.264038 0.170498 0.083632
1 0.131226 0.360812 0.181992 0.093190
1 0.735632 0.392473 0.149425 0.072879
1 0.889847 0.392473 0.136015 0.072879
1 0.131226 0.480287 0.181992 0.133811
1 0.809387 0.507766 0.296935 0.145759
1 0.259579 0.556750 0.170498 0.200717
1 0.102490 0.591995 0.124521 0.077658
1 0.501916 0.661888 0.295019 0.179211
1 0.809387 0.669654 0.296935 0.163680
1 0.102490 0.694743 0.124521 0.113501
1 0.259579 0.707885 0.170498 0.087216
1 0.121648 0.817802 0.166667 0.094385
1 0.240421 0.885305 0.400383 0.229391
