1 0.619707 0.115702 0.086319 0.090909
1 0.270358 0.278926 0.218241 0.202479
1 0.552117 0.310950 0.328990 0.266529
1 0.823290 0.310950 0.197068 0.266529
1 0.101792 0.463843 0.089577 0.274793
1 0.204397 0.447314 0.086319 0.117769
1 0.270358 0.494835 0.218241 0.212810
1 0.599349 0.604339 0.423453 0.320248
1 0.869707 0.503099 0.104235 0.097107
1 0.492671 0.661157 0.210098 0.206612
1 0.820847 0.663223 0.201954 0.202479
1 0.208469 0.688017 0.094463 0.152893
1 0.320847 0.688017 0.117264 0.152893
1 0.671824 0.826446 0.226384 0.086777
