1 0.611641 0.134961 0.238550 0.107969
1 0.159351 0.314910 0.200382 0.215938
1 0.368321 0.329692 0.183206 0.235219
1 0.611641 0.348329 0.290076 0.272494
1 0.859733 0.334190 0.192748 0.244216
1 0.327767 0.553342 0.090649 0.191517
1 0.428435 0.524422 0.095420 0.133676
1 0.750000 0.595758 0.131679 0.263496
1 0.860687 0.510925 0.076336 0.093830
1 0.930821 0.510925 0.050573 0.093830
1 0.583969 0.637532 0.200382 0.305913
1 0.873569 0.678021 0.165076 0.224936
1 0.376431 0.699871 0.199427 0.181234
1 0.734256 0.763496 0.100191 0.053985
1 0.728531 0.868252 0.176527 0.109254
