1 0.177751 0.093108 0.242054 0.091283
1 0.343276 0.257417 0.070416 0.418074
1 0.107824 0.195573 0.102200 0.099954
1 0.232518 0.195573 0.132518 0.099954
1 0.108068 0.329073 0.102689 0.150616
1 0.232518 0.329073 0.132518 0.150616
1 0.082152 0.439754 0.050856 0.058877
1 0.205868 0.439754 0.185819 0.058877
1 0.145477 0.522592 0.177506 0.095847
1 0.335208 0.558421 0.187286 0.167503
1 0.497800 0.683250 0.512469 0.417161
1 0.669682 0.558193 0.168704 0.167047
1 0.831296 0.584208 0.208313 0.219078
1 0.145477 0.718850 0.177506 0.282976
1 0.669682 0.747147 0.168704 0.199909
1 0.847677 0.795527 0.175550 0.192606
1 0.718337 0.788909 0.071394 0.071657
1 0.718337 0.860794 0.071394 0.062072
1 0.637897 0.871748 0.078729 0.040164
1 0.636430 0.932679 0.086553 0.065267
