1 0.241779 0.221511 0.210832 0.256082
1 0.492747 0.407170 0.277563 0.627401
1 0.710832 0.240717 0.143133 0.294494
1 0.862186 0.240717 0.147969 0.294494
1 0.287234 0.423816 0.119923 0.130602
1 0.180368 0.424456 0.076402 0.124200
1 0.737427 0.558899 0.211799 0.323944
1 0.893133 0.444942 0.086074 0.096031
1 0.420213 0.587068 0.132495 0.267606
1 0.079787 0.610755 0.072534 0.243278
1 0.241779 0.609475 0.210832 0.222791
1 0.838975 0.611396 0.194391 0.218950
1 0.172147 0.657490 0.071567 0.126761
1 0.768375 0.852753 0.352998 0.209987
