1 0.342065 0.289961 0.471495 0.328460
1 0.734206 0.220273 0.288136 0.189084
1 0.734206 0.471248 0.288136 0.299220
1 0.802773 0.350877 0.151002 0.058480
1 0.050077 0.407407 0.078582 0.072125
1 0.486903 0.635965 0.181818 0.363548
1 0.269646 0.553119 0.326656 0.184211
1 0.653313 0.661793 0.126348 0.066277
1 0.802773 0.722222 0.151002 0.187135
1 0.174114 0.699318 0.135593 0.092593
1 0.318182 0.699318 0.130971 0.092593
1 0.653313 0.750487 0.126348 0.095517
1 0.269646 0.839669 0.326656 0.172515
1 0.788906 0.875244 0.178737 0.101365
1 0.511556 0.876218 0.132512 0.099415
1 0.637904 0.876218 0.095532 0.099415
1 0.569337 0.962963 0.272727 0.056530
