1 0.383079 0.039020 0.070505 0.078040
1 0.199765 0.199637 0.188014 0.188748
1 0.357227 0.147913 0.117509 0.085299
1 0.516451 0.199637 0.189189 0.188748
1 0.682726 0.199637 0.131610 0.188748
1 0.883079 0.199637 0.078731 0.177858
1 0.795535 0.204174 0.082256 0.179673
1 0.307286 0.245917 0.071680 0.096189
1 0.395417 0.245917 0.095182 0.096189
1 0.450646 0.372051 0.473561 0.141561
1 0.760870 0.372051 0.135135 0.141561
1 0.142773 0.388385 0.106933 0.134301
1 0.893655 0.418330 0.092832 0.190563
1 0.555817 0.569873 0.263220 0.333938
1 0.760870 0.595281 0.135135 0.283122
1 0.319036 0.596189 0.210341 0.281307
1 0.636898 0.850272 0.399530 0.168784
