1 0.123569 0.171023 0.004771 0.142045
1 0.218034 0.171023 0.168893 0.142045
1 0.624046 0.183523 0.162214 0.114773
1 0.635496 0.372159 0.181298 0.230682
1 0.760973 0.372159 0.058206 0.230682
1 0.252385 0.376705 0.243321 0.237500
1 0.444656 0.408523 0.104962 0.153409
1 0.444656 0.551705 0.104962 0.117045
1 0.620229 0.554545 0.150763 0.120455
1 0.745706 0.563068 0.088740 0.137500
1 0.216126 0.577841 0.170802 0.164773
1 0.341126 0.540341 0.065840 0.089773
1 0.341126 0.634659 0.065840 0.080682
1 0.216126 0.728977 0.170802 0.214773
1 0.620229 0.729545 0.150763 0.215909
1 0.745706 0.673295 0.088740 0.082955
1 0.337786 0.759659 0.072519 0.153409
1 0.743321 0.778409 0.082061 0.109091
