1 0.229592 0.281602 0.176871 0.255319
1 0.886905 0.273467 0.086735 0.133917
1 0.518707 0.387985 0.357143 0.340426
1 0.757653 0.312891 0.120748 0.190238
1 0.763605 0.435544 0.108844 0.040050
1 0.763605 0.507509 0.108844 0.098874
1 0.642007 0.719024 0.110544 0.321652
1 0.403061 0.586358 0.125850 0.046308
1 0.538265 0.586358 0.127551 0.046308
1 0.763605 0.605131 0.108844 0.083855
1 0.471088 0.670839 0.261905 0.112641
1 0.763605 0.685857 0.108844 0.065081
1 0.763605 0.752816 0.108844 0.051314
1 0.471088 0.806008 0.261905 0.147685
1 0.767857 0.834168 0.117347 0.098874
1 0.700680 0.920526 0.180272 0.046308
