1 0.514542 0.215726 0.238666 0.416129
1 0.293556 0.239113 0.193042 0.258065
1 0.688765 0.165121 0.099515 0.110081
1 0.818648 0.262500 0.145994 0.304839
1 0.688765 0.265726 0.099515 0.073387
1 0.674651 0.408266 0.127745 0.199597
1 0.243370 0.478629 0.092672 0.205645
1 0.342458 0.443548 0.095238 0.135484
1 0.818648 0.539113 0.145994 0.304032
1 0.502994 0.561694 0.215569 0.275806
1 0.678500 0.566734 0.120046 0.097177
1 0.342458 0.550202 0.095238 0.062500
1 0.151982 0.616734 0.063872 0.106048
1 0.293556 0.643750 0.193042 0.110081
1 0.649130 0.725000 0.183348 0.179839
