1 0.166477 0.232843 0.054732 0.142157
1 0.273660 0.232843 0.145952 0.142157
1 0.544470 0.291667 0.213227 0.259804
1 0.681300 0.240196 0.053592 0.156863
1 0.772520 0.291667 0.117446 0.259804
1 0.885975 0.212010 0.100342 0.100490
1 0.885975 0.351716 0.100342 0.159314
1 0.242303 0.433824 0.208666 0.235294
1 0.681300 0.373775 0.053592 0.095588
1 0.094641 0.485294 0.072976 0.127451
1 0.469213 0.491422 0.062714 0.120098
1 0.633979 0.590686 0.255416 0.318627
1 0.851767 0.639706 0.168757 0.416667
1 0.469213 0.640931 0.062714 0.164216
1 0.545610 0.703431 0.078677 0.289216
1 0.156214 0.599265 0.116306 0.071078
1 0.245154 0.704657 0.202965 0.281863
1 0.701254 0.742647 0.120867 0.210784
1 0.469213 0.790441 0.062714 0.115196
1 0.614025 0.778186 0.049031 0.041667
1 0.614595 0.841912 0.043330 0.061275
