1 0.277289 0.130000 0.209507 0.171429
1 0.498239 0.130000 0.218310 0.171429
1 0.730634 0.157143 0.228873 0.225714
1 0.142606 0.511429 0.239437 0.591429
1 0.389965 0.407143 0.434859 0.368571
1 0.727113 0.321429 0.221831 0.088571
1 0.668134 0.400714 0.103873 0.095714
1 0.783451 0.410714 0.109155 0.090000
1 0.668134 0.489286 0.103873 0.064286
1 0.785211 0.492143 0.119718 0.058571
1 0.540493 0.605714 0.133803 0.260000
1 0.730634 0.590000 0.228873 0.122857
1 0.724472 0.725000 0.466549 0.364286
1 0.381162 0.698571 0.184859 0.214286
1 0.730634 0.732143 0.228873 0.147143
1 0.542254 0.773571 0.130282 0.064286
