1 0.603878 0.215741 0.188366 0.127778
1 0.191828 0.292593 0.217452 0.185185
1 0.396122 0.340741 0.196676 0.281481
1 0.600416 0.395370 0.195291 0.190741
1 0.803324 0.395370 0.196676 0.190741
1 0.109418 0.448148 0.052632 0.111111
1 0.178670 0.448148 0.072022 0.111111
1 0.259695 0.516667 0.076177 0.244444
1 0.402355 0.602778 0.195291 0.224074
1 0.574100 0.562963 0.148199 0.122222
1 0.699446 0.576852 0.088643 0.150000
1 0.826177 0.671296 0.150970 0.338889
1 0.148892 0.613889 0.131579 0.201852
1 0.619806 0.677778 0.070637 0.148148
1 0.539474 0.691667 0.076177 0.120370
1 0.259695 0.680556 0.076177 0.068519
1 0.702909 0.751852 0.081717 0.177778
1 0.356648 0.803704 0.264543 0.140741
1 0.578255 0.801852 0.153740 0.077778
1 0.705679 0.883333 0.065097 0.051852
