1 0.061167 0.380368 0.104377 0.417178
1 0.191358 0.380368 0.142536 0.398773
1 0.310887 0.264571 0.080808 0.167178
1 0.399551 0.266871 0.083053 0.171779
1 0.468575 0.275307 0.046016 0.154908
1 0.576880 0.407975 0.145903 0.199387
1 0.643659 0.567485 0.279461 0.518405
1 0.875421 0.407209 0.172840 0.197853
1 0.387205 0.430982 0.233446 0.144172
1 0.383277 0.673313 0.227834 0.322086
1 0.832772 0.567485 0.087542 0.107362
1 0.921437 0.567485 0.080808 0.107362
1 0.744108 0.648773 0.078563 0.205521
1 0.261504 0.694785 0.015713 0.153374
1 0.875421 0.727761 0.172840 0.197853
1 0.744108 0.793712 0.078563 0.065951
1 0.755892 0.888037 0.054994 0.107362
1 0.875982 0.882669 0.173962 0.096626
