1 0.840438 0.292373 0.197320 0.248588
1 0.275274 0.315678 0.297199 0.289548
1 0.580999 0.352401 0.294762 0.362994
1 0.799026 0.483051 0.109622 0.112994
1 0.900122 0.476695 0.077954 0.100282
1 0.361145 0.561441 0.468940 0.179379
1 0.303898 0.500000 0.054811 0.056497
1 0.080390 0.617232 0.065773 0.254237
1 0.713764 0.612288 0.224117 0.134181
1 0.157734 0.646186 0.062119 0.069209
1 0.246041 0.646186 0.104750 0.069209
1 0.355055 0.644774 0.098660 0.066384
1 0.639464 0.651836 0.075518 0.055085
1 0.511571 0.784605 0.151035 0.244350
1 0.364799 0.788136 0.118149 0.237288
1 0.212546 0.796610 0.171742 0.220339
1 0.080390 0.776130 0.063337 0.029661
