1 0.326765 0.266253 0.508824 0.069718
1 0.689412 0.274808 0.185882 0.065441
1 0.162059 0.360992 0.179412 0.097519
1 0.420882 0.399059 0.338235 0.173653
1 0.689412 0.412960 0.185882 0.201454
1 0.142647 0.463430 0.140588 0.098802
1 0.246765 0.436270 0.054706 0.044482
1 0.333235 0.463430 0.108824 0.098802
1 0.104412 0.483533 0.064118 0.058597
1 0.246765 0.490590 0.054706 0.044482
1 0.405294 0.521386 0.371765 0.071001
1 0.142647 0.517964 0.140588 0.000855
1 0.142941 0.596878 0.141176 0.158683
1 0.694118 0.677288 0.180000 0.314371
1 0.261765 0.618905 0.083529 0.114628
1 0.377647 0.618905 0.136471 0.114628
1 0.521765 0.618905 0.138824 0.114628
