1 0.345539 0.423133 0.302264 0.480234
1 0.712383 0.346266 0.394141 0.326501
1 0.524634 0.448755 0.018642 0.013177
1 0.549933 0.448755 0.013316 0.013177
1 0.524634 0.480234 0.018642 0.023426
1 0.549933 0.480234 0.013316 0.023426
1 0.576565 0.586384 0.122503 0.153734
1 0.726365 0.586384 0.150466 0.153734
1 0.834221 0.532943 0.038615 0.046852
1 0.888149 0.532943 0.042610 0.046852
1 0.862184 0.616398 0.094541 0.093704
1 0.328229 0.765007 0.267643 0.162518
1 0.555925 0.765007 0.150466 0.162518
1 0.780293 0.767204 0.258322 0.166911
