1 0.105882 0.195825 0.115033 0.300199
1 0.328105 0.447316 0.177778 0.393638
1 0.455556 0.335984 0.066667 0.170974
1 0.562745 0.339960 0.137255 0.178926
1 0.693464 0.392644 0.176471 0.284294
1 0.877124 0.425447 0.180392 0.218688
1 0.105882 0.436382 0.115033 0.161034
1 0.547059 0.472167 0.105882 0.125249
1 0.455556 0.482107 0.066667 0.105368
1 0.135948 0.705765 0.185621 0.341948
1 0.641176 0.678926 0.448366 0.272366
1 0.918954 0.578529 0.096732 0.071571
1 0.642484 0.737575 0.278431 0.246521
1 0.877124 0.741551 0.180392 0.238569
1 0.327451 0.757455 0.176471 0.206759
1 0.459477 0.841948 0.074510 0.037773
1 0.455556 0.919483 0.113725 0.085487
