1 0.299890 0.131828 0.347588 0.143908
1 0.732456 0.136029 0.348684 0.133403
1 0.615132 0.354517 0.107456 0.261555
1 0.788925 0.332983 0.226974 0.218487
1 0.300987 0.401261 0.338816 0.350840
1 0.788925 0.500000 0.226974 0.149160
1 0.615132 0.539916 0.096491 0.100840
1 0.241228 0.671744 0.219298 0.190126
1 0.415022 0.625000 0.110746 0.084034
1 0.788377 0.673319 0.228070 0.180672
1 0.618421 0.683298 0.111842 0.160714
1 0.383224 0.721113 0.174342 0.091387
1 0.432566 0.849790 0.084430 0.130252
1 0.243421 0.860819 0.258772 0.141807
