1 0.221884 0.153846 0.176292 0.150641
1 0.791287 0.156250 0.176292 0.145833
1 0.115502 0.427083 0.139818 0.357372
1 0.221378 0.329327 0.071935 0.161859
1 0.275076 0.365385 0.102330 0.233974
1 0.363222 0.302083 0.063830 0.107372
1 0.682877 0.350962 0.135765 0.201923
1 0.810537 0.362179 0.109422 0.224359
1 0.899189 0.319712 0.132725 0.139423
1 0.363222 0.423077 0.063830 0.118590
1 0.917933 0.435897 0.095238 0.076923
1 0.487335 0.588942 0.160081 0.376603
1 0.221378 0.544071 0.071935 0.267628
1 0.791793 0.537660 0.071935 0.145833
1 0.790274 0.615385 0.350557 0.291667
1 0.299899 0.535256 0.074975 0.089744
1 0.368794 0.535256 0.052685 0.089744
1 0.328774 0.673077 0.132725 0.169872
1 0.113475 0.681891 0.135765 0.152244
1 0.221884 0.722756 0.070922 0.070513
1 0.191996 0.851763 0.130699 0.152244
