1 0.183976 0.110650 0.213650 0.143845
1 0.659496 0.113416 0.206231 0.141079
1 0.264095 0.382434 0.370920 0.366528
1 0.676558 0.312586 0.225519 0.226833
1 0.858309 0.295297 0.120178 0.192254
1 0.858309 0.525588 0.120178 0.251729
1 0.676558 0.497234 0.225519 0.125864
1 0.132047 0.498617 0.106825 0.123098
1 0.172849 0.618257 0.188427 0.105118
1 0.358309 0.660443 0.182493 0.189488
1 0.676558 0.661826 0.225519 0.189488
1 0.858309 0.708160 0.120178 0.096819
1 0.127596 0.715768 0.097923 0.078838
1 0.221810 0.715768 0.078635 0.078838
1 0.122404 0.856846 0.108309 0.172891
1 0.237389 0.859613 0.109792 0.178423
