1 0.404242 0.199807 0.173522 0.137066
1 0.789203 0.201737 0.169666 0.129344
1 0.269280 0.335907 0.060411 0.096525
1 0.337404 0.392857 0.065553 0.210425
1 0.406812 0.481660 0.073265 0.388031
1 0.507069 0.449807 0.127249 0.324324
1 0.685090 0.350386 0.128535 0.125483
1 0.769923 0.388031 0.105398 0.200772
1 0.890746 0.378378 0.128535 0.181467
1 0.386247 0.383205 0.032134 0.083012
1 0.141388 0.565637 0.169666 0.401544
1 0.269280 0.444981 0.060411 0.106178
1 0.665810 0.454633 0.089974 0.067568
1 0.787918 0.545367 0.069409 0.133205
1 0.787918 0.616795 0.334190 0.264479
1 0.264139 0.545367 0.050129 0.079151
1 0.329692 0.545367 0.070694 0.079151
1 0.302057 0.670849 0.125964 0.156371
1 0.507069 0.680502 0.127249 0.137066
1 0.404242 0.716216 0.068123 0.065637
1 0.433805 0.834942 0.129820 0.137066
