1 0.752845 0.191547 0.405815 0.100719
1 0.413401 0.357914 0.219975 0.196043
1 0.740834 0.347572 0.407080 0.175360
1 0.364728 0.478417 0.122630 0.095324
1 0.740834 0.513040 0.407080 0.155576
1 0.455120 0.527428 0.136536 0.128597
1 0.163085 0.536871 0.237674 0.104317
1 0.340708 0.562500 0.072061 0.058453
1 0.597345 0.709083 0.120101 0.236511
1 0.737042 0.641187 0.134008 0.086331
1 0.879267 0.641187 0.130215 0.086331
1 0.414033 0.640288 0.218710 0.082734
1 0.158660 0.723921 0.228824 0.248201
1 0.414033 0.758094 0.218710 0.138489
1 0.807206 0.759442 0.274336 0.135791
1 0.761062 0.887590 0.394437 0.077338
