1 0.445374 0.096351 0.307398 0.077537
1 0.255090 0.277936 0.145334 0.238312
1 0.487906 0.323261 0.310220 0.328962
1 0.733118 0.275228 0.170127 0.232896
1 0.690284 0.442417 0.084459 0.086659
1 0.349022 0.505701 0.180810 0.204105
1 0.217900 0.447548 0.070953 0.086659
1 0.777867 0.444983 0.080629 0.081528
1 0.866559 0.581100 0.063294 0.349772
1 0.541222 0.643101 0.203588 0.310718
1 0.778069 0.557868 0.076597 0.124857
1 0.257609 0.608181 0.150373 0.219783
1 0.690284 0.582383 0.084459 0.165906
1 0.386112 0.666619 0.096553 0.102908
1 0.733118 0.714510 0.170127 0.167902
1 0.294296 0.782782 0.257206 0.078107
