1 0.380068 0.171119 0.131757 0.145242
1 0.485923 0.127713 0.070946 0.058431
1 0.594595 0.171119 0.137387 0.145242
1 0.485923 0.203673 0.070946 0.080134
1 0.235360 0.321369 0.148649 0.141903
1 0.389640 0.390651 0.155405 0.280467
1 0.556306 0.389816 0.213964 0.278798
1 0.614865 0.278798 0.096847 0.056761
1 0.527027 0.484140 0.396396 0.347245
1 0.639640 0.368114 0.047297 0.108514
1 0.783784 0.428214 0.094595 0.202003
1 0.860360 0.371452 0.049550 0.085142
1 0.236486 0.464107 0.150901 0.133556
1 0.840653 0.474958 0.088964 0.108514
1 0.251126 0.606845 0.130631 0.151920
1 0.784347 0.662771 0.201577 0.240401
