1 0.231470 0.174419 0.365735 0.094812
1 0.241798 0.319320 0.376671 0.159213
1 0.538882 0.333184 0.195626 0.186941
1 0.241798 0.475850 0.376671 0.153846
1 0.581409 0.449463 0.110571 0.090340
1 0.501823 0.495081 0.121507 0.120751
1 0.769137 0.500894 0.211422 0.100179
1 0.604496 0.528623 0.064399 0.053667
1 0.374241 0.665921 0.111786 0.226297
1 0.888821 0.559481 0.001215 0.000894
1 0.113001 0.600626 0.119077 0.081395
1 0.246051 0.600626 0.125152 0.081395
1 0.769745 0.680680 0.212637 0.239714
1 0.538882 0.601968 0.195626 0.078712
1 0.181045 0.713775 0.255164 0.130590
1 0.538882 0.713775 0.195626 0.130590
1 0.226610 0.835420 0.348724 0.069767
