1 0.272906 0.084711 0.480366 0.134298
1 0.843586 0.096591 0.174084 0.129132
1 0.043194 0.199380 0.015707 0.045455
1 0.125654 0.295455 0.180628 0.237603
1 0.515052 0.306302 0.574607 0.259298
1 0.304319 0.461260 0.226440 0.193182
1 0.111257 0.464876 0.136126 0.101240
1 0.424738 0.639979 0.158377 0.408058
1 0.659031 0.555269 0.286649 0.220041
1 0.105366 0.587293 0.134817 0.127066
1 0.261780 0.610537 0.141361 0.086777
1 0.183246 0.752583 0.298429 0.182851
1 0.659031 0.760331 0.286649 0.167355
1 0.420157 0.916839 0.219895 0.096074
