1 0.794243 0.171906 0.240938 0.159136
1 0.607676 0.344794 0.230277 0.265226
1 0.400853 0.359528 0.162047 0.200393
1 0.817697 0.370334 0.189765 0.214145
1 0.400853 0.517682 0.162047 0.096267
1 0.544776 0.567780 0.104478 0.180747
1 0.642857 0.530452 0.070362 0.086444
1 0.747335 0.530452 0.117271 0.086444
1 0.859275 0.563851 0.106610 0.153242
1 0.400853 0.660118 0.162047 0.168959
1 0.702559 0.664047 0.189765 0.161100
1 0.860341 0.697446 0.104478 0.094303
1 0.545842 0.706287 0.102345 0.076621
1 0.406183 0.798625 0.151386 0.080550
1 0.567164 0.803536 0.144989 0.090373
