1 0.335938 0.182292 0.100184 0.108631
1 0.526195 0.277530 0.070772 0.093750
1 0.637868 0.252232 0.143382 0.043155
1 0.750000 0.279018 0.069853 0.096726
1 0.128676 0.324405 0.071691 0.163690
1 0.240809 0.326637 0.145221 0.168155
1 0.350643 0.324405 0.068934 0.163690
1 0.638327 0.386161 0.146140 0.206845
1 0.526195 0.409970 0.070772 0.159226
1 0.750000 0.410714 0.069853 0.157738
1 0.599265 0.438988 0.068015 0.101190
1 0.130515 0.493304 0.075368 0.165179
1 0.202665 0.493304 0.068934 0.165179
1 0.292739 0.452381 0.103860 0.083333
1 0.366268 0.452381 0.037684 0.083333
1 0.677849 0.636905 0.374081 0.279762
1 0.256893 0.537202 0.032169 0.077381
1 0.295037 0.537202 0.038603 0.077381
1 0.350643 0.537202 0.068934 0.077381
1 0.800092 0.564732 0.021140 0.028274
1 0.294118 0.608631 0.042279 0.053571
1 0.352022 0.656250 0.066176 0.148810
1 0.427849 0.675595 0.078125 0.187500
