1 0.846524 0.302620 0.146524 0.461538
1 0.205348 0.177515 0.196791 0.180896
1 0.357754 0.146238 0.090909 0.118343
1 0.505882 0.184277 0.190374 0.194421
1 0.682888 0.184277 0.146524 0.194421
1 0.395722 0.285292 0.166845 0.146238
1 0.205348 0.316568 0.196791 0.083686
1 0.617647 0.424345 0.277005 0.272189
1 0.340642 0.500423 0.281283 0.284024
1 0.136898 0.452663 0.091979 0.163145
1 0.664171 0.646661 0.183957 0.218090
1 0.501604 0.613694 0.109091 0.084531
1 0.316043 0.743449 0.232086 0.190194
1 0.502674 0.710059 0.119786 0.087912
1 0.242246 0.789096 0.084492 0.098901
1 0.502674 0.800085 0.119786 0.076923
1 0.664171 0.800085 0.183957 0.076923
1 0.325134 0.804734 0.066310 0.067625
1 0.368984 0.879121 0.312299 0.054100
