1 0.875115 0.158774 0.168664 0.089136
1 0.657143 0.208914 0.247005 0.164345
1 0.875115 0.256964 0.168664 0.090529
1 0.109677 0.373259 0.127189 0.272981
1 0.243318 0.362117 0.130876 0.250696
1 0.420276 0.411560 0.211982 0.349582
1 0.875115 0.515320 0.168664 0.409471
1 0.606912 0.421309 0.161290 0.215877
1 0.742396 0.348189 0.085714 0.069638
1 0.742396 0.473538 0.085714 0.164345
1 0.246083 0.577298 0.136406 0.252089
1 0.647926 0.578691 0.079263 0.165738
1 0.076959 0.552925 0.061751 0.072423
1 0.142857 0.552925 0.060829 0.072423
1 0.567281 0.598886 0.070968 0.125348
1 0.420276 0.692897 0.211982 0.274373
1 0.744700 0.706825 0.086636 0.271588
1 0.109677 0.713092 0.127189 0.233983
1 0.609677 0.750000 0.155760 0.160167
1 0.204608 0.770195 0.053456 0.119777
1 0.272811 0.770195 0.071889 0.119777
1 0.258986 0.915738 0.143779 0.129526
