1 0.208430 0.084426 0.001155 0.001639
1 0.225751 0.086066 0.003464 0.001639
1 0.242494 0.087705 0.006928 0.001639
1 0.281755 0.089344 0.004619 0.001639
1 0.300808 0.090984 0.003464 0.001639
1 0.320439 0.092623 0.003464 0.001639
1 0.228637 0.245082 0.300231 0.303279
1 0.359122 0.094262 0.002309 0.001639
1 0.620092 0.383607 0.390300 0.481967
1 0.879908 0.396721 0.129330 0.449180
1 0.316397 0.673770 0.302540 0.419672
1 0.879908 0.752459 0.129330 0.262295
1 0.705543 0.760656 0.191686 0.245902
1 0.538684 0.760656 0.112009 0.236066
