1 0.470968 0.149087 0.067742 0.046653
1 0.195161 0.248479 0.096774 0.107505
1 0.338710 0.316430 0.180645 0.243408
1 0.469355 0.253550 0.070968 0.117647
1 0.612097 0.321501 0.208065 0.253550
1 0.816129 0.335700 0.190323 0.281947
1 0.195161 0.373225 0.096774 0.129817
1 0.469355 0.381339 0.070968 0.113590
1 0.246774 0.510142 0.200000 0.131846
1 0.429032 0.552738 0.158065 0.217039
1 0.074194 0.488844 0.109677 0.085193
1 0.612097 0.605477 0.208065 0.314402
1 0.830645 0.635903 0.190323 0.273834
1 0.246774 0.673428 0.200000 0.178499
1 0.428226 0.715010 0.156452 0.095335
1 0.501613 0.894523 0.251613 0.210953
