1 0.473750 0.143172 0.650000 0.224670
1 0.795625 0.084435 0.001250 0.004405
1 0.796875 0.106461 0.001250 0.004405
1 0.798125 0.118209 0.001250 0.004405
1 0.799375 0.141703 0.001250 0.004405
1 0.800625 0.164464 0.001250 0.002937
1 0.801875 0.175477 0.001250 0.001468
1 0.803125 0.198238 0.001250 0.002937
1 0.215625 0.411894 0.263750 0.365639
1 0.805625 0.232746 0.001250 0.001468
1 0.576250 0.508076 0.507500 0.446402
1 0.190000 0.626285 0.247500 0.110132
1 0.743125 0.747430 0.221250 0.249633
1 0.100625 0.754038 0.123750 0.180617
1 0.283750 0.773128 0.247500 0.195301
1 0.326875 0.684288 0.011250 0.002937
1 0.338125 0.686490 0.008750 0.001468
1 0.352500 0.688693 0.012500 0.002937
1 0.366875 0.690896 0.006250 0.001468
1 0.378750 0.692364 0.005000 0.001468
1 0.384375 0.693833 0.003750 0.001468
1 0.395625 0.695301 0.003750 0.001468
1 0.406875 0.696769 0.001250 0.001468
1 0.542500 0.800294 0.285000 0.202643
1 0.626875 0.732012 0.003750 0.001468
1 0.638125 0.733480 0.003750 0.001468
1 0.644375 0.734949 0.003750 0.001468
1 0.655000 0.736417 0.002500 0.001468
1 0.665625 0.737885 0.003750 0.001468
1 0.671250 0.739354 0.002500 0.001468
