1 0.126882 0.144471 0.162007 0.172414
1 0.307168 0.225327 0.174194 0.334126
1 0.456272 0.200951 0.113978 0.285375
1 0.617563 0.205113 0.198566 0.293698
1 0.801075 0.159334 0.159857 0.202140
1 0.926882 0.255054 0.057348 0.346017
1 0.838710 0.325803 0.074552 0.209275
1 0.116487 0.516052 0.175627 0.518430
1 0.158781 0.280024 0.062366 0.046373
1 0.758423 0.350178 0.074552 0.160523
1 0.431541 0.439952 0.172043 0.175981
1 0.617204 0.549941 0.199283 0.395957
1 0.280645 0.573722 0.121147 0.348395
1 0.801075 0.593936 0.159857 0.307967
1 0.376703 0.598692 0.062366 0.127229
1 0.462724 0.641498 0.101075 0.212842
1 0.376703 0.709275 0.062366 0.077289
1 0.525806 0.875149 0.353405 0.199762
1 0.706452 0.875149 0.000717 0.199762
