1 0.485784 0.222222 0.347434 0.295796
1 0.744105 0.249249 0.145631 0.349850
1 0.831484 0.246246 0.005548 0.081081
1 0.485784 0.397147 0.347434 0.054054
1 0.160888 0.656532 0.176144 0.352102
1 0.415395 0.576952 0.217753 0.192943
1 0.589806 0.576952 0.131068 0.192943
1 0.694868 0.522898 0.056865 0.084835
1 0.770458 0.522898 0.083218 0.084835
1 0.739251 0.605856 0.145631 0.069069
1 0.739251 0.738739 0.145631 0.184685
1 0.392510 0.752252 0.171983 0.157658
1 0.569695 0.752252 0.171290 0.157658
1 0.543689 0.898649 0.162275 0.111111
