1 0.500742 0.347255 0.275427 0.427208
1 0.694506 0.270286 0.101707 0.127685
1 0.824425 0.372912 0.146251 0.332936
1 0.101336 0.353222 0.110616 0.233890
1 0.257981 0.376492 0.190794 0.280430
1 0.694506 0.403341 0.101707 0.116945
1 0.691908 0.608592 0.106904 0.276850
1 0.101336 0.569212 0.110616 0.181384
1 0.183370 0.528640 0.041574 0.100239
1 0.257610 0.692721 0.190052 0.330549
1 0.824425 0.704654 0.146251 0.306683
1 0.498515 0.709427 0.269488 0.297136
1 0.102079 0.764916 0.091314 0.164678
1 0.694506 0.807279 0.101707 0.101432
