1 0.791667 0.234712 0.357639 0.411871
1 0.430556 0.199640 0.177083 0.201439
1 0.559028 0.153777 0.069444 0.109712
1 0.675347 0.335432 0.302083 0.242806
1 0.473958 0.302158 0.090278 0.053957
1 0.430556 0.382194 0.177083 0.149281
1 0.683160 0.591727 0.217014 0.269784
1 0.874132 0.564748 0.164931 0.208633
1 0.609375 0.517986 0.069444 0.107914
1 0.139757 0.527878 0.203125 0.116906
1 0.289931 0.527878 0.083333 0.116906
1 0.384549 0.518885 0.088542 0.098921
1 0.501736 0.522482 0.135417 0.098921
1 0.454861 0.625000 0.229167 0.095324
1 0.182292 0.752698 0.298611 0.293165
1 0.874132 0.747302 0.164931 0.142086
1 0.397569 0.717626 0.114583 0.075540
1 0.556424 0.749101 0.189236 0.138489
1 0.722222 0.776079 0.128472 0.084532
1 0.397569 0.790468 0.114583 0.055755
1 0.548611 0.880396 0.437500 0.080935
