1 0.201890 0.135287 0.256014 0.150873
1 0.436426 0.135287 0.264605 0.150873
1 0.582474 0.168953 0.731959 0.218204
1 0.097938 0.251247 0.048110 0.058603
1 0.170103 0.251247 0.075601 0.058603
1 0.393471 0.472569 0.357388 0.389027
1 0.144330 0.364090 0.140893 0.154613
1 0.766323 0.367207 0.364261 0.160848
1 0.516323 0.418329 0.111684 0.058603
1 0.139175 0.503117 0.130584 0.110973
1 0.133162 0.616584 0.118557 0.100998
1 0.239691 0.624065 0.077320 0.086035
1 0.133162 0.725686 0.118557 0.102244
1 0.325601 0.725686 0.249141 0.102244
1 0.262027 0.867207 0.376289 0.163342
