1 0.508294 0.156201 0.637441 0.130298
1 0.421801 0.370487 0.464455 0.270016
1 0.746445 0.286499 0.161137 0.102041
1 0.573460 0.420722 0.161137 0.169545
1 0.746445 0.380691 0.161137 0.073783
1 0.746445 0.461538 0.161137 0.075353
1 0.245261 0.466248 0.111374 0.069074
1 0.361374 0.466248 0.101896 0.069074
1 0.486967 0.558085 0.125592 0.105181
1 0.693128 0.586342 0.267773 0.161695
1 0.300948 0.587912 0.222749 0.158556
1 0.486967 0.642072 0.125592 0.050235
1 0.504739 0.815542 0.644550 0.274725
1 0.770142 0.879121 0.113744 0.135008
