1 0.601322 0.161549 0.198238 0.128171
1 0.193098 0.168224 0.183554 0.117490
1 0.272394 0.339119 0.330396 0.202937
1 0.604258 0.340454 0.186490 0.200267
1 0.779001 0.371162 0.148311 0.261682
1 0.196035 0.560080 0.177680 0.238985
1 0.364905 0.476636 0.145374 0.058745
1 0.605727 0.500668 0.183554 0.106809
1 0.586637 0.502003 0.036711 0.005340
1 0.779001 0.578772 0.148311 0.142857
1 0.364905 0.631509 0.145374 0.240320
1 0.622614 0.655541 0.226138 0.192256
1 0.798825 0.704940 0.108664 0.093458
1 0.160793 0.718291 0.107195 0.066756
1 0.254038 0.718959 0.061674 0.065421
1 0.156388 0.826435 0.104258 0.130841
1 0.251836 0.789720 0.077827 0.057410
