1 0.094557 0.228667 0.052776 0.118667
1 0.150907 0.228667 0.053326 0.118667
1 0.230346 0.420667 0.095657 0.409333
1 0.049753 0.254000 0.026938 0.070667
1 0.304838 0.342000 0.039032 0.108000
1 0.348268 0.340667 0.040132 0.105333
1 0.391974 0.345333 0.038483 0.114667
1 0.455745 0.390000 0.081363 0.204000
1 0.532710 0.376000 0.072567 0.176000
1 0.727872 0.402667 0.095657 0.229333
1 0.798791 0.370000 0.039582 0.164000
1 0.890599 0.389333 0.138538 0.202667
1 0.125344 0.466000 0.114349 0.329333
1 0.332875 0.466667 0.095107 0.128000
1 0.397471 0.446667 0.029687 0.074667
1 0.794942 0.588000 0.095657 0.269333
1 0.610775 0.582000 0.069269 0.238667
1 0.510445 0.596667 0.117097 0.252000
1 0.403518 0.607333 0.097856 0.230667
1 0.903518 0.610667 0.112699 0.224000
1 0.721001 0.611333 0.081913 0.222667
1 0.327653 0.630000 0.084662 0.185333
1 0.804563 0.799333 0.085212 0.118667
1 0.411215 0.800000 0.086861 0.117333
1 0.457394 0.802667 0.001100 0.122667
