1 0.155747 0.180976 0.088506 0.220539
1 0.328736 0.137205 0.075862 0.132997
1 0.439655 0.180976 0.132184 0.220539
1 0.559195 0.180976 0.100000 0.220539
1 0.639655 0.127104 0.054023 0.112795
1 0.728736 0.155724 0.117241 0.170034
1 0.244828 0.142256 0.080460 0.129630
1 0.560920 0.298822 0.211494 0.217172
1 0.243678 0.251684 0.087356 0.079125
1 0.330460 0.251684 0.079310 0.079125
1 0.728736 0.327441 0.117241 0.159933
1 0.309195 0.444444 0.291954 0.296296
1 0.220115 0.457912 0.233333 0.296296
1 0.505747 0.488215 0.101149 0.208754
1 0.613218 0.460438 0.106897 0.092593
1 0.702874 0.460438 0.063218 0.092593
1 0.812069 0.460438 0.145977 0.092593
1 0.917816 0.514310 0.037931 0.176768
1 0.736782 0.553030 0.131034 0.079125
1 0.845402 0.553030 0.079310 0.079125
1 0.641954 0.718013 0.166667 0.385522
1 0.811494 0.749158 0.147126 0.292929
