1 0.589109 0.195338 0.297030 0.110932
1 0.858911 0.260450 0.200495 0.209003
1 0.207921 0.377010 0.227723 0.200965
1 0.493193 0.392283 0.102723 0.231511
1 0.647896 0.430064 0.186881 0.307074
1 0.382426 0.335209 0.103960 0.104502
1 0.864480 0.586013 0.211634 0.397106
1 0.381807 0.451768 0.095297 0.099678
1 0.210396 0.653537 0.232673 0.352090
1 0.435644 0.612540 0.217822 0.186495
1 0.647896 0.713023 0.186881 0.233119
1 0.386757 0.772508 0.112624 0.114148
1 0.497525 0.772508 0.094059 0.114148
1 0.411510 0.913987 0.181931 0.120579
