1 0.216230 0.123302 0.068063 0.091954
1 0.326702 0.170324 0.138220 0.185998
1 0.475393 0.170324 0.142408 0.185998
1 0.568586 0.096134 0.029319 0.037618
1 0.603665 0.096134 0.030366 0.037618
1 0.707330 0.170324 0.162304 0.185998
1 0.823560 0.300418 0.262827 0.446186
1 0.568586 0.138976 0.029319 0.037618
1 0.603665 0.138976 0.030366 0.037618
1 0.586387 0.214211 0.064921 0.098224
1 0.216230 0.219958 0.068063 0.086729
1 0.259686 0.368339 0.154974 0.191223
1 0.518848 0.316614 0.346597 0.087774
1 0.361780 0.392372 0.032461 0.042842
1 0.415707 0.417450 0.054450 0.092999
1 0.490576 0.447231 0.068063 0.152560
1 0.608901 0.447231 0.151832 0.152560
1 0.361780 0.442529 0.032461 0.042842
1 0.246597 0.544932 0.128796 0.141066
1 0.382199 0.516719 0.127749 0.084639
1 0.093717 0.635319 0.137173 0.229885
1 0.498429 0.643678 0.064921 0.198537
1 0.400524 0.605016 0.091099 0.077325
1 0.246597 0.689133 0.128796 0.130617
1 0.382199 0.703762 0.127749 0.101358
1 0.346597 0.854232 0.328796 0.180773
