1 0.793333 0.242133 0.093333 0.096154
1 0.793333 0.409091 0.093333 0.227273
1 0.221905 0.441434 0.184762 0.281469
1 0.390952 0.367133 0.021905 0.129371
1 0.437143 0.367133 0.064762 0.129371
1 0.548571 0.393357 0.152381 0.181818
1 0.655238 0.361888 0.055238 0.118881
1 0.714762 0.361888 0.058095 0.118881
1 0.656190 0.476399 0.099048 0.103147
1 0.725714 0.450175 0.036190 0.050699
1 0.393810 0.492133 0.027619 0.110140
1 0.452381 0.492133 0.083810 0.110140
1 0.484286 0.509615 0.042857 0.075175
1 0.708571 0.503497 0.068571 0.048951
1 0.551905 0.557692 0.109524 0.146853
1 0.630476 0.581294 0.041905 0.099650
1 0.698571 0.581294 0.090476 0.099650
1 0.442857 0.591783 0.125714 0.078671
1 0.620476 0.672203 0.040952 0.057692
