1 0.885000 0.147022 0.142000 0.227047
1 0.140000 0.130893 0.108000 0.100496
1 0.279000 0.130893 0.150000 0.100496
1 0.441000 0.175558 0.146000 0.189826
1 0.659000 0.175558 0.258000 0.189826
1 0.220000 0.276055 0.268000 0.177419
1 0.629000 0.343052 0.522000 0.132754
1 0.220000 0.446030 0.268000 0.147643
1 0.464000 0.505583 0.192000 0.192308
1 0.749000 0.537221 0.378000 0.255583
1 0.502000 0.449752 0.092000 0.078164
1 0.549000 0.449752 0.002000 0.078164
1 0.220000 0.593672 0.268000 0.142680
1 0.460000 0.636476 0.184000 0.057072
1 0.700000 0.736352 0.384000 0.122829
1 0.270000 0.841191 0.420000 0.317618
1 0.677000 0.894541 0.430000 0.173697
