1 0.327514 0.137097 0.023450 0.105459
1 0.471339 0.228908 0.470558 0.289082
1 0.677957 0.184243 0.052110 0.199752
1 0.089369 0.232010 0.116206 0.282878
1 0.191767 0.232010 0.083377 0.282878
1 0.836373 0.458437 0.259510 0.720844
1 0.836373 0.376551 0.017718 0.038462
1 0.721991 0.366005 0.022408 0.009926
1 0.337936 0.405087 0.021365 0.053350
1 0.354351 0.514268 0.054195 0.271712
1 0.447890 0.514268 0.128713 0.271712
1 0.560188 0.514268 0.090672 0.271712
1 0.655289 0.514268 0.094320 0.271712
1 0.721991 0.385236 0.022408 0.013648
1 0.199844 0.531017 0.099531 0.295285
1 0.288171 0.532258 0.059406 0.292804
1 0.337936 0.458437 0.021365 0.043424
1 0.718864 0.497519 0.016154 0.059553
1 0.738145 0.497519 0.018239 0.059553
1 0.718864 0.568859 0.016154 0.068238
1 0.738145 0.562035 0.018239 0.054591
1 0.695935 0.619727 0.013028 0.060794
1 0.770974 0.699752 0.120375 0.156328
1 0.489317 0.711538 0.042731 0.083127
1 0.841845 0.756203 0.005732 0.125310
