1 0.305412 0.176307 0.182990 0.147942
1 0.477448 0.251947 0.143041 0.196885
1 0.603737 0.203003 0.101804 0.098999
1 0.707474 0.203003 0.097938 0.098999
1 0.336340 0.231368 0.131443 0.068966
1 0.619845 0.315907 0.141753 0.120133
1 0.725515 0.274750 0.061856 0.037820
1 0.369201 0.313682 0.065722 0.088988
1 0.302191 0.299221 0.057990 0.057842
1 0.690722 0.336485 0.131443 0.078977
1 0.301546 0.344828 0.061856 0.026696
1 0.477448 0.402113 0.143041 0.103448
1 0.336340 0.407675 0.131443 0.092325
1 0.586985 0.416574 0.068299 0.074527
1 0.646263 0.392102 0.042526 0.025584
1 0.713918 0.416574 0.085052 0.074527
1 0.646263 0.431034 0.042526 0.045606
1 0.651418 0.487208 0.192010 0.048943
1 0.647552 0.586763 0.184278 0.150167
