1 0.152389 0.122348 0.056013 0.060820
1 0.133855 0.267327 0.112850 0.189533
1 0.240527 0.267327 0.092257 0.189533
1 0.337315 0.267327 0.093081 0.189533
1 0.416804 0.267327 0.057661 0.189533
1 0.499588 0.267327 0.099671 0.189533
1 0.612026 0.315417 0.116969 0.285714
1 0.771829 0.219943 0.121911 0.094767
1 0.890857 0.228430 0.107908 0.111740
1 0.640857 0.234795 0.056013 0.121641
1 0.771829 0.428571 0.121911 0.308345
1 0.105437 0.328147 0.056013 0.067893
1 0.897035 0.447666 0.112026 0.298444
1 0.640857 0.342291 0.059308 0.073550
1 0.134679 0.415134 0.114498 0.091938
1 0.370675 0.507779 0.357496 0.277228
1 0.245881 0.541726 0.109555 0.209335
1 0.621499 0.573550 0.121087 0.188119
1 0.252471 0.724187 0.373147 0.486563
