1 0.245663 0.127517 0.130465 0.139597
1 0.726232 0.130201 0.138099 0.126174
1 0.659958 0.342953 0.302568 0.256376
1 0.882026 0.340940 0.133241 0.252349
1 0.302221 0.277181 0.060375 0.111409
1 0.401804 0.491946 0.127689 0.540940
1 0.182165 0.373154 0.300486 0.297987
1 0.581194 0.618792 0.145038 0.295302
1 0.719639 0.618792 0.183206 0.295302
1 0.847675 0.514765 0.064539 0.079195
1 0.916724 0.514765 0.063845 0.079195
1 0.091603 0.636242 0.119362 0.252349
1 0.274115 0.637584 0.116586 0.249664
1 0.178001 0.611409 0.067314 0.157047
1 0.879944 0.663087 0.129077 0.201342
1 0.916724 0.600671 0.063845 0.076510
1 0.231090 0.686577 0.048577 0.151678
1 0.697779 0.704027 0.078418 0.124832
1 0.172103 0.727517 0.055517 0.059060
1 0.702637 0.842282 0.088133 0.108725
