1 0.727184 0.295037 0.491262 0.446691
1 0.556796 0.373162 0.129126 0.183824
1 0.650000 0.306066 0.047573 0.049632
1 0.747087 0.470588 0.224272 0.378676
1 0.094175 0.345588 0.056311 0.117647
1 0.218447 0.375000 0.052427 0.165441
1 0.280097 0.489890 0.063107 0.395221
1 0.161650 0.340993 0.053398 0.090074
1 0.373786 0.394301 0.104854 0.196691
1 0.651942 0.430147 0.051456 0.183824
1 0.160680 0.467831 0.055340 0.148897
1 0.096117 0.593750 0.060194 0.356618
1 0.218447 0.502757 0.052427 0.079044
1 0.518447 0.511029 0.052427 0.077206
1 0.584951 0.511029 0.072816 0.077206
1 0.373786 0.622243 0.104854 0.281250
1 0.630583 0.521140 0.008738 0.001838
1 0.190291 0.657169 0.108738 0.215074
1 0.563592 0.665441 0.142718 0.213235
1 0.691748 0.762868 0.113592 0.205882
1 0.807282 0.727941 0.101942 0.102941
1 0.280097 0.732537 0.063107 0.075368
1 0.266019 0.836397 0.114563 0.088235
