1 0.524778 0.129292 0.317662 0.110515
1 0.227446 0.291845 0.277001 0.173820
1 0.533037 0.332082 0.318933 0.254292
1 0.800508 0.315451 0.200762 0.221030
1 0.158831 0.461910 0.127065 0.149142
1 0.298602 0.447425 0.134689 0.109442
1 0.747141 0.483906 0.094028 0.103004
1 0.851970 0.483906 0.097840 0.103004
1 0.533037 0.611052 0.318933 0.303648
1 0.302414 0.601395 0.142313 0.185622
1 0.800508 0.652897 0.200762 0.219957
1 0.155019 0.653433 0.134689 0.218884
1 0.298602 0.732296 0.134689 0.061159
1 0.249047 0.851395 0.249047 0.140558
