1 0.326244 0.180187 0.180090 0.190955
1 0.794118 0.207466 0.133032 0.146447
1 0.168326 0.276023 0.182805 0.184494
1 0.690045 0.370782 0.350226 0.363963
1 0.335747 0.366116 0.173756 0.157933
1 0.121719 0.370065 0.089593 0.053841
1 0.160181 0.437904 0.166516 0.130653
1 0.121719 0.430007 0.089593 0.055994
1 0.799095 0.479541 0.132127 0.137832
1 0.335747 0.489950 0.173756 0.079684
1 0.176018 0.599785 0.198190 0.193108
1 0.351584 0.572505 0.142081 0.076813
1 0.595475 0.627782 0.161086 0.150036
1 0.773756 0.590811 0.182805 0.076095
1 0.351584 0.655420 0.131222 0.071788
1 0.719005 0.668342 0.073303 0.068916
1 0.811765 0.668342 0.101357 0.068916
1 0.766063 0.816224 0.200000 0.198134
1 0.819005 0.841709 0.085068 0.104092
