1 0.732794 0.203370 0.168016 0.080721
1 0.261134 0.362853 0.321862 0.211599
1 0.565283 0.363636 0.144737 0.210031
1 0.728745 0.339342 0.172065 0.161442
1 0.728745 0.517633 0.172065 0.185737
1 0.760628 0.455329 0.108300 0.061129
1 0.336538 0.603056 0.171053 0.268809
1 0.565283 0.519592 0.144737 0.094044
1 0.172571 0.579545 0.144737 0.209248
1 0.729251 0.548197 0.047571 0.024295
1 0.565789 0.608542 0.135628 0.068182
1 0.653846 0.708464 0.321862 0.186520
1 0.172571 0.742947 0.144737 0.117555
1 0.380061 0.750392 0.084008 0.102665
1 0.291498 0.771944 0.080972 0.059561
1 0.273785 0.888323 0.081984 0.141850
1 0.374494 0.884796 0.101215 0.134796
