1 0.187653 0.185259 0.216680 0.266932
1 0.362224 0.262948 0.125920 0.422311
1 0.603843 0.354582 0.262469 0.553785
1 0.763287 0.214143 0.092396 0.272908
1 0.154538 0.476096 0.158626 0.294821
1 0.265331 0.405378 0.054783 0.153386
1 0.767375 0.462151 0.058054 0.191235
1 0.695012 0.528884 0.076860 0.205179
1 0.329109 0.534861 0.059689 0.177291
1 0.381848 0.552789 0.039248 0.157371
1 0.258381 0.558765 0.073590 0.129482
1 0.767375 0.600598 0.058054 0.061753
1 0.348733 0.739044 0.100572 0.191235
1 0.397383 0.842629 0.050695 0.123506
