1 0.135359 0.116142 0.171271 0.177165
1 0.241515 0.326772 0.131018 0.374016
1 0.115627 0.369094 0.114444 0.281496
1 0.359905 0.468504 0.105762 0.476378
1 0.419495 0.351378 0.100237 0.242126
1 0.744672 0.466535 0.188635 0.444882
1 0.590371 0.540354 0.113654 0.297244
1 0.893844 0.542323 0.103394 0.293307
1 0.681137 0.583661 0.061563 0.210630
1 0.443173 0.531496 0.052881 0.090551
1 0.522889 0.539370 0.003946 0.066929
1 0.241121 0.716535 0.131807 0.405512
1 0.145225 0.604331 0.053670 0.169291
1 0.086819 0.582677 0.056827 0.122047
1 0.417916 0.707677 0.103394 0.242126
1 0.115233 0.739173 0.113654 0.171260
1 0.033938 0.737205 0.031571 0.163386
1 0.335438 0.771654 0.055249 0.114173
1 0.351223 0.896654 0.082084 0.088583
