1 0.542529 0.166476 0.266667 0.172769
1 0.154789 0.319794 0.108812 0.188787
1 0.465517 0.318078 0.109579 0.185355
1 0.767433 0.320938 0.108046 0.191076
1 0.868199 0.304348 0.085824 0.061785
1 0.939464 0.369565 0.047510 0.192220
1 0.253640 0.314073 0.079693 0.078947
1 0.283908 0.352403 0.140230 0.155606
1 0.536015 0.449085 0.250575 0.348970
1 0.850958 0.356407 0.051341 0.042334
1 0.895785 0.376430 0.030651 0.082380
1 0.868199 0.425057 0.085824 0.081236
1 0.227203 0.536613 0.253640 0.231121
1 0.770498 0.479977 0.114176 0.115561
1 0.894253 0.547483 0.137931 0.152174
1 0.135249 0.488558 0.069732 0.022883
1 0.135249 0.576087 0.069732 0.152174
1 0.501533 0.614416 0.049808 0.185355
1 0.767433 0.616705 0.108046 0.183066
1 0.441379 0.565217 0.061303 0.077803
1 0.441379 0.659039 0.061303 0.096110
1 0.154789 0.725973 0.108812 0.133867
1 0.469349 0.793478 0.121839 0.129291
