1 0.182167 0.131410 0.187919 0.196154
1 0.367689 0.164103 0.114094 0.146154
1 0.513902 0.205128 0.157239 0.228205
1 0.789549 0.239744 0.296261 0.289744
1 0.164909 0.448077 0.260786 0.388462
1 0.366251 0.369872 0.124640 0.232051
1 0.513902 0.461538 0.157239 0.287179
1 0.693193 0.445513 0.103547 0.103846
1 0.790988 0.445513 0.076702 0.103846
1 0.873921 0.625641 0.127517 0.464103
1 0.443912 0.676282 0.297220 0.362821
1 0.735379 0.682051 0.187919 0.351282
1 0.337009 0.803846 0.066155 0.107692
1 0.417546 0.803846 0.079578 0.107692
1 0.336529 0.925000 0.069032 0.083333
