1 0.599790 0.154956 0.216387 0.101631
1 0.292367 0.155583 0.070728 0.082811
1 0.392157 0.289210 0.117647 0.350063
1 0.757703 0.168130 0.072829 0.100376
1 0.856443 0.277917 0.113445 0.319950
1 0.289566 0.335634 0.076331 0.257215
1 0.070378 0.299247 0.072129 0.156838
1 0.179272 0.342535 0.133053 0.243413
1 0.646709 0.348808 0.294818 0.240903
1 0.070378 0.444793 0.072129 0.114178
1 0.810224 0.457967 0.021008 0.022585
1 0.869748 0.500000 0.086835 0.106650
1 0.591387 0.620452 0.184174 0.302384
1 0.752101 0.562735 0.137255 0.186951
1 0.184874 0.540151 0.043417 0.131744
1 0.331583 0.621079 0.238796 0.293601
1 0.070378 0.575282 0.072129 0.126725
1 0.159664 0.584693 0.093838 0.127980
1 0.855392 0.667503 0.115546 0.208281
1 0.120448 0.708281 0.172269 0.119197
1 0.711485 0.719573 0.044818 0.104141
1 0.766106 0.719573 0.051821 0.104141
1 0.696779 0.847553 0.077031 0.104141
