1 0.228723 0.140741 0.231915 0.233333
1 0.407447 0.082407 0.108511 0.116667
1 0.650000 0.232407 0.363830 0.416667
1 0.410638 0.323148 0.114894 0.350000
1 0.171277 0.300000 0.117021 0.070370
1 0.291489 0.300000 0.106383 0.070370
1 0.564894 0.367593 0.189362 0.146296
1 0.228723 0.458333 0.231915 0.231481
1 0.542553 0.510185 0.144681 0.127778
1 0.676596 0.510185 0.110638 0.127778
1 0.786170 0.517593 0.091489 0.112963
1 0.407447 0.539815 0.108511 0.068519
1 0.402128 0.625000 0.123404 0.072222
1 0.782979 0.625000 0.089362 0.072222
1 0.442553 0.850926 0.408511 0.187037
1 0.762766 0.850926 0.219149 0.187037
