1 0.238510 0.260626 0.372425 0.306488
1 0.221870 0.371365 0.180666 0.317673
1 0.372425 0.299776 0.120444 0.174497
1 0.448494 0.258389 0.142631 0.091723
1 0.640254 0.304251 0.120444 0.174497
1 0.732171 0.271812 0.053883 0.109620
1 0.771791 0.374720 0.196513 0.315436
1 0.847861 0.271812 0.044374 0.109620
1 0.920761 0.374720 0.095087 0.315436
1 0.477813 0.348993 0.083994 0.076063
1 0.282092 0.459732 0.091918 0.140940
1 0.352615 0.463087 0.042789 0.134228
1 0.405705 0.425056 0.053883 0.058166
1 0.477813 0.431767 0.083994 0.071588
1 0.624406 0.464206 0.088748 0.136465
1 0.405705 0.494407 0.053883 0.071588
1 0.477813 0.502237 0.083994 0.055928
1 0.365293 0.576063 0.093502 0.064877
1 0.477021 0.568233 0.038035 0.049217
1 0.695721 0.551454 0.028526 0.006711
1 0.587956 0.739374 0.180666 0.136465
1 0.451664 0.744966 0.076070 0.129754
1 0.541997 0.889262 0.256735 0.145414
