1 0.503643 0.115581 0.897996 0.174968
1 0.424408 0.332695 0.677596 0.215837
1 0.856102 0.280332 0.163934 0.111111
1 0.859745 0.421456 0.171220 0.155811
1 0.619308 0.455939 0.287796 0.150702
1 0.509107 0.565773 0.289617 0.250319
1 0.219490 0.539591 0.267760 0.182631
1 0.806011 0.567688 0.278689 0.121328
1 0.806011 0.723499 0.278689 0.174968
1 0.219490 0.724777 0.267760 0.172414
1 0.443534 0.754789 0.158470 0.112388
1 0.594718 0.754789 0.118397 0.112388
1 0.425319 0.895275 0.122040 0.122605
1 0.559199 0.890166 0.116576 0.112388
