1 0.342937 0.130769 0.039033 0.023077
1 0.131970 0.307692 0.144981 0.284615
1 0.305762 0.307692 0.193309 0.284615
1 0.446561 0.221154 0.077138 0.111538
1 0.446561 0.370192 0.077138 0.163462
1 0.627323 0.486538 0.144981 0.376923
1 0.777881 0.525962 0.156134 0.455769
1 0.915428 0.486538 0.109665 0.376923
1 0.342007 0.628846 0.120818 0.357692
1 0.170539 0.633654 0.222119 0.348077
1 0.442379 0.582692 0.085502 0.246154
1 0.500929 0.509615 0.011152 0.076923
1 0.733271 0.610577 0.066914 0.128846
1 0.442379 0.761538 0.085502 0.092308
1 0.352695 0.890385 0.101301 0.123077
