1 0.632041 0.103184 0.260424 0.154481
1 0.152158 0.260024 0.163862 0.317217
1 0.367959 0.299528 0.254572 0.396226
1 0.852597 0.218160 0.171909 0.233491
1 0.579737 0.350825 0.168983 0.293632
1 0.711046 0.350825 0.080468 0.293632
1 0.856255 0.574292 0.179225 0.433962
1 0.152158 0.599057 0.163862 0.341981
1 0.312363 0.639151 0.143380 0.261792
1 0.469642 0.583726 0.159473 0.150943
1 0.599854 0.559552 0.087783 0.102594
1 0.699707 0.638561 0.103146 0.260613
1 0.598756 0.694575 0.082663 0.141509
1 0.925384 0.722288 0.040966 0.137972
1 0.433431 0.719340 0.087052 0.101415
1 0.516094 0.719340 0.066569 0.101415
1 0.513168 0.877358 0.259693 0.165094
