1 0.246914 0.107399 0.386831 0.105012
1 0.741770 0.106205 0.388889 0.097852
1 0.741770 0.318616 0.388889 0.288783
1 0.164609 0.286396 0.222222 0.219570
1 0.362140 0.321002 0.156379 0.288783
1 0.619342 0.494033 0.144033 0.214797
1 0.125514 0.460621 0.144033 0.109785
1 0.322016 0.503580 0.236626 0.195704
1 0.741770 0.589499 0.388889 0.252983
1 0.125514 0.606205 0.144033 0.162291
1 0.323045 0.733890 0.238683 0.250597
1 0.858025 0.733890 0.156379 0.250597
1 0.125514 0.781623 0.139918 0.155131
1 0.587449 0.791169 0.080247 0.136038
1 0.704733 0.791169 0.137860 0.136038
1 0.909465 0.902148 0.061728 0.062053
