1 0.524793 0.152466 0.223140 0.224215
1 0.841942 0.242152 0.055785 0.049327
1 0.168388 0.358744 0.183884 0.161435
1 0.381198 0.456278 0.225207 0.356502
1 0.577479 0.383408 0.154959 0.210762
1 0.727273 0.327354 0.128099 0.098655
1 0.882231 0.483184 0.165289 0.410314
1 0.727273 0.437220 0.128099 0.103139
1 0.168388 0.521300 0.183884 0.145740
1 0.588843 0.634529 0.190083 0.269058
1 0.727273 0.634529 0.128099 0.269058
1 0.767562 0.539238 0.047521 0.078475
1 0.263430 0.619955 0.101240 0.100897
1 0.140496 0.636771 0.128099 0.067265
1 0.328512 0.747758 0.123967 0.208520
1 0.447314 0.706278 0.097107 0.125561
1 0.168388 0.765695 0.183884 0.172646
1 0.464876 0.830717 0.115702 0.082960
