1 0.083415 0.173624 0.088780 0.191651
1 0.212683 0.237192 0.146341 0.288425
1 0.369268 0.245731 0.143415 0.305503
1 0.781463 0.163188 0.343415 0.132827
1 0.576098 0.271347 0.043902 0.345351
1 0.673659 0.325427 0.127805 0.237192
1 0.756585 0.443074 0.123902 0.381404
1 0.881951 0.421252 0.142439 0.337761
1 0.088293 0.445920 0.080976 0.307400
1 0.220976 0.578748 0.186341 0.352941
1 0.377561 0.499051 0.126829 0.163188
1 0.075122 0.527514 0.054634 0.144213
1 0.589756 0.538899 0.063415 0.144213
1 0.658049 0.500949 0.049756 0.068311
1 0.164878 0.550285 0.050732 0.098672
1 0.658049 0.579696 0.049756 0.062619
1 0.724390 0.700190 0.159024 0.132827
1 0.209268 0.848197 0.178537 0.136622
1 0.724390 0.857685 0.168780 0.136622
