1 0.645388 0.162119 0.193182 0.112310
1 0.176136 0.163071 0.195856 0.109137
1 0.122660 0.335977 0.131684 0.201142
1 0.260695 0.335977 0.131016 0.201142
1 0.397727 0.335977 0.131016 0.201142
1 0.638035 0.403236 0.231952 0.335660
1 0.848930 0.334708 0.176471 0.198604
1 0.834225 0.511739 0.205882 0.245558
1 0.260027 0.515228 0.406417 0.145939
1 0.893382 0.614213 0.076872 0.149746
1 0.301136 0.619607 0.134358 0.155457
1 0.419118 0.572018 0.088235 0.060279
1 0.626671 0.633566 0.209225 0.125000
1 0.142045 0.645622 0.170455 0.103426
1 0.419452 0.650698 0.080882 0.084391
1 0.792447 0.667830 0.111631 0.056472
1 0.768048 0.768401 0.339572 0.114213
1 0.898396 0.893718 0.080214 0.135152
