1 0.186833 0.120244 0.254448 0.184170
1 0.351423 0.056317 0.051601 0.056317
1 0.499555 0.120244 0.221530 0.184170
1 0.756673 0.231355 0.321174 0.406393
1 0.351423 0.122527 0.051601 0.056317
1 0.351423 0.186454 0.051601 0.051750
1 0.131228 0.254186 0.143238 0.063927
1 0.405249 0.286149 0.381673 0.127854
1 0.131228 0.345129 0.143238 0.098174
1 0.316726 0.495814 0.204626 0.273212
1 0.508007 0.400685 0.137011 0.067732
1 0.131228 0.469178 0.143238 0.130137
1 0.522242 0.634323 0.165480 0.364536
1 0.131228 0.588661 0.143238 0.087519
1 0.157028 0.695967 0.194840 0.105784
1 0.296263 0.695967 0.062278 0.105784
1 0.378559 0.695967 0.080961 0.105784
1 0.239324 0.849315 0.359431 0.179604
1 0.516014 0.886225 0.153025 0.119482
