1 0.112886 0.284865 0.135896 0.174054
1 0.245533 0.330270 0.118571 0.264865
1 0.391716 0.330270 0.166215 0.264865
1 0.549540 0.371892 0.141852 0.348108
1 0.655387 0.258919 0.061180 0.122162
1 0.729020 0.273514 0.078506 0.151351
1 0.856795 0.442703 0.168381 0.489730
1 0.655387 0.431351 0.061180 0.207568
1 0.729020 0.448108 0.078506 0.182703
1 0.526259 0.451892 0.095290 0.188108
1 0.112886 0.575676 0.135896 0.390270
1 0.906605 0.481622 0.068760 0.081081
1 0.330536 0.621081 0.288576 0.299459
1 0.895506 0.650270 0.090958 0.241081
1 0.654034 0.656757 0.111532 0.228108
1 0.755550 0.658378 0.091500 0.224865
1 0.526800 0.661622 0.131023 0.218378
1 0.384678 0.722162 0.049269 0.097297
1 0.435571 0.722162 0.043855 0.097297
1 0.825122 0.732973 0.041148 0.075676
