1 0.157057 0.107781 0.184514 0.144059
1 0.323723 0.183491 0.134541 0.194532
1 0.854476 0.234490 0.105437 0.296530
1 0.706755 0.490536 0.180121 0.587802
1 0.154036 0.391167 0.222405 0.384858
1 0.287754 0.314406 0.062603 0.052576
1 0.354201 0.379075 0.063701 0.181914
1 0.287754 0.407992 0.058210 0.117771
1 0.822625 0.568875 0.225151 0.431125
1 0.506041 0.546793 0.036793 0.317560
1 0.879736 0.485279 0.054915 0.192429
1 0.426689 0.547319 0.103240 0.293375
1 0.403899 0.439012 0.057661 0.062040
1 0.278144 0.529968 0.043383 0.105152
1 0.337177 0.530494 0.068094 0.106204
1 0.125755 0.685068 0.109830 0.202944
1 0.287754 0.644585 0.205382 0.121977
1 0.853652 0.802839 0.105986 0.184017
1 0.218012 0.749211 0.065898 0.074658
1 0.323174 0.803365 0.134541 0.182965
1 0.757276 0.855415 0.068094 0.104101
1 0.211971 0.858044 0.068094 0.107256
