1 0.162289 0.094737 0.272045 0.113158
1 0.570356 0.125000 0.105066 0.052632
1 0.147280 0.237500 0.223265 0.143421
1 0.611632 0.290132 0.686679 0.248684
1 0.376173 0.390132 0.215760 0.161842
1 0.147280 0.387500 0.223265 0.140789
1 0.469981 0.531579 0.298311 0.234211
1 0.792683 0.500658 0.324578 0.156579
1 0.104128 0.490789 0.136961 0.102632
1 0.248593 0.504605 0.125704 0.080263
1 0.227017 0.640789 0.382739 0.181579
1 0.792683 0.659211 0.324578 0.144737
1 0.523452 0.694079 0.191370 0.075000
1 0.552533 0.782895 0.110694 0.073684
1 0.121951 0.913158 0.191370 0.131579
