1 0.323467 0.276110 0.541226 0.246736
1 0.758985 0.219974 0.295983 0.134465
1 0.758985 0.390992 0.295983 0.207572
1 0.517970 0.566580 0.152220 0.334204
1 0.160677 0.473238 0.215645 0.134465
1 0.352008 0.454961 0.145877 0.090078
1 0.689218 0.545692 0.156448 0.088773
1 0.840381 0.543734 0.124736 0.084856
1 0.311839 0.558094 0.238901 0.105744
1 0.119450 0.578982 0.133192 0.063969
1 0.758985 0.698433 0.295983 0.203655
1 0.242072 0.708877 0.378436 0.182768
1 0.517970 0.770235 0.152220 0.060052
1 0.397463 0.840078 0.076110 0.053525
1 0.516913 0.853133 0.150106 0.079634
