1 0.496910 0.250951 0.145859 0.193916
1 0.642769 0.250951 0.135970 0.193916
1 0.205810 0.277567 0.307787 0.243346
1 0.818912 0.386882 0.206428 0.283270
1 0.310260 0.320342 0.098888 0.058935
1 0.452410 0.384981 0.056860 0.058935
1 0.608776 0.445817 0.245983 0.180608
1 0.310260 0.434411 0.098888 0.153992
1 0.176143 0.459125 0.159456 0.104563
1 0.470952 0.522814 0.093943 0.205323
1 0.565513 0.522814 0.087763 0.205323
1 0.131644 0.565589 0.070457 0.085551
1 0.271323 0.576996 0.176761 0.089354
1 0.651422 0.584601 0.076638 0.081749
1 0.712608 0.584601 0.038319 0.081749
1 0.811496 0.635932 0.231150 0.184411
