1 0.534368 0.025389 0.045233 0.050777
1 0.583592 0.278756 0.185366 0.410363
1 0.741907 0.248705 0.122395 0.350259
1 0.863193 0.248705 0.111308 0.350259
1 0.187583 0.274093 0.109091 0.380311
1 0.341463 0.274093 0.198670 0.380311
1 0.092461 0.187047 0.117517 0.202073
1 0.080044 0.385492 0.092683 0.172021
1 0.733481 0.596891 0.207539 0.422798
1 0.880488 0.483420 0.076718 0.096373
1 0.115743 0.463212 0.004435 0.016580
1 0.124834 0.463212 0.003104 0.016580
1 0.139246 0.459585 0.012417 0.009326
1 0.578936 0.464249 0.004878 0.010363
1 0.588692 0.464249 0.004878 0.010363
1 0.598448 0.464249 0.004878 0.010363
1 0.607761 0.464249 0.003991 0.010363
1 0.617295 0.464249 0.005322 0.010363
1 0.167184 0.639378 0.068293 0.319171
1 0.364745 0.639378 0.157428 0.319171
1 0.244124 0.639896 0.072284 0.318135
1 0.557650 0.645078 0.133481 0.326425
1 0.079157 0.647150 0.098891 0.303627
1 0.868514 0.675648 0.100665 0.265285
1 0.263636 0.612953 0.033259 0.094301
1 0.785588 0.715026 0.055432 0.186528
1 0.584922 0.741451 0.078936 0.133679
1 0.652772 0.741969 0.046120 0.132642
1 0.323503 0.880311 0.074945 0.102591
1 0.657428 0.875648 0.055432 0.089119
