1 0.301166 0.191489 0.123012 0.100580
1 0.636002 0.342843 0.125663 0.175048
1 0.723224 0.310928 0.042418 0.111219
1 0.764316 0.432785 0.124602 0.354932
1 0.886797 0.432785 0.138388 0.354932
1 0.164899 0.433752 0.239661 0.347195
1 0.319459 0.295938 0.064157 0.071567
1 0.424443 0.360251 0.138388 0.200193
1 0.318134 0.472437 0.144221 0.265957
1 0.636002 0.523694 0.125663 0.173114
1 0.443531 0.521277 0.100212 0.110251
1 0.519618 0.544971 0.031813 0.078337
1 0.712619 0.567698 0.045599 0.085106
1 0.174443 0.661992 0.132556 0.221470
1 0.342524 0.639265 0.050901 0.110251
1 0.430276 0.675048 0.117179 0.181818
1 0.463680 0.640232 0.059915 0.112186
1 0.279958 0.654255 0.067869 0.080271
1 0.781548 0.666344 0.084836 0.081238
1 0.317073 0.751451 0.133616 0.077369
