1 0.388435 0.101250 0.414720 0.127500
1 0.139019 0.105000 0.070093 0.120000
1 0.248832 0.340000 0.287383 0.302500
1 0.554322 0.343750 0.323598 0.310000
1 0.818341 0.243750 0.181075 0.110000
1 0.818341 0.398750 0.188084 0.185000
1 0.505257 0.633750 0.421729 0.270000
1 0.818341 0.557500 0.188084 0.117500
1 0.149533 0.547500 0.088785 0.095000
1 0.243575 0.547500 0.085280 0.095000
1 0.232477 0.743750 0.254673 0.280000
1 0.465537 0.743750 0.197430 0.280000
1 0.818341 0.753750 0.188084 0.260000
1 0.643692 0.830000 0.144860 0.107500
1 0.603388 0.946875 0.251168 0.081250
