1 0.147103 0.217765 0.243685 0.220630
1 0.277860 0.260745 0.130758 0.306590
1 0.086924 0.276504 0.123328 0.106017
1 0.112927 0.406877 0.175334 0.137536
1 0.456166 0.608883 0.511144 0.369628
1 0.433135 0.494269 0.274889 0.140401
1 0.757058 0.655444 0.372957 0.462751
1 0.842496 0.515043 0.202080 0.181948
1 0.112927 0.526504 0.175334 0.084527
1 0.112927 0.730659 0.175334 0.306590
1 0.448737 0.786533 0.142645 0.200573
1 0.615899 0.786533 0.173848 0.200573
1 0.332838 0.740688 0.071322 0.106017
1 0.289747 0.850287 0.145617 0.093123
