1 0.666978 0.204327 0.201246 0.228365
1 0.818380 0.234976 0.091589 0.289663
1 0.915888 0.234976 0.094704 0.289663
1 0.219315 0.212139 0.181931 0.231971
1 0.381620 0.224159 0.132710 0.256010
1 0.487850 0.157452 0.069782 0.122596
1 0.553894 0.253005 0.004984 0.087740
1 0.478816 0.289062 0.079128 0.123798
1 0.207788 0.523438 0.158879 0.390625
1 0.361059 0.523438 0.147664 0.390625
1 0.764798 0.523438 0.396885 0.390625
1 0.480997 0.390625 0.083489 0.079327
1 0.073520 0.538462 0.085981 0.360577
1 0.400000 0.403846 0.069782 0.086538
1 0.480997 0.579327 0.083489 0.278846
1 0.760436 0.620192 0.071651 0.197115
1 0.919315 0.620192 0.087850 0.197115
1 0.396885 0.809495 0.249221 0.131010
