1 0.355568 0.114570 0.133409 0.131126
1 0.384398 0.329139 0.076880 0.282119
1 0.193047 0.396689 0.162239 0.403974
1 0.473431 0.372848 0.094404 0.356291
1 0.761447 0.284106 0.402487 0.178808
1 0.310062 0.264901 0.065008 0.127152
1 0.710288 0.386093 0.028830 0.099338
1 0.726682 0.419868 0.061617 0.166887
1 0.309214 0.400000 0.062182 0.124503
1 0.066139 0.491391 0.085924 0.203974
1 0.626060 0.500662 0.131713 0.219868
1 0.763426 0.596689 0.135105 0.411921
1 0.898530 0.500662 0.128321 0.219868
1 0.348502 0.641722 0.148672 0.324503
1 0.473431 0.681457 0.094404 0.245033
1 0.163652 0.701325 0.095534 0.205298
1 0.247598 0.708609 0.066704 0.203974
1 0.640757 0.715232 0.161108 0.174834
1 0.880441 0.715232 0.164500 0.174834
1 0.370266 0.722517 0.040701 0.162914
1 0.408140 0.722517 0.029395 0.162914
1 0.283776 0.875497 0.126625 0.111258
