1 0.112519 0.238351 0.076006 0.222222
1 0.238450 0.239247 0.168405 0.224014
1 0.371461 0.258961 0.075261 0.184588
1 0.570790 0.278674 0.076006 0.148746
1 0.693741 0.364695 0.162444 0.317204
1 0.194113 0.497312 0.079732 0.292115
1 0.092772 0.381720 0.036513 0.050179
1 0.133010 0.381720 0.035022 0.050179
1 0.248882 0.434588 0.023845 0.155914
1 0.289866 0.436380 0.035768 0.152330
1 0.570790 0.491935 0.076006 0.263441
1 0.441878 0.511649 0.059613 0.281362
1 0.334575 0.445341 0.043219 0.134409
1 0.381148 0.445341 0.042474 0.134409
1 0.112146 0.529570 0.076751 0.227599
1 0.727273 0.577957 0.400894 0.277778
1 0.213115 0.485663 0.038748 0.053763
1 0.257824 0.654122 0.128167 0.265233
1 0.366990 0.583333 0.070790 0.123656
1 0.647168 0.577957 0.069300 0.091398
1 0.356185 0.698029 0.062593 0.105735
1 0.152757 0.714158 0.059613 0.091398
1 0.412817 0.726703 0.029806 0.105735
