1 0.679764 0.050542 0.479371 0.101083
1 0.248527 0.228039 0.383104 0.210590
1 0.683694 0.312274 0.463654 0.379061
1 0.164047 0.402527 0.210216 0.123947
1 0.361493 0.402527 0.157171 0.123947
1 0.164047 0.549338 0.210216 0.152828
1 0.361493 0.524669 0.157171 0.103490
1 0.502947 0.660048 0.223969 0.316486
1 0.765226 0.577016 0.300589 0.150421
1 0.361493 0.623947 0.157171 0.080626
1 0.249509 0.750301 0.381139 0.232250
1 0.766208 0.763538 0.298625 0.205776
1 0.497053 0.845969 0.212181 0.040915
1 0.484283 0.939230 0.241650 0.092659
