1 0.223359 0.178161 0.297411 0.218391
1 0.723961 0.493103 0.141481 0.526437
1 0.159542 0.362069 0.260084 0.259770
1 0.589705 0.452874 0.117399 0.303448
1 0.879290 0.413218 0.159542 0.224138
1 0.373871 0.397701 0.161349 0.188506
1 0.089103 0.623563 0.119205 0.263218
1 0.219145 0.623563 0.140879 0.263218
1 0.166165 0.560920 0.033715 0.121839
1 0.373871 0.628161 0.161349 0.254023
1 0.375075 0.574713 0.056592 0.147126
1 0.430163 0.574713 0.046358 0.140230
1 0.879290 0.644828 0.159542 0.222989
1 0.480132 0.682759 0.033113 0.144828
1 0.569235 0.684483 0.076460 0.143678
1 0.630042 0.684483 0.036725 0.143678
1 0.219145 0.830460 0.139675 0.129885
1 0.723359 0.836207 0.149910 0.125287
1 0.218844 0.936782 0.094521 0.045977
