1 0.294833 0.157165 0.346505 0.101695
1 0.376900 0.271957 0.486322 0.106317
1 0.767477 0.310478 0.276596 0.183359
1 0.376900 0.375963 0.486322 0.101695
1 0.586626 0.474576 0.267477 0.144838
1 0.819149 0.439137 0.173252 0.061633
1 0.202128 0.473035 0.136778 0.080123
1 0.358663 0.463790 0.164134 0.061633
1 0.772036 0.548536 0.267477 0.144838
1 0.287234 0.560863 0.306991 0.120185
1 0.522796 0.587057 0.206687 0.067797
1 0.267477 0.675655 0.291793 0.087827
1 0.528875 0.675655 0.212766 0.087827
1 0.272036 0.854391 0.300912 0.260401
