1 0.305653 0.281658 0.425504 0.493474
1 0.854075 0.079894 0.255916 0.070899
1 0.383655 0.123633 0.256354 0.157672
1 0.808501 0.217108 0.163891 0.193651
1 0.912796 0.181834 0.138475 0.123104
1 0.634969 0.253263 0.148116 0.203880
1 0.350570 0.301411 0.097283 0.197884
1 0.455521 0.269841 0.112621 0.134744
1 0.939089 0.281129 0.085890 0.065608
1 0.289658 0.358907 0.066608 0.082892
1 0.854514 0.380423 0.255039 0.124515
1 0.455741 0.392769 0.112182 0.101235
1 0.358238 0.582892 0.180982 0.107584
1 0.526293 0.653968 0.125329 0.245503
1 0.647458 0.562963 0.104733 0.063492
1 0.647458 0.638624 0.104733 0.079365
1 0.390885 0.676190 0.135846 0.071252
1 0.647458 0.713757 0.104733 0.060317
1 0.647897 0.794356 0.105609 0.092416
1 0.526512 0.819224 0.124890 0.075132
1 0.647897 0.871605 0.105609 0.050794
