1 0.303407 0.057283 0.104052 0.058920
1 0.264273 0.133388 0.162063 0.075286
1 0.694751 0.133388 0.170350 0.075286
1 0.206722 0.155892 0.046961 0.030278
1 0.569061 0.247545 0.138122 0.138298
1 0.673573 0.247545 0.063536 0.138298
1 0.728821 0.208265 0.037753 0.059738
1 0.817680 0.245499 0.130755 0.134206
1 0.131676 0.247136 0.119705 0.135843
1 0.257366 0.247136 0.122468 0.135843
1 0.388122 0.232406 0.129834 0.106383
1 0.728821 0.256956 0.037753 0.029460
1 0.728821 0.354746 0.037753 0.159574
1 0.388122 0.371931 0.129834 0.164484
1 0.683702 0.308101 0.043278 0.017185
1 0.817680 0.385025 0.130755 0.138298
1 0.127072 0.386661 0.110497 0.135025
1 0.252762 0.386661 0.131676 0.135025
1 0.570902 0.387480 0.141805 0.133388
1 0.651013 0.351882 0.018416 0.062193
1 0.685083 0.353928 0.040516 0.066285
1 0.342541 0.372750 0.038674 0.036825
1 0.294199 0.371522 0.048803 0.032733
1 0.673573 0.461538 0.063536 0.148936
1 0.294199 0.423077 0.048803 0.062193
1 0.728821 0.487316 0.037753 0.097381
1 0.186004 0.502864 0.038674 0.082651
1 0.244936 0.482406 0.062615 0.041735
1 0.297882 0.499182 0.032228 0.075286
1 0.244936 0.521686 0.062615 0.030278
1 0.486188 0.594517 0.038674 0.031915
1 0.482505 0.655892 0.169429 0.076105
1 0.369705 0.675941 0.039595 0.036007
1 0.425875 0.679624 0.056169 0.028642
1 0.340700 0.744272 0.097606 0.084288
1 0.535912 0.771277 0.276243 0.138298
1 0.340700 0.815466 0.097606 0.049918
1 0.422192 0.824059 0.048803 0.032733
1 0.340700 0.913257 0.097606 0.127660
1 0.491252 0.913257 0.186924 0.127660
1 0.632136 0.887889 0.083794 0.076923
1 0.563536 0.947627 0.042357 0.058920
1 0.629374 0.953355 0.089319 0.047463
1 0.421271 0.954992 0.046961 0.044190
