1 0.103832 0.267062 0.155971 0.293769
1 0.299465 0.267062 0.224599 0.293769
1 0.729947 0.221068 0.397504 0.198813
1 0.643048 0.413947 0.209447 0.329377
1 0.839127 0.462166 0.166667 0.259644
1 0.729947 0.484421 0.028520 0.149852
1 0.142602 0.554896 0.233512 0.258160
1 0.254011 0.471068 0.058824 0.090504
1 0.317291 0.554896 0.103387 0.258160
1 0.392157 0.554896 0.039216 0.258160
1 0.790998 0.501484 0.084670 0.097923
1 0.729947 0.580119 0.397504 0.255193
1 0.297237 0.751484 0.106061 0.093472
1 0.297237 0.843472 0.063280 0.057864
1 0.855169 0.911721 0.063280 0.176558
1 0.510250 0.916172 0.145276 0.167656
1 0.698307 0.916172 0.205882 0.167656
