1 0.061063 0.017200 0.066614 0.005931
1 0.289849 0.443060 0.390960 0.857651
1 0.061063 0.105575 0.066614 0.163701
1 0.723236 0.113286 0.361618 0.155397
1 0.127676 0.325623 0.199841 0.228944
1 0.270817 0.330961 0.076923 0.239620
1 0.351705 0.271056 0.070579 0.110320
1 0.636796 0.324437 0.185567 0.217082
1 0.804917 0.302491 0.193497 0.173191
1 0.350912 0.397390 0.075337 0.116251
1 0.666534 0.448992 0.245044 0.100830
1 0.822760 0.448399 0.056305 0.090154
1 0.879064 0.448399 0.045202 0.090154
1 0.129659 0.642942 0.203807 0.405694
1 0.310071 0.567023 0.157018 0.211151
1 0.350912 0.520759 0.075337 0.118624
1 0.600714 0.531435 0.113402 0.064057
1 0.823949 0.588375 0.155432 0.173191
1 0.642347 0.677936 0.196669 0.345196
