1 0.730553 0.156271 0.293504 0.247512
1 0.339615 0.143995 0.388933 0.054413
1 0.576584 0.268414 0.070569 0.303251
1 0.251002 0.257133 0.211708 0.147976
1 0.443464 0.257133 0.161989 0.147976
1 0.283480 0.378898 0.276664 0.087591
1 0.476343 0.378898 0.096231 0.087591
1 0.874499 0.516921 0.037690 0.038487
1 0.733360 0.545123 0.215718 0.093563
1 0.249800 0.651626 0.209302 0.205707
1 0.483962 0.614466 0.239775 0.131387
1 0.684443 0.630060 0.125902 0.092236
1 0.798316 0.638686 0.085806 0.081619
1 0.483962 0.769078 0.239775 0.163238
1 0.249800 0.805574 0.209302 0.090246
1 0.362069 0.896483 0.111468 0.065030
1 0.362871 0.959854 0.069767 0.037823
