1 0.294706 0.328546 0.309412 0.520646
1 0.550000 0.194794 0.180000 0.253142
1 0.755294 0.194794 0.218824 0.253142
1 0.643529 0.244165 0.056471 0.154399
1 0.554706 0.458707 0.234118 0.260323
1 0.771765 0.459605 0.185882 0.258528
1 0.928235 0.452424 0.089412 0.233393
1 0.078824 0.729803 0.087059 0.296230
1 0.438235 0.730700 0.147059 0.283662
1 0.252353 0.734291 0.224706 0.276481
1 0.551176 0.643627 0.067059 0.091562
1 0.771765 0.735189 0.185882 0.274686
1 0.631765 0.659785 0.080000 0.120287
1 0.565294 0.784560 0.215294 0.175943
