1 0.715194 0.212323 0.457162 0.341444
1 0.204485 0.177786 0.062249 0.215856
1 0.355756 0.177786 0.225569 0.215856
1 0.191432 0.347331 0.131191 0.105965
1 0.410308 0.432889 0.291834 0.277080
1 0.740295 0.548273 0.368139 0.288069
1 0.193775 0.486264 0.126506 0.156201
1 0.266064 0.779827 0.501339 0.440345
1 0.254685 0.647174 0.261714 0.151491
1 0.480589 0.681319 0.178046 0.219780
1 0.158300 0.711931 0.068942 0.043956
1 0.661312 0.815542 0.170013 0.237049
1 0.838688 0.815542 0.171352 0.237049
1 0.292838 0.832025 0.184070 0.204082
1 0.440094 0.866562 0.097055 0.135008
1 0.532798 0.866562 0.073628 0.135008
