1 0.636885 0.107143 0.391803 0.120779
1 0.238525 0.185065 0.342623 0.242857
1 0.615574 0.327922 0.411475 0.271429
1 0.149180 0.373377 0.163934 0.120779
1 0.325410 0.409091 0.168852 0.192208
1 0.150000 0.496104 0.152459 0.111688
1 0.493443 0.584416 0.190164 0.241558
1 0.765574 0.548701 0.334426 0.157143
1 0.314754 0.555195 0.147541 0.087013
1 0.227869 0.687013 0.321311 0.249351
1 0.765574 0.722727 0.334426 0.177922
1 0.493443 0.761688 0.190164 0.100000
1 0.822131 0.888961 0.244262 0.120779
1 0.437705 0.898052 0.501639 0.125974
