1 0.427224 0.181022 0.415094 0.259854
1 0.779650 0.181022 0.260108 0.259854
1 0.333558 0.294161 0.039084 0.033577
1 0.512803 0.294161 0.039084 0.033577
1 0.215633 0.422628 0.247978 0.185401
1 0.386792 0.351825 0.083558 0.043796
1 0.482480 0.375182 0.075472 0.090511
1 0.718329 0.437226 0.361186 0.214599
1 0.394205 0.410219 0.068733 0.067153
1 0.482480 0.484672 0.075472 0.119708
1 0.195418 0.488321 0.075472 0.054015
1 0.338949 0.570803 0.179245 0.218978
1 0.162399 0.600730 0.141509 0.159124
1 0.559299 0.666423 0.229111 0.208759
1 0.640836 0.608759 0.066038 0.093431
1 0.791779 0.666423 0.214286 0.208759
1 0.649596 0.687591 0.048518 0.055474
1 0.453504 0.718248 0.157682 0.105109
1 0.311321 0.734307 0.088949 0.061314
1 0.660377 0.833577 0.061995 0.078832
1 0.797844 0.856204 0.202156 0.124088
1 0.660377 0.902920 0.061995 0.048175
