1 0.602564 0.116244 0.410256 0.160954
1 0.877137 0.119970 0.121795 0.153502
1 0.224359 0.280179 0.307692 0.456036
1 0.524573 0.358420 0.271368 0.293592
1 0.801282 0.358420 0.256410 0.293592
1 0.169872 0.640089 0.198718 0.263785
1 0.514957 0.587183 0.491453 0.157973
1 0.851496 0.555887 0.155983 0.083458
1 0.851496 0.704918 0.155983 0.199702
1 0.337607 0.722057 0.115385 0.099851
1 0.467949 0.722057 0.123932 0.099851
1 0.650641 0.816692 0.220085 0.289121
1 0.467949 0.870343 0.123932 0.181818
1 0.216880 0.881520 0.335470 0.189270
1 0.851496 0.886736 0.155983 0.149031
