1 0.127481 0.273420 0.166412 0.202614
1 0.320611 0.273420 0.189313 0.202614
1 0.454962 0.222222 0.070229 0.100218
1 0.548855 0.323529 0.352672 0.302832
1 0.776336 0.253813 0.090076 0.163399
1 0.862595 0.245098 0.070229 0.137255
1 0.015267 0.281046 0.030534 0.078431
1 0.454962 0.327887 0.070229 0.093682
1 0.814504 0.396514 0.166412 0.148148
1 0.935115 0.387800 0.044275 0.082789
1 0.127481 0.569717 0.166412 0.372549
1 0.258015 0.440087 0.064122 0.113290
1 0.331298 0.440087 0.070229 0.113290
1 0.416794 0.576253 0.088550 0.202614
1 0.593130 0.639434 0.264122 0.328976
1 0.814504 0.619826 0.166412 0.281046
1 0.296183 0.630719 0.140458 0.250545
1 0.415267 0.721133 0.085496 0.069717
1 0.426718 0.811547 0.123664 0.067538
