1 0.170345 0.085034 0.252414 0.170068
1 0.220000 0.212585 0.194483 0.119048
1 0.425517 0.212585 0.200000 0.119048
1 0.079310 0.307823 0.051034 0.224490
1 0.631724 0.312075 0.179310 0.232993
1 0.820000 0.312075 0.180690 0.232993
1 0.220690 0.465986 0.195862 0.367347
1 0.437241 0.482143 0.206897 0.375850
1 0.082759 0.529762 0.044138 0.205782
1 0.672414 0.625850 0.274483 0.377551
1 0.863448 0.485544 0.093793 0.096939
1 0.813103 0.679422 0.194483 0.270408
1 0.173103 0.727041 0.238621 0.175170
1 0.417241 0.742347 0.235862 0.144558
1 0.593793 0.749150 0.100690 0.130952
1 0.678621 0.749150 0.057931 0.130952
1 0.612414 0.892857 0.165517 0.105442
1 0.812414 0.920068 0.220690 0.159864
