1 0.837744 0.154567 0.277159 0.119438
1 0.330084 0.155152 0.281337 0.118267
1 0.121170 0.333138 0.186630 0.188525
1 0.345404 0.403396 0.242340 0.329040
1 0.390669 0.344262 0.151811 0.210773
1 0.717270 0.381733 0.373259 0.283372
1 0.887883 0.344848 0.168524 0.209602
1 0.459610 0.440281 0.013928 0.018735
1 0.073120 0.478923 0.090529 0.088993
1 0.170613 0.469555 0.087744 0.070258
1 0.856546 0.567330 0.231198 0.221311
1 0.121170 0.592506 0.186630 0.161593
1 0.550139 0.535714 0.038997 0.010539
1 0.630919 0.604215 0.200557 0.147541
1 0.289694 0.624122 0.130919 0.098361
1 0.412256 0.620609 0.094708 0.091335
1 0.922702 0.627635 0.098886 0.100703
1 0.968663 0.580211 0.006964 0.005855
1 0.348189 0.663934 0.013928 0.018735
1 0.814067 0.758197 0.129526 0.111241
1 0.929666 0.803864 0.084958 0.202576
