1 0.480938 0.272083 0.078125 0.474167
1 0.652500 0.259167 0.188750 0.428333
1 0.140313 0.167500 0.184375 0.233333
1 0.331875 0.167500 0.185000 0.233333
1 0.784687 0.101667 0.063125 0.038333
1 0.859375 0.177917 0.073750 0.190833
1 0.937500 0.282917 0.057500 0.329167
1 0.784687 0.201250 0.063125 0.144167
1 0.107188 0.329583 0.118125 0.105833
1 0.804375 0.394167 0.183750 0.225000
1 0.223750 0.388333 0.145000 0.208333
1 0.363750 0.392917 0.121250 0.199167
1 0.096562 0.442083 0.096875 0.100833
1 0.184375 0.469583 0.066250 0.045833
1 0.190625 0.545833 0.078750 0.058333
1 0.273125 0.759167 0.231250 0.201667
1 0.451562 0.759167 0.111875 0.201667
1 0.567500 0.759167 0.106250 0.201667
