1 0.072417 0.200553 0.073230 0.174274
1 0.119203 0.121715 0.008950 0.016598
1 0.159072 0.200553 0.088690 0.174274
1 0.198535 0.121715 0.009764 0.016598
1 0.363710 0.251037 0.309194 0.275242
1 0.547193 0.246888 0.046379 0.266943
1 0.656631 0.246888 0.161107 0.266943
1 0.849064 0.223375 0.207486 0.219917
1 0.119609 0.383817 0.167616 0.172891
1 0.849064 0.551867 0.207486 0.417704
1 0.324247 0.574689 0.230269 0.372061
1 0.543938 0.574689 0.209113 0.372061
1 0.695688 0.439834 0.082994 0.102351
1 0.162327 0.475795 0.082181 0.085754
1 0.119609 0.620332 0.167616 0.280775
1 0.559805 0.554633 0.071603 0.107884
1 0.644020 0.630705 0.186330 0.260028
1 0.505696 0.831259 0.199349 0.091286
