1 0.527630 0.206956 0.319872 0.210946
1 0.843252 0.279932 0.077577 0.064994
1 0.410733 0.481756 0.519660 0.315849
1 0.732731 0.375713 0.105207 0.103763
1 0.845377 0.457811 0.098831 0.267959
1 0.243889 0.487457 0.185972 0.119726
1 0.732731 0.551311 0.105207 0.224629
1 0.189692 0.606043 0.077577 0.096921
1 0.283209 0.606043 0.088204 0.096921
1 0.392136 0.759407 0.110521 0.239453
1 0.530818 0.764538 0.147715 0.229190
1 0.699787 0.764538 0.171095 0.229190
1 0.239107 0.771950 0.176408 0.214367
1 0.369819 0.923033 0.136026 0.067275
