1 0.532161 0.143503 0.543719 0.180791
1 0.196985 0.389266 0.253266 0.270056
1 0.483417 0.388701 0.305528 0.268927
1 0.714573 0.388701 0.142714 0.268927
1 0.854774 0.304520 0.123618 0.100565
1 0.854774 0.442938 0.123618 0.160452
1 0.159799 0.667232 0.178894 0.306215
1 0.375879 0.621469 0.239196 0.196610
1 0.647236 0.675706 0.293467 0.289266
1 0.858794 0.675706 0.115578 0.289266
1 0.942714 0.564972 0.016080 0.067797
1 0.307538 0.661582 0.102513 0.084746
1 0.307538 0.766102 0.102513 0.108475
1 0.430151 0.774576 0.128643 0.091525
1 0.448744 0.896045 0.163819 0.108475
