1 0.148920 0.128009 0.177215 0.140044
1 0.613552 0.163567 0.144453 0.095186
1 0.290022 0.184902 0.113924 0.122538
1 0.414743 0.207877 0.120625 0.168490
1 0.671631 0.405908 0.274013 0.555799
1 0.875652 0.207877 0.117647 0.159737
1 0.143708 0.429978 0.163812 0.426696
1 0.264706 0.326586 0.063291 0.143326
1 0.324274 0.300875 0.045421 0.083151
1 0.875652 0.417396 0.117647 0.241794
1 0.414743 0.353392 0.120625 0.107221
1 0.255026 0.542670 0.183917 0.387309
1 0.414743 0.462254 0.120625 0.095186
1 0.910276 0.495077 0.043931 0.062363
1 0.414743 0.695842 0.120625 0.352298
1 0.852197 0.583698 0.070737 0.075492
1 0.913999 0.583698 0.042442 0.075492
1 0.876024 0.750000 0.118392 0.241794
1 0.613924 0.750547 0.158600 0.240700
1 0.142964 0.762582 0.162323 0.218818
1 0.755026 0.781182 0.107223 0.179431
1 0.257260 0.807987 0.054356 0.128009
1 0.318317 0.807987 0.057334 0.128009
1 0.259121 0.915755 0.050633 0.052516
