1 0.091198 0.091993 0.002722 0.129472
1 0.229583 0.091993 0.264973 0.129472
1 0.758167 0.103066 0.144283 0.114140
1 0.142468 0.322828 0.081670 0.287905
1 0.240926 0.322828 0.106171 0.287905
1 0.405626 0.379898 0.214156 0.402044
1 0.758167 0.432709 0.133394 0.504259
1 0.033122 0.187394 0.004537 0.006814
1 0.063975 0.259796 0.066243 0.151618
1 0.095281 0.187394 0.003630 0.006814
1 0.902450 0.350937 0.146098 0.241908
1 0.622958 0.307496 0.127949 0.151618
1 0.063067 0.405451 0.066243 0.115843
1 0.622505 0.558773 0.128857 0.330494
1 0.064428 0.525554 0.074410 0.093697
1 0.202813 0.626065 0.191470 0.294719
1 0.371143 0.626065 0.145191 0.294719
1 0.902450 0.602215 0.146098 0.243612
1 0.794918 0.621806 0.059891 0.132879
1 0.090744 0.677172 0.127042 0.192504
1 0.194192 0.735094 0.070780 0.076661
1 0.758167 0.710392 0.133394 0.027257
1 0.226860 0.856048 0.134301 0.131175
