1 0.164894 0.061303 0.248936 0.076628
1 0.248936 0.284163 0.429787 0.363985
1 0.751064 0.411239 0.434043 0.112388
1 0.123404 0.567688 0.174468 0.172414
1 0.331915 0.567688 0.242553 0.172414
1 0.637234 0.577267 0.193617 0.186462
1 0.852128 0.539591 0.214894 0.111111
1 0.852128 0.710089 0.214894 0.219668
1 0.904255 0.627714 0.110638 0.054917
1 0.332979 0.736271 0.240426 0.164751
1 0.118085 0.738825 0.163830 0.159642
1 0.674468 0.748404 0.268085 0.143040
1 0.082979 0.786718 0.093617 0.063857
1 0.178723 0.887612 0.297872 0.104725
