1 0.343936 0.055060 0.190855 0.050595
1 0.294235 0.401042 0.294235 0.087798
1 0.597416 0.402530 0.172962 0.081845
1 0.293241 0.595982 0.292247 0.272321
1 0.601392 0.541667 0.180915 0.163690
1 0.749503 0.499256 0.083499 0.072917
1 0.748509 0.626488 0.093439 0.169643
1 0.216700 0.680060 0.139165 0.104167
1 0.601392 0.685268 0.180915 0.111607
1 0.186879 0.756696 0.079523 0.078869
1 0.581511 0.797619 0.141153 0.160714
1 0.726640 0.797619 0.137177 0.160714
1 0.220676 0.805804 0.131213 0.147321
1 0.362823 0.805804 0.153082 0.147321
1 0.242545 0.930804 0.186879 0.066964
