1 0.601424 0.364374 0.643957 0.468959
1 0.200731 0.188395 0.141263 0.093123
1 0.204773 0.422636 0.149346 0.352436
1 0.599500 0.370105 0.499230 0.239733
1 0.836220 0.331662 0.176674 0.162846
1 0.423980 0.420010 0.148191 0.138968
1 0.889338 0.454632 0.070439 0.069723
1 0.545420 0.601958 0.094688 0.223973
1 0.379908 0.563754 0.060046 0.115091
1 0.451694 0.566619 0.081986 0.120821
1 0.643764 0.610076 0.091994 0.207736
1 0.742687 0.610076 0.094303 0.207736
1 0.860277 0.610076 0.128560 0.207736
1 0.421286 0.670487 0.142802 0.086915
1 0.380677 0.648758 0.061586 0.041547
1 0.494996 0.775788 0.151655 0.084527
