1 0.134038 0.271562 0.192436 0.347319
1 0.304783 0.277389 0.229143 0.358974
1 0.531702 0.250583 0.213571 0.305361
1 0.690211 0.209790 0.094549 0.223776
1 0.840378 0.238928 0.179088 0.282051
1 0.459399 0.344988 0.068966 0.116550
1 0.690211 0.419580 0.094549 0.172494
1 0.840378 0.530303 0.179088 0.272727
1 0.403782 0.571096 0.278087 0.312354
1 0.598999 0.490676 0.098999 0.151515
1 0.151279 0.680653 0.226919 0.447552
1 0.643493 0.712121 0.187987 0.384615
1 0.359288 0.742424 0.177976 0.324009
1 0.845940 0.810023 0.190211 0.254079
1 0.498331 0.797203 0.084538 0.116550
