1 0.126159 0.112100 0.239959 0.202847
1 0.126159 0.548043 0.239959 0.658363
1 0.408857 0.565836 0.315139 0.462633
1 0.279609 0.524021 0.056643 0.140569
1 0.330072 0.502669 0.036045 0.097865
1 0.377446 0.511566 0.052523 0.115658
1 0.452111 0.541815 0.090628 0.176157
1 0.631308 0.524911 0.051493 0.142349
1 0.697734 0.518683 0.095778 0.129893
1 0.800721 0.622776 0.101957 0.338078
1 0.887230 0.622776 0.060762 0.209964
1 0.358393 0.630783 0.096807 0.144128
1 0.682801 0.642349 0.154480 0.110320
1 0.280639 0.629893 0.058702 0.060498
1 0.218332 0.707295 0.059732 0.158363
1 0.452111 0.708185 0.090628 0.156584
1 0.299691 0.716192 0.096807 0.140569
1 0.339341 0.663701 0.017508 0.035587
1 0.634912 0.648577 0.009269 0.005338
1 0.714212 0.726868 0.087539 0.129893
1 0.636457 0.747331 0.061792 0.088968
1 0.377446 0.747331 0.052523 0.078292
1 0.217302 0.837189 0.057673 0.080071
1 0.373326 0.820285 0.044284 0.046263
