1 0.287514 0.191868 0.165389 0.332910
1 0.221249 0.463787 0.249726 0.175349
1 0.432092 0.463787 0.161008 0.175349
1 0.625411 0.500635 0.214677 0.249047
1 0.815991 0.567344 0.155531 0.382465
1 0.062979 0.510801 0.036145 0.063532
1 0.139650 0.603558 0.086528 0.121982
1 0.231106 0.608005 0.085433 0.100381
1 0.398686 0.608640 0.238773 0.099111
1 0.852683 0.599111 0.082147 0.052097
1 0.593647 0.695044 0.278204 0.127065
1 0.185104 0.711563 0.177437 0.094028
1 0.331325 0.696315 0.104053 0.063532
1 0.418401 0.696315 0.059146 0.063532
1 0.364184 0.839898 0.152245 0.190597
