1 0.309002 0.018253 0.042579 0.036506
1 0.271898 0.121904 0.110706 0.134289
1 0.090328 0.269231 0.056569 0.110821
1 0.185219 0.340287 0.122263 0.252934
1 0.367701 0.409387 0.232968 0.391134
1 0.625304 0.318774 0.190998 0.209909
1 0.758820 0.387875 0.074818 0.348110
1 0.877737 0.491525 0.154501 0.555411
1 0.739659 0.444589 0.036496 0.252934
1 0.090328 0.402216 0.060219 0.129074
1 0.558090 0.491525 0.056569 0.114733
1 0.631691 0.491525 0.082117 0.114733
1 0.743005 0.601695 0.130779 0.335072
1 0.170012 0.531943 0.155109 0.130378
1 0.032543 0.516297 0.033455 0.083442
1 0.074209 0.535854 0.027981 0.122555
1 0.266727 0.546936 0.031022 0.097784
1 0.403893 0.650587 0.160584 0.224250
1 0.601277 0.664276 0.142944 0.209909
1 0.119526 0.683833 0.118613 0.157757
1 0.253954 0.683833 0.139294 0.157757
1 0.695864 0.717731 0.036496 0.102999
1 0.285584 0.844850 0.068735 0.117340
1 0.284672 0.962842 0.040146 0.071708
