1 0.181983 0.222294 0.339363 0.246134
1 0.464182 0.171392 0.213459 0.123711
1 0.464182 0.416237 0.213459 0.350515
1 0.112880 0.481959 0.173661 0.226804
1 0.237699 0.496778 0.067294 0.256443
1 0.676556 0.481959 0.114327 0.224227
1 0.786541 0.481959 0.098408 0.224227
1 0.888205 0.481959 0.097685 0.224227
1 0.309334 0.429768 0.064399 0.117268
1 0.304269 0.561856 0.078871 0.126289
1 0.085384 0.777706 0.118669 0.364691
1 0.244211 0.686211 0.198987 0.181701
1 0.657381 0.695876 0.075977 0.190722
1 0.818379 0.781572 0.237337 0.362113
1 0.177641 0.868557 0.064399 0.182990
1 0.238061 0.871778 0.047757 0.176546
1 0.830680 0.855670 0.047757 0.139175
1 0.676918 0.880155 0.115051 0.164948
1 0.316570 0.893041 0.081766 0.182990
1 0.917149 0.901418 0.097685 0.197165
1 0.830680 0.947809 0.047757 0.029639
1 0.029305 0.954253 0.006512 0.011598
