1 0.325185 0.197694 0.220741 0.118616
1 0.514074 0.392916 0.207407 0.281713
1 0.307407 0.377265 0.205926 0.191104
1 0.693333 0.407743 0.136296 0.252059
1 0.858519 0.345140 0.164444 0.103789
1 0.862222 0.599671 0.171852 0.382208
1 0.249630 0.535420 0.090370 0.108731
1 0.352593 0.535420 0.100741 0.108731
1 0.495556 0.601318 0.167407 0.135091
1 0.674815 0.657331 0.173333 0.227348
1 0.303704 0.684514 0.198519 0.172982
1 0.459259 0.724053 0.094815 0.093904
1 0.546667 0.724053 0.065185 0.093904
1 0.465185 0.827018 0.091852 0.072488
