1 0.305109 0.056934 0.081752 0.061314
1 0.241606 0.302920 0.267153 0.378102
1 0.532847 0.251825 0.315328 0.275912
1 0.801460 0.248905 0.204380 0.270073
1 0.572263 0.563504 0.394161 0.347445
1 0.840146 0.441606 0.127007 0.100730
1 0.164964 0.564234 0.113869 0.124088
1 0.298540 0.584672 0.132847 0.164964
1 0.620438 0.541606 0.140146 0.078832
1 0.801460 0.678102 0.204380 0.351825
1 0.580292 0.722628 0.220438 0.262774
1 0.236496 0.745255 0.256934 0.217518
1 0.418248 0.800000 0.086131 0.108029
1 0.414599 0.913869 0.078832 0.067153
