1 0.614891 0.142473 0.344031 0.212366
1 0.352375 0.327285 0.134788 0.103495
1 0.591142 0.464382 0.311938 0.377688
1 0.860719 0.379032 0.211810 0.206989
1 0.147625 0.355511 0.233633 0.111559
1 0.359435 0.485215 0.133504 0.190860
1 0.139281 0.616263 0.240051 0.385753
1 0.720796 0.592070 0.242619 0.202957
1 0.908216 0.536290 0.116816 0.091398
1 0.318357 0.571237 0.066752 0.091398
1 0.355584 0.659946 0.141207 0.145161
1 0.845956 0.701613 0.241335 0.223118
1 0.514121 0.778898 0.157895 0.251344
1 0.659178 0.757392 0.116816 0.111559
1 0.355584 0.822581 0.141207 0.163978
1 0.690629 0.903898 0.156611 0.127688
