1 0.342557 0.137116 0.177481 0.170213
1 0.575859 0.325059 0.296756 0.333333
1 0.341603 0.344563 0.160305 0.206856
1 0.196088 0.391253 0.121183 0.113475
1 0.072042 0.567376 0.096374 0.416076
1 0.761927 0.443262 0.065840 0.094563
1 0.875000 0.498227 0.148855 0.204492
1 0.437500 0.440307 0.006679 0.013002
1 0.451336 0.440307 0.007634 0.013002
1 0.510019 0.605792 0.216603 0.301418
1 0.218511 0.523050 0.166031 0.133570
1 0.352099 0.523050 0.087786 0.133570
1 0.706584 0.570331 0.176527 0.157210
1 0.637405 0.527778 0.026718 0.060284
1 0.170802 0.606383 0.070611 0.070922
1 0.265744 0.676714 0.260496 0.159574
1 0.856393 0.735225 0.186069 0.255319
1 0.674618 0.706265 0.101145 0.100473
1 0.761450 0.706265 0.061069 0.100473
1 0.726145 0.872340 0.215649 0.193853
