1 0.660401 0.140033 0.228070 0.141680
1 0.362155 0.359143 0.117794 0.260297
1 0.520050 0.364086 0.187970 0.270181
1 0.656015 0.352554 0.073935 0.247117
1 0.735589 0.289951 0.075188 0.121911
1 0.735589 0.413509 0.075188 0.105437
1 0.399749 0.512356 0.042607 0.108731
1 0.742481 0.504942 0.061404 0.064250
1 0.662907 0.510708 0.087719 0.052718
1 0.338972 0.531301 0.068922 0.070840
1 0.463033 0.598847 0.073935 0.199341
1 0.573308 0.637562 0.146617 0.276771
1 0.712406 0.658979 0.121554 0.233937
1 0.362782 0.674629 0.116541 0.202636
1 0.273810 0.668863 0.041353 0.148270
1 0.235589 0.672982 0.015038 0.084020
1 0.463033 0.740527 0.073935 0.070840
1 0.462406 0.827842 0.082707 0.067545
