1 0.623888 0.091075 0.071156 0.091075
1 0.204574 0.316940 0.182973 0.316940
1 0.493011 0.324226 0.378653 0.331512
1 0.792249 0.268670 0.207116 0.220401
1 0.792249 0.494536 0.207116 0.209472
1 0.204574 0.616576 0.182973 0.260474
1 0.346887 0.488160 0.086404 0.003643
1 0.388818 0.560109 0.170267 0.140255
1 0.578145 0.673953 0.208386 0.367942
1 0.792249 0.652095 0.207116 0.189435
1 0.949174 0.651184 0.071156 0.096539
1 0.341169 0.693078 0.074968 0.107468
1 0.423761 0.693078 0.074968 0.107468
1 0.389454 0.823315 0.135959 0.109290
