1 0.706406 0.063770 0.252669 0.104966
1 0.255338 0.211625 0.208185 0.253950
1 0.462633 0.145034 0.192171 0.120767
1 0.626335 0.375282 0.480427 0.452596
1 0.459964 0.272009 0.186833 0.133183
1 0.224199 0.357223 0.142349 0.089165
1 0.288256 0.408014 0.274021 0.125282
1 0.639680 0.431151 0.122776 0.054176
1 0.788256 0.431151 0.156584 0.054176
1 0.722420 0.554740 0.288256 0.181716
1 0.289146 0.560948 0.275801 0.169300
1 0.502669 0.626411 0.133452 0.038375
1 0.352313 0.814334 0.437722 0.305869
1 0.210854 0.863995 0.151246 0.147856
