1 0.278814 0.133607 0.208475 0.108197
1 0.593220 0.280738 0.176271 0.156557
1 0.761017 0.280738 0.147458 0.156557
1 0.124153 0.336066 0.151695 0.263934
1 0.276271 0.433197 0.210169 0.458197
1 0.549576 0.244672 0.085593 0.079508
1 0.623729 0.415984 0.237288 0.102459
1 0.791525 0.415984 0.086441 0.102459
1 0.593644 0.566803 0.177119 0.187705
1 0.761864 0.566803 0.145763 0.187705
1 0.107203 0.509016 0.117797 0.070492
1 0.110169 0.586885 0.123729 0.070492
1 0.105932 0.645492 0.115254 0.033607
1 0.596186 0.752459 0.185593 0.152459
1 0.092373 0.756557 0.096610 0.157377
1 0.189831 0.751639 0.077966 0.147541
1 0.318220 0.756557 0.158475 0.157377
