1 0.613326 0.290756 0.258542 0.487395
1 0.109339 0.184034 0.152620 0.257143
1 0.329727 0.300840 0.272210 0.490756
1 0.109339 0.418487 0.152620 0.191597
1 0.268223 0.547059 0.149203 0.314286
1 0.824032 0.652101 0.137813 0.426891
1 0.109339 0.651261 0.152620 0.253782
1 0.524487 0.612605 0.101367 0.122689
1 0.714692 0.708403 0.074032 0.314286
1 0.626424 0.623529 0.086560 0.141176
1 0.300683 0.594958 0.066059 0.073950
1 0.403759 0.709244 0.124146 0.302521
1 0.300683 0.693277 0.066059 0.105882
1 0.524487 0.772269 0.101367 0.176471
1 0.624715 0.780672 0.083144 0.152941
1 0.222665 0.748739 0.058087 0.068908
1 0.300683 0.814286 0.066059 0.092437
1 0.140091 0.844538 0.223235 0.082353
