1 0.155374 0.172710 0.170561 0.139313
1 0.349299 0.170802 0.203271 0.135496
1 0.781542 0.174618 0.264019 0.131679
1 0.589953 0.145992 0.095794 0.070611
1 0.588785 0.269084 0.102804 0.160305
1 0.200935 0.379771 0.261682 0.274809
1 0.391355 0.293893 0.119159 0.103053
1 0.779206 0.297710 0.259346 0.103053
1 0.393692 0.382634 0.114486 0.062977
1 0.626168 0.438931 0.177570 0.164122
1 0.816589 0.438931 0.184579 0.164122
1 0.391355 0.468511 0.119159 0.097328
1 0.392523 0.695611 0.144860 0.333969
1 0.397196 0.918893 0.135514 0.093511
