1 0.572304 0.166095 0.118816 0.194969
1 0.636152 0.128931 0.040169 0.120640
1 0.720296 0.146369 0.117970 0.155517
1 0.176110 0.146941 0.142495 0.152087
1 0.266596 0.228988 0.323467 0.316181
1 0.816702 0.227273 0.063002 0.198399
1 0.199789 0.212693 0.044397 0.037736
1 0.636152 0.244140 0.039323 0.038879
1 0.719873 0.308462 0.118816 0.156089
1 0.414799 0.323328 0.077801 0.138937
1 0.584567 0.328188 0.143340 0.116638
1 0.077378 0.339051 0.041438 0.046884
1 0.120719 0.411664 0.116279 0.083476
1 0.312896 0.420240 0.112474 0.050314
1 0.121142 0.484563 0.128964 0.046312
1 0.601691 0.494282 0.060888 0.065752
1 0.706765 0.536021 0.140803 0.149228
1 0.540381 0.510577 0.047357 0.096055
1 0.601691 0.571469 0.060888 0.078330
1 0.541226 0.588622 0.050740 0.044025
1 0.734038 0.694683 0.086258 0.158948
1 0.526004 0.665523 0.027061 0.092624
1 0.569133 0.685249 0.049894 0.132075
1 0.642495 0.696684 0.087526 0.154946
1 0.486258 0.734134 0.042283 0.042310
1 0.526004 0.736421 0.027061 0.037736
1 0.530233 0.804460 0.119239 0.083476
1 0.731501 0.811607 0.098943 0.052030
