1 0.326334 0.124557 0.160045 0.190083
1 0.496595 0.154073 0.169126 0.249115
1 0.373439 0.188902 0.065834 0.061393
1 0.653802 0.291027 0.127128 0.171192
1 0.145857 0.298111 0.191827 0.147580
1 0.350170 0.298111 0.207719 0.147580
1 0.519864 0.328217 0.122588 0.087367
1 0.153802 0.476978 0.173666 0.085006
1 0.505108 0.729044 0.933031 0.523022
1 0.167991 0.577922 0.136209 0.097993
1 0.320658 0.623967 0.160045 0.190083
1 0.492054 0.700118 0.171396 0.342385
1 0.191260 0.661747 0.089671 0.060213
1 0.372872 0.688902 0.055619 0.060213
1 0.738933 0.734947 0.040863 0.062574
1 0.648127 0.790437 0.127128 0.171192
1 0.105562 0.798111 0.122588 0.146399
1 0.286039 0.770956 0.229285 0.092090
1 0.320658 0.844156 0.160045 0.054309
1 0.203746 0.846517 0.064699 0.049587
