1 0.312500 0.135905 0.022000 0.102077
1 0.572000 0.429970 0.693000 0.690208
1 0.645000 0.178042 0.048500 0.186350
1 0.086500 0.225519 0.110500 0.268249
1 0.183875 0.225519 0.079750 0.268249
1 0.262375 0.179822 0.073750 0.176855
1 0.687000 0.349555 0.021000 0.008309
1 0.701625 0.392582 0.050250 0.094362
1 0.687000 0.366766 0.021000 0.013056
1 0.322625 0.389318 0.020750 0.049852
1 0.338125 0.492285 0.051750 0.255786
1 0.426500 0.492285 0.121000 0.255786
1 0.533125 0.492285 0.087250 0.255786
1 0.623875 0.492285 0.090250 0.255786
1 0.191000 0.475371 0.094000 0.211276
1 0.275625 0.508012 0.056750 0.276558
1 0.322625 0.440059 0.020750 0.042136
1 0.231625 0.507715 0.012750 0.146588
1 0.684125 0.473591 0.015250 0.054599
1 0.702500 0.473591 0.016500 0.054599
1 0.684125 0.540059 0.015250 0.064095
1 0.702500 0.533828 0.016500 0.051632
1 0.662500 0.590208 0.013000 0.059941
1 0.160875 0.616320 0.033750 0.059941
1 0.194000 0.616320 0.028000 0.059941
1 0.224125 0.616320 0.027750 0.059941
1 0.733375 0.663501 0.115750 0.148368
1 0.466625 0.678042 0.040750 0.078932
1 0.801250 0.716024 0.005500 0.118101
