1 0.503794 0.192308 0.182094 0.309402
1 0.645675 0.107692 0.086495 0.140171
1 0.744310 0.107692 0.092564 0.140171
1 0.696510 0.267521 0.188164 0.158974
1 0.153263 0.472650 0.194234 0.230769
1 0.437026 0.598291 0.458270 0.482051
1 0.713202 0.411966 0.078907 0.109402
1 0.816388 0.411966 0.112291 0.109402
1 0.907436 0.428205 0.054628 0.063248
1 0.773141 0.559829 0.198786 0.169231
1 0.407436 0.716239 0.144158 0.246154
1 0.572838 0.716239 0.186646 0.246154
1 0.127466 0.718803 0.142640 0.241026
1 0.773141 0.747009 0.198786 0.184615
1 0.515175 0.788034 0.062215 0.102564
1 0.562215 0.911966 0.192716 0.124786
