1 0.873246 0.153082 0.137512 0.186879
1 0.420019 0.166004 0.147802 0.157058
1 0.132834 0.213718 0.138447 0.220676
1 0.348457 0.365805 0.277830 0.524851
1 0.658559 0.302187 0.276894 0.393638
1 0.443405 0.369781 0.087933 0.222664
1 0.872778 0.374751 0.136576 0.224652
1 0.586062 0.409543 0.131899 0.178926
1 0.132834 0.409543 0.138447 0.143141
1 0.107109 0.581511 0.086997 0.172962
1 0.193171 0.581511 0.072030 0.172962
1 0.262862 0.581511 0.054256 0.172962
1 0.314780 0.581511 0.049579 0.172962
1 0.552385 0.549702 0.064546 0.101392
1 0.766137 0.614314 0.349860 0.230616
1 0.774556 0.721670 0.054256 0.210736
1 0.874649 0.721670 0.132834 0.210736
1 0.589336 0.722664 0.138447 0.208748
1 0.231525 0.733598 0.335828 0.182903
1 0.446679 0.733598 0.081384 0.182903
1 0.702993 0.785288 0.075772 0.083499
1 0.710945 0.901590 0.089804 0.117296
