1 0.171041 0.067993 0.168326 0.092869
1 0.347059 0.067993 0.169231 0.092869
1 0.564706 0.236318 0.083258 0.200663
1 0.919005 0.236318 0.082353 0.200663
1 0.074208 0.193201 0.066968 0.111111
1 0.183258 0.258706 0.143891 0.242123
1 0.223529 0.193201 0.063348 0.111111
1 0.293665 0.193201 0.062443 0.111111
1 0.333937 0.258706 0.142986 0.242123
1 0.442986 0.193201 0.066063 0.111111
1 0.715837 0.192371 0.045249 0.106136
1 0.767873 0.192371 0.044344 0.106136
1 0.832127 0.195688 0.076923 0.106136
1 0.652036 0.196517 0.076923 0.104478
1 0.082805 0.349917 0.084163 0.189055
1 0.434389 0.349088 0.083258 0.187396
1 0.674661 0.334163 0.127602 0.154229
1 0.809502 0.334163 0.127602 0.154229
1 0.211765 0.341625 0.086878 0.063018
1 0.305430 0.345771 0.085973 0.054726
1 0.564706 0.471808 0.083258 0.257048
1 0.919005 0.471808 0.082353 0.257048
1 0.147964 0.489221 0.214480 0.218905
1 0.369231 0.489221 0.213575 0.218905
1 0.674661 0.490050 0.127602 0.220564
1 0.809502 0.490050 0.127602 0.220564
1 0.625792 0.617745 0.029864 0.001658
1 0.143439 0.743781 0.223529 0.243781
1 0.371041 0.743781 0.217195 0.243781
