1 0.094881 0.102222 0.155636 0.077037
1 0.677870 0.224691 0.117890 0.152099
1 0.776370 0.165432 0.068769 0.033580
1 0.886246 0.223951 0.139607 0.150617
1 0.073423 0.228889 0.128232 0.153580
1 0.241986 0.228889 0.208893 0.153580
1 0.776370 0.218519 0.068769 0.063704
1 0.849018 0.338765 0.214064 0.200494
1 0.677870 0.372099 0.117890 0.133827
1 0.463030 0.412840 0.205274 0.204444
1 0.066960 0.378025 0.115305 0.131852
1 0.203464 0.378025 0.147363 0.131852
1 0.314633 0.337284 0.064633 0.050370
1 0.398656 0.380247 0.080662 0.136296
1 0.314891 0.405185 0.065150 0.077531
1 0.283351 0.485432 0.143744 0.060247
1 0.518356 0.614568 0.148397 0.076543
1 0.472854 0.740494 0.070838 0.146667
1 0.560496 0.740494 0.094105 0.146667
1 0.689245 0.740494 0.150982 0.146667
1 0.492244 0.852593 0.109617 0.062716
1 0.617373 0.884938 0.128232 0.127407
1 0.726215 0.884938 0.077042 0.127407
1 0.492244 0.918519 0.109617 0.060247
1 0.656670 0.919506 0.049638 0.058272
