1 0.647740 0.077594 0.047409 0.045336
1 0.169239 0.198779 0.153252 0.165650
1 0.384785 0.232345 0.266814 0.232781
1 0.613561 0.199215 0.179713 0.166521
1 0.805402 0.199215 0.192944 0.166521
1 0.124587 0.318657 0.063947 0.060157
1 0.267365 0.318657 0.210584 0.060157
1 0.509923 0.371840 0.144432 0.166521
1 0.645535 0.318221 0.115766 0.059285
1 0.790518 0.371840 0.222712 0.166521
1 0.630650 0.403662 0.085998 0.102877
1 0.203418 0.404098 0.221610 0.102005
1 0.376516 0.404098 0.113561 0.102005
1 0.669791 0.637751 0.470783 0.176983
1 0.260750 0.708370 0.336273 0.306016
1 0.312018 0.695728 0.108049 0.048823
1 0.395810 0.695728 0.048512 0.048823
1 0.340684 0.819529 0.178611 0.172624
1 0.557332 0.821709 0.245865 0.168265
1 0.797685 0.821709 0.223815 0.168265
1 0.280044 0.835222 0.057332 0.052310
1 0.341786 0.857454 0.055127 0.096774
1 0.200110 0.895379 0.212789 0.052310
