1 0.711111 0.069444 0.444444 0.067460
1 0.163194 0.160218 0.159722 0.169643
1 0.385417 0.161210 0.270833 0.171627
1 0.453472 0.277282 0.540278 0.322421
1 0.622917 0.186012 0.201389 0.139881
1 0.825000 0.182540 0.202778 0.132937
1 0.130556 0.273313 0.094444 0.070437
1 0.772917 0.280754 0.084722 0.055556
1 0.873611 0.280754 0.105556 0.055556
1 0.181250 0.375496 0.195833 0.125992
1 0.366667 0.375496 0.233333 0.125992
1 0.616667 0.350694 0.030556 0.076389
1 0.828472 0.375992 0.195833 0.125000
1 0.662500 0.415675 0.122222 0.045635
1 0.674306 0.481151 0.140278 0.057540
1 0.170833 0.775794 0.158333 0.357143
1 0.356944 0.682540 0.252778 0.170635
1 0.549306 0.662698 0.112500 0.041667
1 0.777083 0.798115 0.318056 0.312500
1 0.527083 0.821429 0.156944 0.265873
1 0.395139 0.783730 0.087500 0.047619
1 0.287500 0.807044 0.113889 0.070437
1 0.416667 0.883433 0.130556 0.141865
1 0.287500 0.900794 0.113889 0.107143
