1 0.305120 0.104620 0.220105 0.135326
1 0.785127 0.108152 0.204783 0.128261
1 0.258595 0.335326 0.438714 0.303261
1 0.638079 0.326359 0.240284 0.283152
1 0.861921 0.326359 0.190209 0.283152
1 0.289611 0.632609 0.174141 0.291304
1 0.159753 0.561685 0.069880 0.146196
1 0.431241 0.569022 0.093423 0.160870
1 0.116966 0.633696 0.155456 0.289130
1 0.576607 0.542120 0.117339 0.103804
1 0.800075 0.633967 0.313901 0.287500
1 0.631166 0.692120 0.226457 0.171196
1 0.431241 0.719565 0.093423 0.117391
1 0.174701 0.859239 0.205157 0.139130
