1 0.513889 0.096247 0.851010 0.134383
1 0.320707 0.329903 0.459596 0.294189
1 0.751263 0.267554 0.371212 0.169492
1 0.635101 0.397700 0.138889 0.076271
1 0.828283 0.405569 0.207071 0.087167
1 0.635101 0.483656 0.138889 0.081114
1 0.824495 0.530266 0.214646 0.142857
1 0.320707 0.546005 0.459596 0.138015
1 0.588384 0.650726 0.232323 0.238499
1 0.828283 0.690073 0.222222 0.159806
1 0.273990 0.696126 0.366162 0.147700
1 0.487374 0.846852 0.232323 0.117433
1 0.786616 0.838983 0.305556 0.101695
1 0.771465 0.952785 0.335859 0.094431
