1 0.714147 0.071154 0.146641 0.094231
1 0.116279 0.189904 0.076227 0.112500
1 0.224160 0.189904 0.125323 0.112500
1 0.378230 0.316346 0.163437 0.365385
1 0.532946 0.455769 0.034884 0.640385
1 0.688630 0.238942 0.254522 0.206731
1 0.861111 0.238942 0.073643 0.206731
1 0.182494 0.351923 0.208656 0.190385
1 0.621447 0.427885 0.120155 0.148077
1 0.792636 0.564904 0.210594 0.422115
1 0.861111 0.524038 0.073643 0.340385
1 0.428618 0.461538 0.062661 0.075000
1 0.182494 0.619231 0.208656 0.309615
1 0.708333 0.513462 0.041990 0.053846
1 0.319444 0.552885 0.045866 0.090385
1 0.378230 0.640865 0.163437 0.266346
1 0.645349 0.644712 0.167959 0.262500
1 0.804264 0.665865 0.023256 0.056731
1 0.322028 0.737981 0.051034 0.072115
1 0.342054 0.844712 0.094961 0.104808
