1 0.293632 0.378608 0.337264 0.641766
1 0.638561 0.270798 0.161557 0.259762
1 0.804245 0.250424 0.162736 0.219015
1 0.079009 0.197793 0.091981 0.100170
1 0.157429 0.253820 0.060142 0.212224
1 0.277123 0.411715 0.160377 0.528014
1 0.080778 0.306452 0.093160 0.106961
1 0.721698 0.505093 0.327830 0.286927
1 0.600825 0.432088 0.086085 0.127334
1 0.110849 0.437182 0.153302 0.134126
1 0.941038 0.539049 0.084906 0.303905
1 0.111439 0.644312 0.152123 0.341256
1 0.622642 0.574703 0.044811 0.039049
1 0.640920 0.703735 0.163915 0.215620
1 0.804245 0.703735 0.162736 0.215620
1 0.066038 0.699491 0.058962 0.074703
1 0.277123 0.745331 0.160377 0.139219
1 0.066038 0.779287 0.058962 0.071307
1 0.123231 0.900679 0.161557 0.127334
