1 0.340239 0.228646 0.369245 0.328125
1 0.782689 0.317708 0.369245 0.150000
1 0.296961 0.416146 0.083794 0.190625
1 0.349217 0.487500 0.188306 0.333333
1 0.770718 0.484896 0.195212 0.328125
1 0.205341 0.497396 0.093002 0.180208
1 0.483886 0.452604 0.075506 0.090625
1 0.643646 0.528125 0.084715 0.241667
1 0.917357 0.518229 0.092541 0.221875
1 0.475599 0.619792 0.092081 0.231250
1 0.661832 0.708854 0.210405 0.255208
1 0.182781 0.664583 0.047882 0.141667
1 0.245626 0.664583 0.072284 0.141667
1 0.306630 0.618229 0.044199 0.048958
1 0.498619 0.680729 0.046041 0.109375
1 0.895488 0.685937 0.048803 0.098958
1 0.943370 0.685937 0.040516 0.098958
1 0.306630 0.692708 0.044199 0.085417
1 0.635359 0.695312 0.068140 0.080208
1 0.689457 0.695312 0.033610 0.080208
1 0.739641 0.695312 0.061234 0.080208
1 0.820902 0.738542 0.094843 0.166667
1 0.378683 0.742188 0.094383 0.161458
