1 0.260949 0.137997 0.439173 0.142490
1 0.736618 0.140565 0.436740 0.137356
1 0.256083 0.394095 0.429440 0.349166
1 0.736618 0.320282 0.436740 0.201540
1 0.110097 0.457638 0.137470 0.201540
1 0.600973 0.553273 0.165450 0.243902
1 0.773723 0.634788 0.221411 0.406932
1 0.924574 0.486521 0.060827 0.110398
1 0.409367 0.604621 0.122871 0.148909
1 0.891119 0.636714 0.127737 0.169448
1 0.091849 0.623235 0.100973 0.109114
1 0.178832 0.623235 0.053528 0.109114
1 0.261557 0.703466 0.153285 0.269576
1 0.409367 0.763800 0.122871 0.148909
1 0.891119 0.784981 0.127737 0.106547
1 0.285888 0.818357 0.104623 0.039795
1 0.239659 0.917843 0.128954 0.138639
1 0.392336 0.915918 0.156934 0.134788
