1 0.623786 0.144958 0.337379 0.138655
1 0.158981 0.327031 0.177184 0.183473
1 0.398058 0.412465 0.288835 0.354342
1 0.561893 0.344538 0.155340 0.218487
1 0.739078 0.319328 0.179612 0.168067
1 0.739078 0.591737 0.179612 0.362745
1 0.158981 0.504902 0.177184 0.161064
1 0.309466 0.536415 0.169903 0.224090
1 0.594053 0.524510 0.091019 0.130252
1 0.358010 0.538515 0.060680 0.102241
1 0.456311 0.681373 0.172330 0.183473
1 0.594053 0.628151 0.091019 0.077031
1 0.158981 0.683473 0.177184 0.182073
1 0.308859 0.693978 0.110437 0.077031
1 0.593447 0.723389 0.089806 0.099440
