1 0.931697 0.367539 0.115261 0.544503
1 0.232924 0.284817 0.091249 0.368586
1 0.393276 0.268586 0.215582 0.336126
1 0.679029 0.268586 0.355923 0.336126
1 0.093650 0.214136 0.156350 0.166492
1 0.093383 0.546597 0.156884 0.464921
1 0.503469 0.608901 0.146745 0.344503
1 0.355123 0.614136 0.139274 0.334031
1 0.541355 0.528796 0.070971 0.163351
1 0.638741 0.614136 0.114194 0.334031
1 0.778815 0.614136 0.156350 0.334031
1 0.235592 0.550262 0.088047 0.139267
1 0.233991 0.707853 0.088047 0.146597
1 0.497065 0.879058 0.137140 0.130890
