1 0.599520 0.166375 0.057554 0.056042
1 0.229017 0.321366 0.151079 0.211909
1 0.362710 0.321366 0.106715 0.211909
1 0.522182 0.345884 0.202638 0.260946
1 0.705036 0.324869 0.153477 0.218914
1 0.206235 0.429072 0.105516 0.059545
1 0.342326 0.570928 0.157074 0.273205
1 0.665468 0.501751 0.074341 0.120841
1 0.744604 0.501751 0.074341 0.120841
1 0.206235 0.586690 0.105516 0.241681
1 0.522182 0.591944 0.202638 0.231173
1 0.298561 0.576182 0.069544 0.091068
1 0.705036 0.638354 0.153477 0.138354
1 0.815947 0.640981 0.039568 0.087566
1 0.298561 0.668126 0.069544 0.078809
1 0.339329 0.762697 0.136691 0.068301
