1 0.376819 0.168879 0.299709 0.089971
1 0.679922 0.297935 0.279340 0.306785
1 0.899127 0.291298 0.141610 0.293510
1 0.080989 0.294248 0.090204 0.148968
1 0.297284 0.297935 0.113482 0.126844
1 0.452958 0.335546 0.178468 0.202065
1 0.297769 0.490413 0.112512 0.225664
1 0.623666 0.527286 0.519884 0.151917
1 0.930650 0.527286 0.078565 0.151917
1 0.136760 0.734513 0.182347 0.418879
1 0.292919 0.676991 0.102813 0.120944
1 0.388458 0.676991 0.066925 0.120944
1 0.522308 0.740413 0.175558 0.247788
1 0.676528 0.740413 0.115422 0.247788
1 0.782250 0.740413 0.078565 0.247788
1 0.900097 0.740413 0.139670 0.247788
1 0.338991 0.859145 0.193016 0.213864
