1 0.646259 0.144444 0.591837 0.155556
1 0.467687 0.342222 0.234694 0.204444
1 0.768707 0.375556 0.346939 0.271111
1 0.467687 0.494444 0.234694 0.086667
1 0.210884 0.507778 0.217687 0.077778
1 0.768707 0.565556 0.346939 0.108889
1 0.399660 0.582222 0.098639 0.075556
1 0.523810 0.582222 0.122449 0.075556
1 0.202381 0.698889 0.234694 0.282222
1 0.681973 0.721111 0.173469 0.202222
1 0.467687 0.724444 0.234694 0.195556
1 0.828231 0.686667 0.227891 0.120000
1 0.860544 0.787778 0.156463 0.064444
1 0.768707 0.880000 0.346939 0.075556
