1 0.571870 0.210660 0.129830 0.126904
1 0.653014 0.179569 0.026275 0.064721
1 0.700155 0.210660 0.061824 0.126904
1 0.782071 0.210660 0.095827 0.126904
1 0.132535 0.262690 0.102782 0.225888
1 0.245363 0.235406 0.115147 0.171320
1 0.354714 0.209391 0.095827 0.119289
1 0.645672 0.229695 0.011592 0.025381
1 0.659969 0.245558 0.012365 0.057107
1 0.580757 0.253173 0.033230 0.041878
1 0.645672 0.260152 0.011592 0.027919
1 0.795595 0.263959 0.068779 0.020305
1 0.354714 0.385152 0.095827 0.219543
1 0.558346 0.394670 0.102782 0.233503
1 0.685858 0.332487 0.146059 0.109137
1 0.794822 0.307741 0.067233 0.059645
1 0.245363 0.376904 0.115147 0.096447
1 0.775502 0.364213 0.028594 0.045685
1 0.810278 0.383883 0.036321 0.085025
1 0.132535 0.446701 0.102782 0.131980
1 0.766615 0.534898 0.227202 0.295685
1 0.617079 0.409264 0.008501 0.034264
1 0.637558 0.409264 0.027821 0.034264
1 0.775502 0.438452 0.028594 0.092640
1 0.810278 0.471447 0.036321 0.082487
1 0.221020 0.483503 0.061824 0.096447
1 0.278594 0.483503 0.048686 0.096447
1 0.324189 0.527284 0.030139 0.054569
1 0.372488 0.545051 0.060278 0.090102
1 0.430062 0.562817 0.050232 0.054569
1 0.324189 0.574239 0.030139 0.031726
1 0.360510 0.638325 0.105873 0.081218
1 0.436631 0.638325 0.037094 0.081218
1 0.381376 0.753173 0.147604 0.133249
1 0.807960 0.752538 0.144513 0.129442
