1 0.272021 0.160138 0.101900 0.085253
1 0.611399 0.384793 0.165803 0.345622
1 0.815199 0.384793 0.227979 0.345622
1 0.114853 0.271889 0.084629 0.115207
1 0.317789 0.385945 0.307427 0.343318
1 0.114853 0.402074 0.084629 0.122120
1 0.114853 0.565668 0.084629 0.186636
1 0.234024 0.646313 0.153713 0.177419
1 0.395509 0.646313 0.151986 0.177419
1 0.578584 0.615207 0.100173 0.096774
1 0.611399 0.718894 0.165803 0.304147
1 0.815199 0.654378 0.227979 0.175115
1 0.114853 0.768433 0.084629 0.195853
1 0.283247 0.715438 0.055268 0.039171
1 0.186528 0.806452 0.100173 0.119816
1 0.362694 0.812212 0.234888 0.131336
1 0.609672 0.766129 0.037997 0.039171
1 0.815199 0.812212 0.227979 0.117512
