1 0.399533 0.087598 0.191589 0.084646
1 0.087227 0.280512 0.127726 0.301181
1 0.232866 0.254921 0.129283 0.206693
1 0.352025 0.314961 0.096573 0.326772
1 0.450935 0.186024 0.088785 0.068898
1 0.433022 0.293307 0.124611 0.129921
1 0.196262 0.405512 0.056075 0.078740
1 0.263240 0.405512 0.068536 0.078740
1 0.429907 0.422244 0.130841 0.112205
1 0.091121 0.484252 0.119938 0.082677
1 0.232866 0.499016 0.129283 0.092520
1 0.399533 0.624016 0.191589 0.291339
1 0.232866 0.661417 0.129283 0.216535
1 0.323209 0.872047 0.344237 0.165354
