1 0.176583 0.226884 0.187227 0.201484
1 0.349072 0.293379 0.147107 0.334475
1 0.666553 0.194920 0.339929 0.130708
1 0.666212 0.471889 0.340611 0.423231
1 0.531523 0.404823 0.070415 0.258847
1 0.762350 0.404823 0.148335 0.257135
1 0.176447 0.508419 0.187500 0.339326
1 0.292645 0.462186 0.034252 0.081906
1 0.315639 0.574772 0.080240 0.206621
1 0.391171 0.510417 0.062909 0.077911
1 0.384075 0.617865 0.077102 0.120434
1 0.293259 0.753710 0.034116 0.123858
1 0.344091 0.753710 0.059634 0.123858
1 0.399768 0.753710 0.042440 0.123858
1 0.349686 0.874144 0.162800 0.082763
