1 0.336230 0.106383 0.308824 0.101473
1 0.622326 0.326514 0.169786 0.315876
1 0.754679 0.256956 0.153743 0.176759
1 0.330882 0.269231 0.298128 0.198036
1 0.264706 0.499182 0.165775 0.346972
1 0.772059 0.418167 0.118984 0.132570
1 0.413770 0.440262 0.132353 0.144026
1 0.594920 0.374795 0.034759 0.003273
1 0.576872 0.458265 0.078877 0.065466
1 0.232620 0.472177 0.101604 0.080196
1 0.600936 0.581015 0.127005 0.180033
1 0.750668 0.581015 0.161765 0.180033
1 0.232620 0.595745 0.101604 0.153846
1 0.416444 0.595745 0.127005 0.153846
1 0.778075 0.630933 0.106952 0.080196
1 0.177139 0.729133 0.102941 0.086743
1 0.316176 0.717676 0.156417 0.063830
1 0.315508 0.866612 0.157754 0.234043
1 0.177139 0.825696 0.102941 0.096563
