1 0.591824 0.192636 0.313208 0.101387
1 0.357233 0.197972 0.133333 0.090715
1 0.247799 0.397545 0.231447 0.267876
1 0.474214 0.364461 0.201258 0.201708
1 0.714465 0.402882 0.276730 0.278549
1 0.474843 0.566702 0.202516 0.185699
1 0.182390 0.587513 0.100629 0.094984
1 0.303774 0.651547 0.119497 0.223052
1 0.714465 0.652615 0.276730 0.220918
1 0.193082 0.703842 0.122013 0.118463
1 0.397484 0.716115 0.105660 0.093917
1 0.517610 0.716115 0.111950 0.093917
1 0.500000 0.838314 0.167296 0.112060
1 0.694340 0.839381 0.196226 0.114194
