1 0.703196 0.308544 0.187215 0.180380
1 0.889269 0.322785 0.121005 0.208861
1 0.189498 0.300633 0.091324 0.158228
1 0.281963 0.272152 0.079909 0.101266
1 0.416667 0.329114 0.121005 0.215190
1 0.801370 0.329114 0.041096 0.075949
1 0.246575 0.454114 0.205479 0.243671
1 0.668950 0.469937 0.118721 0.193038
1 0.837900 0.469937 0.210046 0.193038
1 0.413242 0.552215 0.127854 0.212025
1 0.875571 0.541139 0.038813 0.050633
1 0.691781 0.680380 0.164384 0.227848
1 0.866438 0.661392 0.166667 0.170886
1 0.335616 0.620253 0.045662 0.075949
1 0.223744 0.697785 0.159817 0.218354
1 0.348174 0.710443 0.070776 0.079114
1 0.433790 0.710443 0.086758 0.079114
1 0.873288 0.794304 0.152968 0.069620
1 0.400685 0.803797 0.152968 0.075949
