1 0.176442 0.203534 0.239492 0.234293
1 0.458456 0.259817 0.308895 0.346859
1 0.705279 0.253927 0.165200 0.335079
1 0.862659 0.163613 0.131965 0.154450
1 0.863148 0.338351 0.130987 0.166230
1 0.125611 0.375000 0.137830 0.092932
1 0.248778 0.375654 0.094819 0.094241
1 0.140274 0.599476 0.167155 0.337696
1 0.307429 0.543848 0.151515 0.223822
1 0.512708 0.600785 0.259042 0.335079
1 0.759042 0.498037 0.217986 0.129581
1 0.913001 0.498691 0.060606 0.120419
1 0.720919 0.672120 0.141740 0.192408
1 0.865591 0.672120 0.126100 0.192408
1 0.270283 0.717277 0.077224 0.102094
1 0.349951 0.717277 0.066471 0.102094
1 0.306940 0.853403 0.150538 0.133508
1 0.356794 0.965969 0.072336 0.068063
