1 0.355531 0.050567 0.236536 0.101134
1 0.199054 0.141304 0.350073 0.191871
1 0.251456 0.070888 0.008006 0.049149
1 0.629185 0.172495 0.125910 0.125709
1 0.823508 0.139887 0.254003 0.060491
1 0.421397 0.158790 0.084425 0.077505
1 0.708879 0.158790 0.024745 0.022684
1 0.737627 0.158790 0.024017 0.022684
1 0.764920 0.158790 0.023290 0.022684
1 0.791849 0.158790 0.021834 0.022684
1 0.819869 0.158790 0.025473 0.022684
1 0.847525 0.158790 0.022562 0.022684
1 0.777656 0.286862 0.162300 0.224008
1 0.906477 0.258979 0.088064 0.168242
1 0.405022 0.239603 0.051674 0.072779
1 0.449418 0.212665 0.028384 0.018904
1 0.497089 0.249055 0.039301 0.065217
1 0.449418 0.251890 0.028384 0.048204
1 0.629185 0.301512 0.125910 0.122873
1 0.806769 0.265595 0.026929 0.051040
1 0.124818 0.325142 0.088064 0.162571
1 0.255459 0.325142 0.163028 0.162571
1 0.318777 0.262760 0.036390 0.037807
1 0.841339 0.310491 0.034934 0.065217
1 0.402838 0.344518 0.121543 0.123819
1 0.670306 0.334594 0.043668 0.056711
1 0.888646 0.373346 0.123726 0.051040
1 0.190684 0.384688 0.033479 0.043478
1 0.227438 0.384688 0.034207 0.043478
1 0.629185 0.383743 0.125910 0.030246
1 0.761281 0.428639 0.061135 0.023629
1 0.280932 0.444707 0.068413 0.040643
1 0.710699 0.521739 0.204512 0.111531
1 0.831514 0.518431 0.019651 0.086011
1 0.463246 0.586957 0.185590 0.147448
1 0.581514 0.547259 0.043668 0.068053
1 0.586245 0.651229 0.053130 0.128544
1 0.670670 0.651229 0.108443 0.128544
1 0.770742 0.672968 0.084425 0.172023
1 0.447234 0.690926 0.045852 0.049149
1 0.495269 0.690926 0.042940 0.049149
1 0.538210 0.690926 0.035662 0.049149
1 0.498544 0.777410 0.148472 0.114367
1 0.629549 0.802457 0.106259 0.164461
1 0.703057 0.782609 0.033479 0.037807
1 0.768195 0.824197 0.089520 0.120983
1 0.669214 0.844991 0.026929 0.079395
1 0.655386 0.845463 0.000728 0.078450
1 0.720524 0.845936 0.068413 0.077505
1 0.471616 0.862004 0.094614 0.045369
1 0.547671 0.862004 0.050218 0.045369
