1 0.647327 0.132383 0.316819 0.158859
1 0.798566 0.162933 0.001304 0.004073
1 0.894394 0.269857 0.169492 0.217923
1 0.745763 0.272912 0.101695 0.211813
1 0.127771 0.308554 0.200782 0.270876
1 0.359844 0.370672 0.252934 0.395112
1 0.587353 0.354379 0.202086 0.232179
1 0.745763 0.462322 0.101695 0.146640
1 0.897001 0.623218 0.164276 0.452138
1 0.054759 0.508147 0.054759 0.107943
1 0.116037 0.508147 0.057366 0.107943
1 0.210561 0.591650 0.118644 0.274949
1 0.550196 0.551935 0.078227 0.142566
1 0.642112 0.551935 0.092568 0.142566
1 0.758149 0.716904 0.092568 0.305499
1 0.390482 0.730143 0.228162 0.323829
1 0.102347 0.707739 0.149935 0.270876
1 0.602347 0.739308 0.182529 0.211813
1 0.642112 0.665988 0.092568 0.065173
1 0.171447 0.826884 0.342894 0.281059
1 0.226858 0.791242 0.086050 0.103870
