1 0.271429 0.086027 0.428571 0.140772
1 0.749206 0.097497 0.425397 0.124088
1 0.114286 0.289364 0.118519 0.230448
1 0.191005 0.320125 0.271958 0.291971
1 0.405820 0.289364 0.144974 0.230448
1 0.598942 0.273723 0.126984 0.192909
1 0.812169 0.273723 0.299471 0.192909
1 0.644974 0.458811 0.219048 0.177268
1 0.861905 0.458811 0.200000 0.177268
1 0.405820 0.478624 0.144974 0.135558
1 0.934921 0.496872 0.053968 0.101147
1 0.567725 0.508342 0.064550 0.078206
1 0.154497 0.509385 0.198942 0.074035
1 0.293122 0.509385 0.067725 0.074035
1 0.105820 0.595412 0.093122 0.081335
1 0.589418 0.596976 0.107937 0.084463
1 0.812169 0.608968 0.299471 0.085506
1 0.627513 0.806569 0.205291 0.309698
