1 0.348297 0.195975 0.461300 0.146186
1 0.674923 0.330508 0.260062 0.389831
1 0.182663 0.368644 0.123839 0.165254
1 0.399381 0.405720 0.291022 0.239407
1 0.215170 0.539195 0.188854 0.163136
1 0.366873 0.546610 0.095975 0.080508
1 0.484520 0.654661 0.120743 0.258475
1 0.681115 0.592161 0.247678 0.120763
1 0.249226 0.585805 0.120743 0.069915
1 0.366873 0.622881 0.095975 0.059322
1 0.267802 0.706568 0.294118 0.154661
1 0.681115 0.722458 0.247678 0.122881
1 0.202786 0.845339 0.164087 0.088983
1 0.422601 0.845339 0.244582 0.088983
