1 0.497593 0.051624 0.123947 0.056619
1 0.246089 0.229392 0.330927 0.257286
1 0.674489 0.314738 0.499398 0.427977
1 0.164862 0.402998 0.168472 0.111574
1 0.335138 0.425479 0.152828 0.123231
1 0.488568 0.515820 0.127557 0.300583
1 0.660048 0.447544 0.215403 0.162365
1 0.163658 0.520816 0.166065 0.105745
1 0.335138 0.535803 0.152828 0.082431
1 0.578821 0.601166 0.055355 0.129892
1 0.770156 0.648626 0.308063 0.224813
1 0.246089 0.672356 0.330927 0.177352
1 0.515644 0.718152 0.181709 0.085762
1 0.401324 0.863447 0.145608 0.166528
1 0.621540 0.867610 0.273165 0.174854
