1 0.212639 0.527650 0.358668 0.788018
1 0.459436 0.258065 0.109308 0.230415
1 0.623826 0.284562 0.116994 0.283410
1 0.685739 0.427419 0.240820 0.569124
1 0.897523 0.434332 0.116140 0.297235
1 0.032878 0.358295 0.000854 0.117512
1 0.459436 0.466590 0.109308 0.163594
1 0.032024 0.502304 0.000854 0.087558
1 0.459436 0.738479 0.109308 0.338710
1 0.897523 0.754608 0.116140 0.301843
1 0.031170 0.720046 0.000854 0.043779
1 0.685739 0.826037 0.240820 0.177419
1 0.863792 0.824885 0.048676 0.161290
1 0.030316 0.865207 0.000854 0.011521
