1 0.267857 0.148489 0.243506 0.128778
1 0.518939 0.334428 0.221861 0.442838
1 0.722403 0.189882 0.176407 0.153745
1 0.889610 0.216820 0.147186 0.207622
1 0.330087 0.348226 0.145022 0.223390
1 0.159632 0.280552 0.083333 0.082786
1 0.183442 0.319974 0.139610 0.161629
1 0.720238 0.323916 0.180736 0.103811
1 0.886905 0.387648 0.152597 0.181340
1 0.483766 0.463206 0.151515 0.185283
1 0.661797 0.430355 0.055195 0.095926
1 0.749459 0.430355 0.111472 0.095926
1 0.205087 0.481603 0.182900 0.148489
1 0.352273 0.510512 0.100649 0.090670
1 0.742965 0.546649 0.191558 0.094612
1 0.298160 0.680026 0.293290 0.201051
1 0.308442 0.872536 0.303030 0.147175
