1 0.234888 0.094470 0.096718 0.064516
1 0.291883 0.179724 0.196891 0.179724
1 0.702073 0.109447 0.108808 0.034562
1 0.436097 0.185484 0.077720 0.099078
1 0.599309 0.222350 0.093264 0.172811
1 0.704663 0.179724 0.103627 0.087558
1 0.807427 0.203917 0.088083 0.135945
1 0.704663 0.323733 0.103627 0.182028
1 0.436097 0.286866 0.077720 0.085253
1 0.246978 0.336406 0.107081 0.156682
1 0.816926 0.274194 0.044905 0.027650
1 0.498273 0.285714 0.032815 0.041475
1 0.316062 0.314516 0.020725 0.071429
1 0.345423 0.346774 0.089810 0.135945
1 0.807427 0.346774 0.088083 0.135945
1 0.568221 0.366359 0.031088 0.096774
1 0.618307 0.366359 0.055268 0.096774
1 0.417098 0.376728 0.039724 0.076037
1 0.459413 0.376728 0.031088 0.076037
1 0.727979 0.368664 0.001727 0.009217
1 0.341969 0.473502 0.110535 0.099078
1 0.574266 0.631336 0.063903 0.165899
1 0.696028 0.673963 0.165803 0.251152
1 0.336788 0.641705 0.286701 0.182028
1 0.336788 0.792627 0.286701 0.170507
1 0.570812 0.760369 0.070812 0.078341
1 0.169257 0.800691 0.037997 0.052995
