1 0.139041 0.146433 0.061408 0.150188
1 0.274588 0.349186 0.062906 0.555695
1 0.373190 0.187109 0.134299 0.231539
1 0.651023 0.246558 0.130804 0.347935
1 0.818522 0.317897 0.197204 0.490613
1 0.206690 0.173967 0.065901 0.192741
1 0.173989 0.324155 0.131303 0.187735
1 0.072891 0.421151 0.049925 0.376721
1 0.552172 0.425532 0.045931 0.377972
1 0.851972 0.539424 0.130305 0.475594
1 0.394408 0.538173 0.176735 0.470588
1 0.839491 0.321652 0.000499 0.002503
1 0.838992 0.326658 0.000499 0.005006
1 0.838243 0.332916 0.000999 0.005006
1 0.225162 0.456195 0.027958 0.153942
1 0.131053 0.479975 0.045432 0.106383
1 0.182227 0.479975 0.049925 0.106383
1 0.651023 0.603880 0.130804 0.346683
1 0.173739 0.657697 0.130804 0.231539
1 0.752122 0.674593 0.064403 0.205257
1 0.471043 0.616395 0.039441 0.081352
1 0.274588 0.704631 0.062906 0.137672
1 0.274838 0.854819 0.116326 0.107635
