1 0.888264 0.104798 0.139143 0.146465
1 0.064301 0.174874 0.055517 0.215909
1 0.179902 0.174874 0.163036 0.215909
1 0.395292 0.255051 0.253689 0.376263
1 0.564301 0.174874 0.070274 0.215909
1 0.702038 0.244318 0.192551 0.354798
1 0.885102 0.397096 0.159522 0.364899
1 0.097681 0.377525 0.113844 0.169192
1 0.211174 0.378157 0.100492 0.167929
1 0.564301 0.358586 0.070274 0.126263
1 0.395643 0.681818 0.254392 0.497475
1 0.660576 0.561869 0.275474 0.257576
1 0.148981 0.630051 0.224877 0.303030
1 0.882642 0.760732 0.164441 0.337121
1 0.564652 0.812500 0.070977 0.218434
1 0.650387 0.771465 0.087843 0.136364
1 0.747365 0.771465 0.093465 0.136364
1 0.132115 0.883207 0.233310 0.132576
1 0.700281 0.933712 0.160928 0.114899
