1 0.362042 0.139894 0.270460 0.141489
1 0.800857 0.142553 0.153546 0.136170
1 0.843726 0.309574 0.257989 0.236170
1 0.128995 0.337234 0.180047 0.289362
1 0.620031 0.336702 0.178488 0.288298
1 0.430631 0.310638 0.114575 0.229787
1 0.356196 0.388830 0.263445 0.318085
1 0.183554 0.460638 0.070928 0.110638
1 0.668355 0.469681 0.081839 0.126596
1 0.822292 0.548404 0.300857 0.241489
1 0.245129 0.507979 0.130164 0.150000
1 0.318394 0.607979 0.156664 0.105319
1 0.445051 0.607979 0.085737 0.105319
1 0.934918 0.611702 0.075604 0.104255
1 0.878800 0.728191 0.187841 0.118085
1 0.924006 0.832979 0.097428 0.068085
1 0.924396 0.934574 0.091972 0.094681
