1 0.567460 0.213908 0.325397 0.343310
1 0.832672 0.124120 0.191799 0.163732
1 0.832672 0.243838 0.191799 0.075704
1 0.091931 0.422535 0.120370 0.429577
1 0.910053 0.250880 0.037037 0.061620
1 0.238757 0.294014 0.144180 0.133803
1 0.382275 0.294014 0.124339 0.133803
1 0.765873 0.337148 0.058201 0.096831
1 0.843254 0.358275 0.083333 0.139085
1 0.865079 0.416373 0.126984 0.255282
1 0.238757 0.441901 0.144180 0.144366
1 0.380291 0.441901 0.128307 0.144366
1 0.450397 0.412852 0.001323 0.054577
1 0.544974 0.467430 0.190476 0.163732
1 0.649471 0.508803 0.161376 0.228873
1 0.762566 0.469190 0.064815 0.149648
1 0.763228 0.492077 0.063492 0.103873
1 0.409392 0.676056 0.485450 0.309859
1 0.766534 0.661092 0.199735 0.198944
1 0.181878 0.780810 0.210317 0.251761
1 0.381614 0.923415 0.162698 0.153169
