1 0.383820 0.210115 0.220195 0.157456
1 0.819343 0.215328 0.212895 0.151199
1 0.319951 0.467675 0.345499 0.313869
1 0.638686 0.365485 0.114355 0.105318
1 0.815085 0.408238 0.218978 0.190824
1 0.638686 0.531804 0.114355 0.212722
1 0.815085 0.568822 0.218978 0.113660
1 0.229319 0.721064 0.164234 0.192909
1 0.402068 0.679875 0.181265 0.110532
1 0.815085 0.725235 0.218978 0.184567
1 0.638686 0.684046 0.114355 0.077164
1 0.641119 0.775808 0.104623 0.083420
1 0.356448 0.779979 0.072993 0.075078
1 0.447689 0.779979 0.090024 0.075078
1 0.352190 0.900417 0.108273 0.122002
1 0.454380 0.896246 0.076642 0.113660
