1 0.456088 0.294960 0.158255 0.378629
1 0.664386 0.334879 0.236099 0.458468
1 0.858996 0.215121 0.137725 0.218952
1 0.858996 0.517339 0.137725 0.362903
1 0.157685 0.681452 0.158540 0.362903
1 0.307528 0.681452 0.124038 0.362903
1 0.457371 0.571371 0.160821 0.142742
1 0.633020 0.713508 0.173368 0.298790
1 0.770031 0.668750 0.080696 0.209274
1 0.697462 0.626815 0.050185 0.106855
1 0.407328 0.704435 0.060736 0.100806
1 0.499430 0.758468 0.076704 0.208871
1 0.858996 0.786492 0.137725 0.152823
1 0.415455 0.813710 0.076989 0.098387
1 0.756059 0.805040 0.052752 0.040726
1 0.757200 0.867137 0.053322 0.060081
1 0.350585 0.898589 0.060165 0.036694
