1 0.909167 0.136667 0.105000 0.046667
1 0.630833 0.268889 0.145000 0.191111
1 0.747500 0.196667 0.071667 0.046667
1 0.876667 0.268889 0.170000 0.191111
1 0.747500 0.298889 0.071667 0.131111
1 0.382500 0.381111 0.115000 0.215556
1 0.111667 0.414444 0.143333 0.144444
1 0.253333 0.414444 0.123333 0.144444
1 0.630833 0.456667 0.145000 0.184444
1 0.836667 0.544444 0.250000 0.337778
1 0.382500 0.600000 0.115000 0.222222
1 0.177500 0.605556 0.275000 0.211111
1 0.630833 0.631111 0.145000 0.164444
1 0.510833 0.635556 0.075000 0.155556
1 0.594167 0.771111 0.238333 0.093333
