1 0.444369 0.117417 0.039349 0.058708
1 0.680461 0.108611 0.031208 0.041096
1 0.560380 0.303327 0.271370 0.391389
1 0.175034 0.313112 0.168250 0.281800
1 0.344640 0.273973 0.151967 0.203523
1 0.818182 0.307241 0.222524 0.270059
1 0.365672 0.541096 0.194030 0.311155
1 0.873134 0.547945 0.112619 0.187867
1 0.129579 0.517613 0.074627 0.107632
1 0.216418 0.517613 0.085482 0.107632
1 0.582090 0.719178 0.227951 0.416830
1 0.175034 0.700587 0.168250 0.238748
1 0.817503 0.735812 0.223881 0.168297
1 0.304613 0.763209 0.071913 0.113503
1 0.405020 0.763209 0.115332 0.113503
