1 0.195599 0.101815 0.239609 0.106855
1 0.195599 0.197581 0.239609 0.068548
1 0.360636 0.329637 0.070905 0.332661
1 0.140587 0.271169 0.110024 0.058468
1 0.255501 0.286290 0.100244 0.088710
1 0.140587 0.379032 0.110024 0.141129
1 0.255501 0.394153 0.100244 0.110887
1 0.108802 0.479839 0.046455 0.048387
1 0.222494 0.479839 0.166259 0.048387
1 0.132029 0.552419 0.092910 0.080645
1 0.321516 0.579637 0.251834 0.135081
1 0.424205 0.684476 0.320293 0.344758
1 0.674817 0.579637 0.166259 0.135081
1 0.828851 0.602823 0.195599 0.181452
1 0.165037 0.728831 0.178484 0.256048
1 0.671149 0.728831 0.173594 0.151210
1 0.845966 0.778226 0.161369 0.157258
1 0.728606 0.776210 0.058680 0.056452
1 0.640587 0.833669 0.097800 0.046371
1 0.728606 0.833669 0.058680 0.046371
1 0.663814 0.892137 0.070905 0.042339
