1 0.154146 0.253749 0.132443 0.138122
1 0.376183 0.308998 0.297162 0.248619
1 0.725932 0.304262 0.246522 0.234412
1 0.155815 0.401342 0.135782 0.136543
1 0.770729 0.556038 0.346132 0.248619
1 0.933500 0.451460 0.020590 0.039463
1 0.377852 0.655091 0.293823 0.423047
1 0.486088 0.522889 0.077351 0.158642
1 0.158041 0.574586 0.131330 0.189424
1 0.932666 0.585635 0.015582 0.011050
1 0.689761 0.779006 0.184196 0.197316
1 0.819978 0.749013 0.076238 0.137332
1 0.154981 0.775059 0.130774 0.183110
1 0.904007 0.783346 0.079577 0.188635
1 0.804953 0.852802 0.106288 0.049724
1 0.764608 0.955406 0.368392 0.089187
