1 0.622596 0.144986 0.339973 0.246612
1 0.181319 0.409214 0.177198 0.219512
1 0.469093 0.497290 0.384615 0.395664
1 0.723558 0.409892 0.111951 0.220867
1 0.747940 0.363821 0.063187 0.128726
1 0.887019 0.647019 0.177885 0.586721
1 0.835165 0.405149 0.074176 0.086721
1 0.181319 0.676152 0.177198 0.287263
1 0.581731 0.676152 0.159341 0.287263
1 0.723558 0.676152 0.111951 0.287263
1 0.747940 0.575203 0.063187 0.085366
1 0.314217 0.762873 0.074863 0.113821
1 0.426854 0.762873 0.138049 0.113821
1 0.441277 0.919377 0.121566 0.131436
