1 0.383403 0.100882 0.045985 0.039938
1 0.282446 0.140301 0.037815 0.083506
1 0.329715 0.149118 0.053922 0.101141
1 0.381886 0.184388 0.046685 0.110477
1 0.274977 0.212656 0.022876 0.054979
1 0.323179 0.256224 0.070728 0.142116
1 0.381769 0.285010 0.046919 0.084544
1 0.282330 0.285529 0.037582 0.083506
1 0.317227 0.302127 0.028945 0.050311
1 0.322362 0.358662 0.025677 0.043050
1 0.233427 0.482106 0.053221 0.157158
1 0.282563 0.459025 0.036181 0.093361
1 0.313959 0.433091 0.022409 0.041494
1 0.341620 0.439575 0.029178 0.028527
1 0.380369 0.483662 0.050187 0.079357
1 0.329482 0.549533 0.053455 0.183091
1 0.294118 0.575726 0.059290 0.130705
1 0.381886 0.555239 0.047152 0.055498
1 0.316293 0.598807 0.028478 0.084544
1 0.246615 0.605809 0.026844 0.078838
1 0.393908 0.614367 0.023109 0.053423
1 0.369281 0.614886 0.021475 0.052386
