1 0.142626 0.128797 0.145867 0.111786
1 0.807942 0.232078 0.254457 0.148238
1 0.253647 0.245443 0.387358 0.121507
1 0.252026 0.468408 0.380875 0.290401
1 0.672609 0.417375 0.246353 0.185905
1 0.865478 0.447752 0.123177 0.246659
1 0.672609 0.563791 0.246353 0.092345
1 0.865478 0.617254 0.123177 0.077764
1 0.367099 0.660389 0.150729 0.154313
1 0.222042 0.675577 0.123177 0.123937
1 0.676661 0.676792 0.254457 0.119077
1 0.106969 0.679830 0.090762 0.115431
1 0.865478 0.699878 0.123177 0.072904
1 0.113452 0.804982 0.119935 0.100851
1 0.322528 0.803767 0.262561 0.098420
