1 0.645331 0.078636 0.120482 0.119091
1 0.733057 0.078636 0.048946 0.119091
1 0.785768 0.078636 0.050452 0.119091
1 0.872364 0.078636 0.116717 0.119091
1 0.234563 0.138182 0.189006 0.234545
1 0.306476 0.039091 0.031627 0.036364
1 0.407003 0.117727 0.155873 0.193636
1 0.342620 0.189545 0.105422 0.131818
1 0.757907 0.229091 0.345633 0.161818
1 0.464985 0.191364 0.039910 0.030000
1 0.769578 0.229091 0.051205 0.052727
1 0.413027 0.327273 0.143825 0.225455
1 0.748494 0.285000 0.078313 0.050000
1 0.214608 0.322727 0.236446 0.116364
1 0.647967 0.379091 0.213102 0.118182
1 0.844880 0.379091 0.171687 0.118182
1 0.893825 0.339545 0.073795 0.039091
1 0.173193 0.387273 0.153614 0.105455
1 0.054217 0.386818 0.067771 0.062727
1 0.282003 0.414545 0.045934 0.050909
1 0.322289 0.414545 0.021084 0.050909
1 0.212726 0.490909 0.244729 0.081818
1 0.468750 0.637727 0.068524 0.231818
1 0.643072 0.729545 0.271084 0.415455
1 0.652108 0.588182 0.105422 0.132727
1 0.743976 0.588182 0.069277 0.132727
1 0.474021 0.850909 0.164910 0.172727
1 0.587726 0.850909 0.082078 0.172727
1 0.756777 0.892273 0.043675 0.090000
