1 0.031375 0.364286 0.060080 0.500000
1 0.125501 0.195918 0.104139 0.118367
1 0.270360 0.279592 0.169559 0.285714
1 0.542724 0.332653 0.492657 0.391837
1 0.815754 0.281633 0.237650 0.289796
1 0.125501 0.358163 0.104139 0.189796
1 0.240988 0.567347 0.110814 0.273469
1 0.865821 0.621429 0.137517 0.369388
1 0.125501 0.633673 0.104139 0.344898
1 0.427236 0.667347 0.261682 0.277551
1 0.600801 0.595918 0.072096 0.118367
1 0.715621 0.671429 0.146862 0.269388
1 0.600801 0.735714 0.072096 0.140816
1 0.238318 0.760204 0.105474 0.091837
1 0.253004 0.889796 0.140187 0.126531
