1 0.505450 0.221483 0.901907 0.423954
1 0.660763 0.288023 0.111717 0.047529
1 0.713896 0.470532 0.457766 0.287072
1 0.137602 0.343156 0.166213 0.020913
1 0.130790 0.391635 0.152589 0.049430
1 0.130790 0.473384 0.152589 0.102662
1 0.347411 0.533270 0.258856 0.173004
1 0.130790 0.632129 0.152589 0.199620
1 0.465940 0.692966 0.495913 0.241445
1 0.881471 0.614068 0.122616 0.072243
1 0.807902 0.755703 0.269755 0.271863
1 0.193460 0.853612 0.277929 0.231939
1 0.408719 0.775665 0.136240 0.076046
1 0.408719 0.855513 0.136240 0.072243
1 0.574932 0.855513 0.179837 0.072243
