1 0.333619 0.203704 0.180103 0.198257
1 0.583190 0.401961 0.305317 0.594771
1 0.288165 0.383442 0.089194 0.143791
1 0.381647 0.383442 0.084048 0.143791
1 0.665523 0.400871 0.058319 0.074074
1 0.806175 0.565359 0.126930 0.211329
1 0.165523 0.532680 0.217839 0.137255
1 0.352487 0.532680 0.142367 0.137255
1 0.495712 0.581699 0.130360 0.235294
1 0.381647 0.654684 0.084048 0.089325
1 0.182676 0.791939 0.276158 0.333333
1 0.778731 0.810458 0.181818 0.261438
1 0.620926 0.820261 0.120069 0.241830
1 0.446827 0.824619 0.214408 0.233115
1 0.527444 0.760349 0.053173 0.104575
