1 0.725020 0.127507 0.129196 0.113181
1 0.146956 0.301576 0.240047 0.196275
1 0.355972 0.303367 0.042155 0.199857
1 0.419594 0.233883 0.079625 0.060888
1 0.316354 0.465974 0.090164 0.520774
1 0.602654 0.296203 0.106948 0.179799
1 0.690281 0.262178 0.059719 0.111748
1 0.769516 0.324140 0.218189 0.235673
1 0.917057 0.301218 0.126854 0.189828
1 0.419594 0.337034 0.079625 0.133954
1 0.391881 0.619628 0.247463 0.564470
1 0.080991 0.545845 0.108119 0.362464
1 0.602654 0.476003 0.106948 0.166905
1 0.931499 0.433739 0.097970 0.062321
1 0.411397 0.451648 0.092896 0.095272
1 0.203357 0.495344 0.127244 0.175501
1 0.820453 0.619628 0.320062 0.355301
1 0.754294 0.518983 0.116706 0.141117
1 0.403591 0.585602 0.108509 0.156877
1 0.602654 0.648281 0.106948 0.161891
1 0.203357 0.693052 0.127244 0.205587
1 0.421936 0.671562 0.066354 0.099570
1 0.365925 0.698424 0.033177 0.055874
1 0.891296 0.820559 0.193208 0.141117
