1 0.228474 0.468750 0.400682 0.750000
1 0.433504 0.138021 0.000853 0.001736
1 0.800085 0.197917 0.121910 0.100694
1 0.179454 0.408854 0.190111 0.293403
1 0.273231 0.408854 0.149190 0.293403
1 0.337596 0.359375 0.057971 0.194444
1 0.398124 0.315104 0.056266 0.105903
1 0.609122 0.359375 0.191816 0.190972
1 0.690963 0.402778 0.184996 0.277778
1 0.822677 0.292535 0.069906 0.057292
1 0.822677 0.368924 0.069906 0.081597
1 0.389599 0.466146 0.073316 0.178819
1 0.822677 0.480903 0.069906 0.121528
1 0.553708 0.597222 0.080989 0.263889
1 0.662404 0.640625 0.127877 0.177083
1 0.794118 0.640625 0.127025 0.177083
1 0.139812 0.642361 0.110827 0.173611
1 0.227621 0.642361 0.057971 0.173611
1 0.290281 0.605903 0.058824 0.079861
1 0.375533 0.647569 0.101449 0.163194
1 0.290281 0.691840 0.058824 0.074653
1 0.289855 0.786458 0.059676 0.086806
