1 0.682283 0.200900 0.254331 0.157938
1 0.294882 0.207856 0.400787 0.130933
1 0.833465 0.350245 0.237008 0.180033
1 0.235039 0.374386 0.281102 0.218494
1 0.435827 0.320786 0.100000 0.111293
1 0.635827 0.403437 0.158268 0.211129
1 0.419291 0.447627 0.147244 0.124386
1 0.833465 0.539280 0.237008 0.198036
1 0.384252 0.602291 0.217323 0.258592
1 0.179528 0.677578 0.170079 0.363339
1 0.590551 0.559738 0.067717 0.083470
1 0.669685 0.559738 0.074803 0.083470
1 0.656693 0.732406 0.200000 0.245499
1 0.440157 0.684124 0.105512 0.075286
1 0.858661 0.736088 0.186614 0.174304
1 0.440157 0.779460 0.105512 0.102291
1 0.327165 0.785597 0.103150 0.090016
