1 0.407407 0.196721 0.164815 0.299180
1 0.561111 0.230533 0.127778 0.366803
1 0.815741 0.122951 0.303704 0.139344
1 0.749074 0.347336 0.170370 0.280738
1 0.904167 0.347336 0.126852 0.280738
1 0.085648 0.345287 0.062037 0.149590
1 0.153704 0.327869 0.059259 0.114754
1 0.222685 0.329918 0.067593 0.118852
1 0.290741 0.446721 0.053704 0.352459
1 0.032407 0.442623 0.025926 0.204918
1 0.386574 0.527664 0.123148 0.334016
1 0.472222 0.437500 0.035185 0.153689
1 0.561111 0.536885 0.127778 0.315574
1 0.153704 0.461066 0.059259 0.122951
1 0.222685 0.445697 0.067593 0.092213
1 0.086574 0.489754 0.060185 0.110656
1 0.749074 0.596311 0.170370 0.196721
1 0.904167 0.596311 0.126852 0.196721
1 0.155556 0.660861 0.201852 0.313525
1 0.472222 0.610656 0.035185 0.168033
1 0.290741 0.664959 0.053704 0.059426
1 0.535185 0.761270 0.075926 0.108607
1 0.309259 0.773566 0.085185 0.129098
1 0.537037 0.902664 0.044444 0.149590
