1 0.268164 0.184989 0.356671 0.059136
1 0.217305 0.265732 0.220608 0.076573
1 0.458388 0.322972 0.359313 0.191054
1 0.760898 0.301365 0.235139 0.147839
1 0.217305 0.358226 0.220608 0.100834
1 0.828269 0.416224 0.100396 0.115239
1 0.226552 0.406748 0.093791 0.056861
1 0.709379 0.416603 0.118890 0.070508
1 0.190225 0.479151 0.166446 0.134951
1 0.344122 0.482563 0.130779 0.128127
1 0.528402 0.482563 0.219287 0.128127
1 0.762880 0.501516 0.231176 0.090220
1 0.551519 0.665656 0.564069 0.212282
1 0.774108 0.672479 0.235139 0.068234
1 0.768164 0.821077 0.249670 0.209249
