1 0.756270 0.166462 0.049073 0.158477
1 0.855507 0.171990 0.127590 0.169533
1 0.781897 0.461302 0.274809 0.386978
1 0.309160 0.436118 0.151581 0.058968
1 0.155943 0.554668 0.128680 0.254300
1 0.266630 0.514742 0.073064 0.063882
1 0.548528 0.634521 0.444929 0.303440
1 0.444384 0.536855 0.118866 0.108108
1 0.573610 0.563268 0.124318 0.160934
1 0.266630 0.599509 0.073064 0.081081
1 0.480916 0.595823 0.045802 0.046683
1 0.803708 0.616708 0.047983 0.076167
1 0.877317 0.616708 0.083969 0.076167
1 0.428571 0.621622 0.043621 0.044226
1 0.272628 0.700246 0.082879 0.098280
1 0.849509 0.747543 0.139586 0.165848
1 0.145038 0.792998 0.143948 0.183047
1 0.359324 0.796069 0.066521 0.152334
1 0.543075 0.796069 0.285714 0.152334
1 0.274809 0.816339 0.078517 0.111794
1 0.731734 0.812654 0.078517 0.035627
1 0.806979 0.869779 0.209378 0.041769
