1 0.534113 0.217656 0.230019 0.121766
1 0.368421 0.417047 0.292398 0.240487
1 0.602339 0.366819 0.175439 0.140030
1 0.764133 0.391933 0.132554 0.184170
1 0.603314 0.506088 0.173489 0.138508
1 0.763158 0.534247 0.126706 0.082192
1 0.509747 0.643075 0.138402 0.211568
1 0.270955 0.582953 0.097466 0.079148
1 0.380117 0.582953 0.105263 0.079148
1 0.708577 0.697869 0.243665 0.232877
1 0.327485 0.721461 0.210526 0.185693
1 0.509747 0.785388 0.138402 0.057839
1 0.519493 0.874429 0.130604 0.080670
1 0.596491 0.874429 0.007797 0.080670
