1 0.476744 0.104956 0.163983 0.087464
1 0.477340 0.240525 0.143709 0.150632
1 0.661300 0.277454 0.214669 0.224490
1 0.844663 0.289602 0.168754 0.248785
1 0.099881 0.225948 0.092427 0.103984
1 0.127609 0.406706 0.147883 0.465500
1 0.286225 0.419339 0.155039 0.490768
1 0.440966 0.397473 0.070960 0.145773
1 0.515504 0.379009 0.067382 0.108844
1 0.641920 0.548105 0.175909 0.316812
1 0.765653 0.504859 0.071556 0.230321
1 0.840191 0.468416 0.065593 0.093294
1 0.903697 0.468416 0.050686 0.093294
1 0.477340 0.555394 0.143709 0.228377
1 0.868217 0.615160 0.121646 0.182702
1 0.765951 0.667153 0.070960 0.078717
1 0.768933 0.776968 0.123435 0.105928
