1 0.500608 0.160480 0.461071 0.211790
1 0.840024 0.372271 0.203163 0.473799
1 0.102190 0.398472 0.119221 0.233624
1 0.212287 0.411572 0.086375 0.259825
1 0.417275 0.401747 0.309002 0.240175
1 0.654501 0.399563 0.153285 0.235808
1 0.913625 0.466157 0.055961 0.106987
1 0.567518 0.616812 0.327251 0.189956
1 0.102190 0.728166 0.119221 0.403930
1 0.330292 0.688865 0.135036 0.320961
1 0.927007 0.569869 0.029197 0.078603
1 0.212287 0.701965 0.086375 0.294760
1 0.491484 0.668122 0.038929 0.091703
1 0.558394 0.735808 0.082725 0.227074
1 0.668491 0.735808 0.125304 0.227074
1 0.796837 0.735808 0.116788 0.227074
1 0.900852 0.735808 0.081509 0.227074
1 0.427007 0.786026 0.046229 0.126638
1 0.492701 0.786026 0.072993 0.126638
1 0.309611 0.903930 0.283455 0.082969
