1 0.500000 0.141808 0.930921 0.145763
1 0.273849 0.354237 0.442434 0.249718
1 0.626645 0.308475 0.243421 0.158192
1 0.856086 0.332203 0.195724 0.205650
1 0.626645 0.479661 0.243421 0.184181
1 0.856086 0.488136 0.195724 0.092655
1 0.421053 0.600565 0.174342 0.242938
1 0.127467 0.527684 0.149671 0.088136
1 0.268914 0.527684 0.110197 0.088136
1 0.734375 0.675141 0.439145 0.267797
1 0.188322 0.693785 0.271382 0.230508
1 0.534539 0.681921 0.052632 0.080226
1 0.420230 0.768927 0.172697 0.080226
1 0.122533 0.892655 0.159539 0.140113
1 0.360197 0.895480 0.296053 0.145763
