1 0.346838 0.202201 0.223320 0.110041
1 0.802372 0.203576 0.209486 0.107290
1 0.714427 0.343191 0.385375 0.155433
1 0.266798 0.367263 0.383399 0.200825
1 0.357708 0.539890 0.201581 0.235213
1 0.588933 0.477992 0.134387 0.097662
1 0.788538 0.477992 0.237154 0.097662
1 0.160079 0.542641 0.169960 0.149931
1 0.629447 0.636176 0.215415 0.199450
1 0.829051 0.590784 0.156126 0.108666
1 0.166996 0.676754 0.183794 0.118294
1 0.829051 0.694635 0.156126 0.082531
1 0.296443 0.701513 0.075099 0.068776
1 0.402174 0.701513 0.112648 0.068776
1 0.471344 0.907153 0.247036 0.092160
