1 0.077279 0.140351 0.062087 0.203509
1 0.170410 0.477193 0.108322 0.877193
1 0.192867 0.145614 0.063408 0.214035
1 0.287318 0.145614 0.114927 0.214035
1 0.419419 0.277193 0.067371 0.470175
1 0.496697 0.157895 0.076618 0.231579
1 0.615588 0.270175 0.150594 0.456140
1 0.847424 0.487719 0.233818 0.884211
1 0.518494 0.212281 0.033025 0.122807
1 0.803831 0.382456 0.054161 0.294737
1 0.077279 0.378947 0.062087 0.245614
1 0.287318 0.363158 0.114927 0.200000
1 0.496697 0.391228 0.076618 0.214035
1 0.077279 0.629825 0.062087 0.235088
1 0.574637 0.717544 0.232497 0.410526
1 0.287318 0.645614 0.114927 0.189474
1 0.287318 0.833333 0.114927 0.164912
