1 0.208237 0.222682 0.154292 0.266556
1 0.374130 0.183775 0.161253 0.188742
1 0.579466 0.225993 0.237819 0.273179
1 0.766241 0.166391 0.121810 0.153974
1 0.854408 0.144868 0.038283 0.110927
1 0.831206 0.293046 0.082367 0.168874
1 0.744780 0.315397 0.078886 0.124172
1 0.377030 0.428808 0.167053 0.281457
1 0.212297 0.534768 0.162413 0.357616
1 0.587007 0.626656 0.252900 0.528146
1 0.162993 0.399834 0.063805 0.071192
1 0.793503 0.482616 0.160093 0.190397
1 0.331787 0.646523 0.076566 0.134106
1 0.415893 0.646523 0.077726 0.134106
1 0.806845 0.668046 0.154292 0.134106
1 0.382251 0.824503 0.126450 0.178808
