1 0.188995 0.247141 0.078150 0.036849
1 0.264753 0.397078 0.408293 0.219822
1 0.615630 0.410419 0.188198 0.246506
1 0.823764 0.410419 0.208931 0.246506
1 0.173046 0.586404 0.224880 0.158831
1 0.382775 0.656290 0.172249 0.283355
1 0.672249 0.602922 0.301435 0.123253
1 0.862041 0.614358 0.132376 0.146125
1 0.804625 0.734435 0.247209 0.124524
1 0.114833 0.736341 0.108453 0.123253
1 0.232057 0.736341 0.106858 0.123253
1 0.598884 0.735705 0.145136 0.121982
1 0.120415 0.878018 0.119617 0.121982
1 0.239234 0.882465 0.092504 0.130877
