1 0.944195 0.205457 0.060511 0.208241
1 0.613402 0.268374 0.176154 0.287305
1 0.835276 0.352450 0.259525 0.455457
1 0.089870 0.290089 0.103541 0.321826
1 0.194532 0.290089 0.095025 0.321826
1 0.365307 0.290089 0.090542 0.321826
1 0.281040 0.215479 0.062752 0.161470
1 0.281040 0.383073 0.067234 0.135857
1 0.445988 0.465479 0.048409 0.247216
1 0.551995 0.517817 0.053339 0.191537
1 0.674810 0.604120 0.183326 0.364143
1 0.085164 0.623608 0.094128 0.320713
1 0.209099 0.623608 0.142985 0.320713
1 0.345585 0.623608 0.129987 0.320713
1 0.835276 0.663697 0.137606 0.260579
1 0.632228 0.667595 0.139399 0.252784
1 0.262214 0.780067 0.438368 0.361915
1 0.542134 0.708241 0.033617 0.171492
