1 0.676496 0.437297 0.058125 0.602162
1 0.784048 0.254054 0.142554 0.233514
1 0.904115 0.254054 0.090793 0.233514
1 0.120916 0.257838 0.111158 0.228108
1 0.272592 0.257838 0.184557 0.228108
1 0.831141 0.558378 0.236742 0.357838
1 0.900297 0.637838 0.199406 0.512432
1 0.142766 0.557297 0.154858 0.349189
1 0.292533 0.557297 0.144675 0.349189
1 0.400085 0.508108 0.061943 0.250811
1 0.467968 0.508108 0.064489 0.250811
1 0.547306 0.633514 0.084854 0.501622
1 0.336232 0.584865 0.057276 0.097297
1 0.400085 0.763784 0.061943 0.241081
1 0.467968 0.764865 0.064489 0.238919
1 0.335172 0.814054 0.059398 0.140541
1 0.259016 0.822162 0.077641 0.137297
