1 0.403017 0.152361 0.264655 0.248069
1 0.176724 0.213305 0.182759 0.349356
1 0.856466 0.078541 0.161207 0.079828
1 0.356034 0.242918 0.175862 0.228326
1 0.661207 0.204721 0.175862 0.151931
1 0.843966 0.204721 0.177586 0.151931
1 0.753017 0.359657 0.359483 0.145923
1 0.489655 0.359227 0.070690 0.143348
1 0.358190 0.426180 0.180172 0.138197
1 0.174138 0.430901 0.177586 0.128755
1 0.605603 0.400000 0.064655 0.065236
1 0.295259 0.461373 0.054310 0.067811
1 0.661207 0.513305 0.175862 0.149356
1 0.843966 0.513305 0.177586 0.149356
1 0.492672 0.513734 0.076724 0.145064
1 0.356034 0.524464 0.175862 0.132189
1 0.124569 0.545494 0.078448 0.090129
1 0.216379 0.545494 0.093103 0.090129
1 0.103879 0.646781 0.125000 0.096996
1 0.225000 0.646781 0.106897 0.096996
1 0.313793 0.646781 0.060345 0.096996
1 0.445259 0.784120 0.180172 0.366524
1 0.192672 0.829185 0.302586 0.255794
