1 0.191098 0.168116 0.104755 0.150725
1 0.773865 0.465217 0.349303 0.702415
1 0.318913 0.303382 0.131570 0.369082
1 0.441902 0.238647 0.107973 0.239614
1 0.110833 0.497101 0.055774 0.652174
1 0.563997 0.402415 0.051841 0.457005
1 0.198963 0.370531 0.101180 0.201932
1 0.388631 0.504831 0.062210 0.275362
1 0.442796 0.417391 0.036825 0.100483
1 0.480157 0.395652 0.031462 0.057005
1 0.460136 0.582609 0.071505 0.291787
1 0.198963 0.571981 0.101180 0.177778
1 0.305327 0.657005 0.104398 0.313043
1 0.390597 0.689855 0.059707 0.077295
1 0.173221 0.739130 0.049696 0.139130
1 0.225420 0.738647 0.048266 0.136232
1 0.431891 0.862319 0.135860 0.215459
