1 0.343871 0.238636 0.251613 0.102273
1 0.139355 0.404545 0.170323 0.200000
1 0.264516 0.468182 0.420645 0.327273
1 0.609032 0.400568 0.131613 0.192045
1 0.823226 0.400568 0.283871 0.192045
1 0.665161 0.562500 0.243871 0.120455
1 0.879355 0.648295 0.171613 0.292045
1 0.363871 0.682955 0.221935 0.225000
1 0.608387 0.678977 0.130323 0.101136
1 0.665161 0.711364 0.243871 0.165909
1 0.149032 0.681818 0.189677 0.100000
1 0.110323 0.767614 0.112258 0.055682
1 0.209032 0.767614 0.069677 0.055682
1 0.094839 0.892045 0.138065 0.163636
1 0.218710 0.848295 0.091613 0.073864
