1 0.410515 0.122703 0.144150 0.083243
1 0.389276 0.243784 0.236769 0.124324
1 0.547006 0.526486 0.191504 0.689730
1 0.690111 0.310811 0.122563 0.258378
1 0.832173 0.309730 0.151811 0.256216
1 0.313370 0.384865 0.084958 0.142703
1 0.403203 0.384865 0.086351 0.142703
1 0.479457 0.351892 0.056407 0.076757
1 0.724930 0.568108 0.164345 0.256216
1 0.859680 0.490811 0.096797 0.090811
1 0.358635 0.581622 0.175487 0.235676
1 0.832521 0.662162 0.151114 0.236757
1 0.699861 0.742162 0.105850 0.076757
1 0.351323 0.797297 0.176184 0.158919
1 0.781685 0.839459 0.255571 0.083243
