1 0.733281 0.195548 0.335169 0.120827
1 0.208104 0.184420 0.055862 0.095390
1 0.291109 0.248808 0.103855 0.224165
1 0.366247 0.189984 0.040126 0.106518
1 0.448859 0.302862 0.118804 0.332273
1 0.208104 0.299682 0.055862 0.122417
1 0.366247 0.305246 0.040126 0.111288
1 0.626279 0.410970 0.116444 0.275040
1 0.709677 0.320350 0.044060 0.093800
1 0.754917 0.320350 0.040126 0.093800
1 0.837923 0.410970 0.119591 0.275040
1 0.132179 0.406200 0.073958 0.081081
1 0.238002 0.428458 0.115657 0.119237
1 0.343824 0.516693 0.091267 0.295707
1 0.731314 0.524642 0.087333 0.302067
1 0.448859 0.566773 0.118804 0.195548
1 0.237608 0.579491 0.114870 0.170111
1 0.651062 0.628776 0.172305 0.125596
1 0.841857 0.628776 0.114870 0.125596
1 0.336349 0.782989 0.104642 0.192369
