1 0.710490 0.124771 0.402797 0.176147
1 0.709091 0.330275 0.383217 0.341284
1 0.300000 0.225688 0.093706 0.128440
1 0.409091 0.225688 0.107692 0.128440
1 0.186713 0.327523 0.197203 0.177982
1 0.378322 0.358716 0.169231 0.115596
1 0.116084 0.462385 0.055944 0.069725
1 0.191608 0.462385 0.078322 0.069725
1 0.351049 0.538532 0.223776 0.222018
1 0.728671 0.556881 0.083916 0.115596
1 0.601399 0.603670 0.170629 0.205505
1 0.159441 0.602752 0.142657 0.188991
1 0.393007 0.664220 0.139860 0.212844
1 0.830769 0.666972 0.139860 0.211009
1 0.723776 0.665138 0.060140 0.082569
1 0.276923 0.678899 0.075524 0.036697
1 0.116783 0.780734 0.057343 0.141284
1 0.230070 0.740367 0.152448 0.060550
