1 0.181709 0.123106 0.238267 0.125000
1 0.644404 0.135101 0.222623 0.116162
1 0.179302 0.354167 0.204573 0.296717
1 0.389892 0.354167 0.199759 0.296717
1 0.752106 0.354798 0.418773 0.282828
1 0.649218 0.615530 0.212996 0.238636
1 0.858604 0.645202 0.205776 0.297980
1 0.216005 0.552399 0.280385 0.082071
1 0.427196 0.580177 0.125150 0.137626
1 0.178099 0.695076 0.204573 0.185606
1 0.389290 0.695076 0.200963 0.185606
1 0.595066 0.734217 0.104693 0.119949
1 0.702166 0.768939 0.092659 0.050505
1 0.696149 0.863005 0.104693 0.097222
