1 0.617745 0.106430 0.091211 0.062084
1 0.435323 0.216186 0.094527 0.148559
1 0.526534 0.216186 0.077944 0.148559
1 0.621061 0.216186 0.104478 0.148559
1 0.706468 0.181818 0.059701 0.079823
1 0.706468 0.259424 0.059701 0.062084
1 0.538972 0.394678 0.155887 0.208426
1 0.676617 0.394678 0.119403 0.208426
1 0.404643 0.323725 0.033167 0.053215
1 0.440299 0.323725 0.031509 0.053215
1 0.430348 0.426829 0.084577 0.144124
1 0.563847 0.426829 0.096186 0.144124
1 0.501658 0.535477 0.077944 0.059867
1 0.282753 0.545455 0.111111 0.070953
1 0.282753 0.708426 0.111111 0.246120
