1 0.269558 0.181435 0.409864 0.208158
1 0.816327 0.241913 0.234694 0.090014
1 0.142857 0.356540 0.156463 0.122363
1 0.269558 0.518284 0.409864 0.445851
1 0.618197 0.420534 0.175170 0.247539
1 0.825680 0.420534 0.215986 0.247539
1 0.142857 0.490155 0.156463 0.144866
1 0.390306 0.632208 0.168367 0.218003
1 0.583333 0.590014 0.105442 0.077356
1 0.650510 0.646976 0.239796 0.191280
1 0.858844 0.581575 0.149660 0.060478
1 0.119898 0.599859 0.110544 0.052039
1 0.858844 0.682841 0.149660 0.119550
1 0.261054 0.720816 0.066327 0.040788
1 0.128401 0.841772 0.127551 0.181435
1 0.259354 0.846695 0.110544 0.191280
1 0.181973 0.896624 0.020408 0.071730
