1 0.570076 0.169725 0.087121 0.204128
1 0.708333 0.143349 0.163636 0.128440
1 0.150379 0.336009 0.215909 0.385321
1 0.708333 0.245986 0.163636 0.065367
1 0.722348 0.443234 0.135606 0.315367
1 0.190530 0.481651 0.235606 0.380734
1 0.367803 0.399656 0.118939 0.216743
1 0.465530 0.399656 0.118939 0.216743
1 0.562879 0.446101 0.165152 0.309633
1 0.623864 0.354931 0.043182 0.127294
1 0.623864 0.465596 0.043182 0.080275
1 0.392045 0.623853 0.167424 0.220183
1 0.239015 0.748853 0.131061 0.286697
1 0.473485 0.720757 0.095455 0.228211
1 0.558712 0.666858 0.062879 0.120413
1 0.632576 0.646216 0.048485 0.051606
1 0.705682 0.729931 0.194697 0.219037
1 0.104545 0.784977 0.133333 0.214450
1 0.398106 0.766055 0.046212 0.137615
1 0.561742 0.783830 0.065909 0.095183
1 0.339773 0.787844 0.061364 0.094037
1 0.171970 0.835436 0.042424 0.113532
1 0.535606 0.892775 0.534848 0.090596
