1 0.562013 0.100457 0.253721 0.159817
1 0.813607 0.194635 0.209780 0.295662
1 0.954288 0.147831 0.054571 0.202055
1 0.126860 0.352740 0.201276 0.289954
1 0.333097 0.372146 0.204111 0.328767
1 0.507442 0.372146 0.131821 0.328767
1 0.638200 0.363014 0.109851 0.310502
1 0.890149 0.506849 0.182849 0.495434
1 0.750177 0.555365 0.082920 0.398402
1 0.055280 0.563927 0.058115 0.109589
1 0.235648 0.662671 0.289865 0.307078
1 0.638200 0.614155 0.109851 0.166667
1 0.536853 0.732877 0.312544 0.392694
1 0.140326 0.780822 0.228207 0.296804
1 0.319631 0.877854 0.113395 0.102740
