1 0.432094 0.346429 0.275417 0.558571
1 0.468134 0.425714 0.074355 0.214286
1 0.535660 0.364286 0.051593 0.091429
1 0.535660 0.475000 0.051593 0.115714
1 0.790971 0.551429 0.059939 0.171429
1 0.496206 0.585000 0.130501 0.092857
1 0.250000 0.693571 0.043247 0.098571
1 0.418058 0.773571 0.286798 0.258571
1 0.649090 0.705000 0.043247 0.101429
1 0.766313 0.705000 0.183612 0.101429
1 0.910850 0.782857 0.100910 0.257143
1 0.272382 0.826429 0.088012 0.152857
1 0.666161 0.836429 0.077390 0.150000
1 0.783005 0.840000 0.148710 0.142857
