1 0.422360 0.348794 0.298137 0.653061
1 0.527329 0.095547 0.055901 0.076067
1 0.816149 0.357143 0.275776 0.458256
1 0.458385 0.264378 0.198758 0.157699
1 0.522360 0.226345 0.043478 0.081633
1 0.589441 0.228200 0.078261 0.077922
1 0.596273 0.307978 0.072050 0.070501
1 0.404969 0.416512 0.091925 0.135436
1 0.495652 0.652134 0.273292 0.606679
1 0.568944 0.410019 0.126708 0.122449
1 0.568944 0.536178 0.126708 0.118738
1 0.769565 0.778293 0.182609 0.354360
1 0.909938 0.636364 0.090683 0.070501
1 0.891304 0.816327 0.127950 0.278293
1 0.909938 0.734694 0.090683 0.115028
