1 0.233630 0.178792 0.055526 0.202219
1 0.549502 0.178175 0.127816 0.188656
1 0.634625 0.122688 0.022525 0.077682
1 0.833421 0.155980 0.111053 0.139334
1 0.918020 0.123921 0.051860 0.075216
1 0.317968 0.348335 0.319539 0.482121
1 0.918020 0.197287 0.051860 0.056720
1 0.361446 0.282984 0.120482 0.215783
1 0.623363 0.228730 0.053431 0.087546
1 0.183866 0.249075 0.037716 0.061652
1 0.825301 0.491985 0.237297 0.515413
1 0.514144 0.316893 0.057098 0.130703
1 0.561027 0.332306 0.031430 0.099877
1 0.614982 0.332306 0.070194 0.099877
1 0.213201 0.366215 0.096386 0.160296
1 0.541645 0.448829 0.112101 0.118372
1 0.625458 0.614673 0.049240 0.450062
1 0.561289 0.572133 0.072813 0.140567
1 0.503667 0.548705 0.036145 0.066584
1 0.638554 0.638101 0.023049 0.085080
1 0.561289 0.710851 0.072813 0.122072
1 0.852279 0.839088 0.058669 0.163995
1 0.914353 0.839088 0.059193 0.163995
1 0.561289 0.845869 0.072813 0.133169
1 0.061027 0.868681 0.070718 0.090012
1 0.138292 0.868681 0.077528 0.090012
1 0.624935 0.900123 0.044002 0.073983
