1 0.629884 0.217155 0.092744 0.280130
1 0.756119 0.220955 0.153714 0.287731
1 0.884500 0.220955 0.097037 0.287731
1 0.178832 0.252443 0.249463 0.331162
1 0.353585 0.252443 0.100043 0.331162
1 0.479176 0.516830 0.133104 0.519001
1 0.379133 0.347991 0.042937 0.129207
1 0.331258 0.349077 0.044225 0.122693
1 0.100043 0.415309 0.091885 0.209555
1 0.759553 0.471227 0.222413 0.288817
1 0.629884 0.491857 0.092744 0.247557
1 0.903392 0.495114 0.059253 0.241042
1 0.227136 0.521716 0.153714 0.207383
1 0.355947 0.522258 0.095320 0.206298
1 0.331687 0.470141 0.046801 0.099891
1 0.853156 0.541802 0.035208 0.147666
1 0.100043 0.576004 0.091885 0.098806
1 0.723057 0.558632 0.043796 0.005429
1 0.254401 0.704126 0.068270 0.144408
1 0.784027 0.707926 0.077286 0.134636
1 0.102619 0.679153 0.060112 0.059718
1 0.254616 0.867535 0.072993 0.132465
