1 0.224271 0.076296 0.255800 0.060571
1 0.785247 0.076878 0.254610 0.060571
1 0.249256 0.229179 0.279595 0.212580
1 0.760262 0.230052 0.279595 0.211998
1 0.249256 0.387886 0.279595 0.097845
1 0.760262 0.388468 0.279595 0.096680
1 0.300119 0.592021 0.405116 0.148515
1 0.712671 0.592021 0.411660 0.148515
1 0.439024 0.584450 0.051160 0.050670
1 0.173409 0.640652 0.127900 0.092021
1 0.292980 0.640652 0.102915 0.092021
1 0.717133 0.640652 0.102915 0.092021
1 0.837002 0.640652 0.128495 0.092021
1 0.711481 0.763250 0.182035 0.225393
1 0.298929 0.763541 0.181440 0.224811
1 0.455086 0.695690 0.096371 0.050670
1 0.555324 0.695690 0.096966 0.050670
1 0.156752 0.709086 0.094587 0.036692
1 0.853956 0.709086 0.094587 0.036692
1 0.505057 0.805475 0.197501 0.160745
1 0.255800 0.817997 0.095181 0.182295
1 0.754015 0.818288 0.095776 0.182877
1 0.156752 0.820617 0.094587 0.177053
1 0.853956 0.820909 0.094587 0.177635
1 0.306663 0.883809 0.061273 0.046010
1 0.703748 0.885265 0.061868 0.043098
1 0.376264 0.905649 0.039857 0.040769
1 0.633551 0.905941 0.039262 0.040186
