1 0.257462 0.381719 0.407654 0.547813
1 0.707447 0.347969 0.410461 0.464062
1 0.100768 0.185469 0.094267 0.131562
1 0.100768 0.416094 0.094267 0.317188
1 0.300532 0.334375 0.054374 0.126250
1 0.355127 0.324375 0.050089 0.106250
1 0.420804 0.380000 0.076241 0.217500
1 0.744533 0.335625 0.040189 0.125625
1 0.788785 0.335625 0.042701 0.125625
1 0.817524 0.520469 0.186170 0.495312
1 0.355127 0.435937 0.050089 0.105625
1 0.366135 0.498594 0.185579 0.191562
1 0.744533 0.446875 0.040189 0.085000
1 0.788785 0.446875 0.042701 0.085000
1 0.318853 0.683750 0.091017 0.166875
1 0.414229 0.683750 0.089391 0.166875
