1 0.572654 0.089154 0.077699 0.071691
1 0.731584 0.089154 0.078708 0.071691
1 0.263875 0.100184 0.132190 0.071691
1 0.652876 0.302390 0.248234 0.332721
1 0.116549 0.317096 0.144299 0.303309
1 0.223007 0.272059 0.090817 0.213235
1 0.308779 0.216912 0.072654 0.102941
1 0.385469 0.216912 0.070636 0.102941
1 0.468718 0.216912 0.087790 0.102941
1 0.861756 0.263787 0.137235 0.196691
1 0.308779 0.327206 0.072654 0.102941
1 0.431382 0.383272 0.162462 0.215074
1 0.817861 0.533088 0.073663 0.323529
1 0.885974 0.426471 0.086781 0.102941
1 0.484864 0.652574 0.584258 0.533088
1 0.116549 0.596507 0.144299 0.240809
1 0.886478 0.544118 0.087790 0.117647
1 0.238143 0.651654 0.090817 0.130515
1 0.894551 0.652574 0.071645 0.084559
1 0.855701 0.810662 0.149344 0.216912
1 0.244702 0.787684 0.055499 0.082721
