1 0.605839 0.097794 0.045881 0.010294
1 0.203337 0.272059 0.221064 0.311765
1 0.564129 0.163971 0.125130 0.086765
1 0.858707 0.163971 0.124088 0.086765
1 0.514077 0.279412 0.221064 0.308824
1 0.741919 0.208088 0.086548 0.163235
1 0.852450 0.329412 0.128259 0.205882
1 0.271637 0.288235 0.084463 0.055882
1 0.741919 0.363235 0.086548 0.138235
1 0.217414 0.375735 0.061522 0.104412
1 0.283107 0.375735 0.061522 0.104412
1 0.808655 0.372794 0.040667 0.072059
1 0.383733 0.414706 0.010428 0.061765
1 0.421794 0.414706 0.036496 0.041176
1 0.467675 0.414706 0.046924 0.041176
1 0.179875 0.480147 0.094891 0.072059
1 0.276330 0.480147 0.083420 0.072059
1 0.586027 0.485294 0.081335 0.070588
1 0.490094 0.486029 0.093848 0.069118
1 0.828467 0.680882 0.199166 0.450000
1 0.534411 0.710294 0.184567 0.352941
