1 0.100778 0.322619 0.125111 0.270952
1 0.276333 0.458810 0.219333 0.543333
1 0.358000 0.236190 0.056000 0.096190
1 0.435333 0.267619 0.091556 0.159048
1 0.574111 0.413571 0.125556 0.450952
1 0.797444 0.413571 0.315778 0.450952
1 0.435333 0.449524 0.091556 0.191429
1 0.061667 0.492857 0.046889 0.056190
1 0.125333 0.551429 0.076000 0.173333
1 0.061667 0.583333 0.046889 0.109524
1 0.435333 0.653571 0.091556 0.198571
1 0.797444 0.706429 0.315778 0.290952
1 0.204000 0.765714 0.351556 0.213333
1 0.410444 0.805238 0.041778 0.092381
1 0.457444 0.805238 0.047333 0.092381
