1 0.387654 0.107822 0.128395 0.164905
1 0.919753 0.112051 0.128395 0.156448
1 0.240741 0.226216 0.397531 0.359408
1 0.632099 0.149049 0.101235 0.205074
1 0.726543 0.218816 0.290123 0.344609
1 0.912963 0.301268 0.127160 0.179704
1 0.077778 0.491543 0.071605 0.179704
1 0.148765 0.491543 0.058025 0.179704
1 0.245679 0.464059 0.128395 0.124736
1 0.611728 0.438689 0.060494 0.065539
1 0.720370 0.492600 0.144444 0.173362
1 0.812963 0.461945 0.030864 0.112051
1 0.338272 0.494715 0.049383 0.164905
1 0.404321 0.494715 0.070370 0.164905
1 0.905556 0.495772 0.141975 0.167019
1 0.603704 0.530655 0.076543 0.097252
1 0.781481 0.553911 0.125926 0.050740
1 0.245062 0.575053 0.112346 0.054968
1 0.409259 0.785412 0.208642 0.374207
1 0.437037 0.911205 0.153086 0.093023
