1 0.111875 0.282407 0.123750 0.410494
1 0.243750 0.280864 0.127500 0.407407
1 0.393750 0.305556 0.157500 0.456790
1 0.546875 0.112654 0.036250 0.058642
1 0.621250 0.169753 0.090000 0.172840
1 0.817500 0.162037 0.285000 0.157407
1 0.550000 0.200617 0.042500 0.092593
1 0.596875 0.407407 0.138750 0.302469
1 0.727500 0.381173 0.130000 0.231481
1 0.878750 0.419753 0.162500 0.308642
1 0.158125 0.526235 0.031250 0.169753
1 0.640625 0.567901 0.023750 0.148148
1 0.203125 0.530864 0.046250 0.067901
1 0.269375 0.530864 0.076250 0.067901
1 0.326250 0.530864 0.022500 0.067901
1 0.727500 0.618827 0.130000 0.243827
1 0.112500 0.615741 0.122500 0.231481
1 0.878750 0.621914 0.162500 0.237654
1 0.393750 0.632716 0.157500 0.197531
1 0.243750 0.652778 0.127500 0.157407
1 0.876875 0.629630 0.083750 0.111111
1 0.590000 0.658951 0.125000 0.163580
1 0.075625 0.657407 0.048750 0.148148
1 0.941875 0.635802 0.036250 0.098765
1 0.325000 0.702160 0.020000 0.058642
1 0.262500 0.833333 0.132500 0.154321
