1 0.308583 0.245072 0.314714 0.132720
1 0.894414 0.250329 0.126703 0.127464
1 0.239101 0.475690 0.181199 0.294350
1 0.391008 0.411301 0.122616 0.165572
1 0.735014 0.478975 0.189373 0.293035
1 0.888965 0.415243 0.118529 0.165572
1 0.391008 0.643890 0.122616 0.286465
1 0.880109 0.603154 0.136240 0.197109
1 0.204360 0.708936 0.111717 0.172142
1 0.307221 0.708936 0.094005 0.172142
1 0.726158 0.714849 0.171662 0.165572
1 0.914850 0.715506 0.066757 0.164258
1 0.843324 0.752957 0.062670 0.089356
1 0.406676 0.831143 0.091281 0.072273
1 0.243188 0.846255 0.202997 0.076216
1 0.732289 0.843627 0.197548 0.063075
1 0.405995 0.909987 0.100817 0.053876
