1 0.143322 0.237446 0.101629 0.426112
1 0.309121 0.399570 0.205212 0.466284
1 0.753746 0.324247 0.205863 0.312769
1 0.781759 0.465567 0.225407 0.230990
1 0.379805 0.575323 0.112052 0.447633
1 0.600977 0.409613 0.074919 0.093257
1 0.091531 0.574605 0.064495 0.193687
1 0.163844 0.596844 0.074919 0.238164
1 0.476221 0.528694 0.071661 0.101865
1 0.926710 0.543759 0.057980 0.129125
1 0.627036 0.643472 0.111401 0.319943
1 0.909121 0.690100 0.093160 0.226686
1 0.453420 0.692970 0.117264 0.212339
1 0.718241 0.696557 0.098371 0.213773
1 0.814984 0.696557 0.087296 0.213773
1 0.265147 0.715925 0.117264 0.166428
1 0.091531 0.738881 0.064495 0.120516
1 0.163844 0.761119 0.074919 0.076040
1 0.250814 0.890961 0.277524 0.126255
