1 0.688264 0.109962 0.525672 0.133459
1 0.277506 0.319549 0.457213 0.248120
1 0.618582 0.375000 0.224939 0.359023
1 0.842298 0.242481 0.202934 0.093985
1 0.842298 0.369361 0.202934 0.159774
1 0.564792 0.581767 0.332518 0.276316
1 0.218826 0.547932 0.339853 0.193609
1 0.842298 0.512218 0.188264 0.099624
1 0.815403 0.692669 0.256724 0.234962
1 0.218826 0.731203 0.339853 0.157895
1 0.479218 0.768797 0.161369 0.082707
1 0.623472 0.768797 0.107579 0.082707
1 0.206601 0.884398 0.330073 0.122180
1 0.471883 0.884398 0.171149 0.103383
