1 0.672593 0.232634 0.155247 0.315858
1 0.772767 0.146134 0.109280 0.142857
1 0.859063 0.174312 0.063313 0.199214
1 0.144406 0.190039 0.212489 0.222805
1 0.298786 0.120577 0.082394 0.083879
1 0.456635 0.136304 0.080659 0.115334
1 0.381613 0.136959 0.062446 0.111402
1 0.193408 0.367628 0.310494 0.394495
1 0.424111 0.271298 0.145707 0.138925
1 0.782307 0.308650 0.052038 0.163827
1 0.800520 0.448886 0.180399 0.444299
1 0.872507 0.321756 0.036427 0.079948
1 0.431049 0.471822 0.161318 0.217562
1 0.938422 0.468545 0.065915 0.203145
1 0.652645 0.483617 0.115351 0.170380
1 0.182567 0.686763 0.144840 0.243775
1 0.297051 0.686763 0.084128 0.243775
1 0.074154 0.689384 0.071986 0.238532
1 0.650043 0.693316 0.110147 0.230668
1 0.835646 0.693316 0.110147 0.230668
1 0.386817 0.772608 0.249783 0.370904
1 0.380746 0.705767 0.083261 0.205767
1 0.742845 0.743775 0.065048 0.129751
