1 0.564073 0.391304 0.588101 0.736025
1 0.324943 0.169255 0.114416 0.065217
1 0.443936 0.198758 0.114416 0.124224
1 0.543478 0.164596 0.075515 0.055901
1 0.673913 0.198758 0.176201 0.124224
1 0.543478 0.228261 0.075515 0.065217
1 0.324943 0.232919 0.114416 0.055901
1 0.483982 0.359472 0.432494 0.190994
1 0.360412 0.405280 0.185355 0.093168
1 0.358124 0.503106 0.180778 0.096273
1 0.506865 0.552795 0.107551 0.195652
1 0.632723 0.483696 0.135011 0.051242
1 0.624714 0.581522 0.151030 0.138199
1 0.358124 0.603261 0.180778 0.094720
1 0.368421 0.704193 0.137300 0.097826
1 0.217391 0.707298 0.132723 0.097826
1 0.683066 0.739907 0.102975 0.038820
1 0.299771 0.862578 0.297483 0.197205
