1 0.534017 0.289494 0.181858 0.209321
1 0.835587 0.237954 0.089839 0.077804
1 0.715656 0.239731 0.140427 0.074250
1 0.675316 0.302528 0.069341 0.042654
1 0.750327 0.302528 0.071086 0.042654
1 0.835587 0.302528 0.089839 0.042654
1 0.664631 0.410545 0.204972 0.164692
1 0.804623 0.407978 0.151766 0.159558
1 0.232883 0.673776 0.333188 0.389415
1 0.525512 0.636651 0.274749 0.287520
1 0.774095 0.564968 0.212822 0.144155
1 0.305931 0.570893 0.151330 0.155213
1 0.652857 0.674763 0.295683 0.067536
1 0.843000 0.674961 0.075011 0.067141
1 0.559747 0.772117 0.099869 0.118483
1 0.673136 0.783570 0.158308 0.141390
1 0.805495 0.783570 0.150022 0.141390
1 0.504361 0.831359 0.209769 0.073460
