1 0.488140 0.198847 0.112360 0.213256
1 0.130462 0.207493 0.176030 0.213256
1 0.324594 0.259366 0.199750 0.317003
1 0.780275 0.193084 0.379526 0.184438
1 0.611735 0.410663 0.042447 0.221902
1 0.704120 0.410663 0.129838 0.221902
1 0.818976 0.451009 0.087391 0.302594
1 0.918851 0.451009 0.102372 0.302594
1 0.488140 0.527378 0.112360 0.414986
1 0.099251 0.423631 0.113608 0.195965
1 0.148564 0.373199 0.014981 0.095101
1 0.193508 0.463977 0.062422 0.276657
1 0.371411 0.577810 0.106117 0.296830
1 0.799001 0.475504 0.047441 0.092219
1 0.248439 0.472622 0.047441 0.080692
1 0.267790 0.517291 0.086142 0.170029
1 0.066792 0.534582 0.048689 0.089337
1 0.126092 0.629683 0.059925 0.193084
1 0.780275 0.632565 0.379526 0.198847
1 0.066792 0.658501 0.048689 0.135447
1 0.190387 0.654179 0.056180 0.080692
1 0.267790 0.670029 0.086142 0.112392
1 0.188514 0.746398 0.059925 0.069164
