1 0.230625 0.330000 0.202500 0.615556
1 0.411875 0.183889 0.147500 0.323333
1 0.565000 0.284444 0.067500 0.522222
1 0.713125 0.193333 0.206250 0.340000
1 0.857500 0.441111 0.061250 0.835556
1 0.408750 0.524444 0.153750 0.335556
1 0.630625 0.506667 0.198750 0.266667
1 0.775937 0.435000 0.080625 0.123333
1 0.775937 0.572778 0.080625 0.134444
1 0.152500 0.755000 0.046250 0.210000
1 0.213438 0.696111 0.064375 0.092222
1 0.256563 0.755000 0.150625 0.210000
1 0.713125 0.754444 0.206250 0.208889
1 0.565000 0.759444 0.067500 0.198889
1 0.375312 0.781111 0.074375 0.157778
1 0.452188 0.781111 0.066875 0.157778
1 0.310937 0.933889 0.108125 0.107778
