1 0.755911 0.111111 0.279555 0.144781
1 0.296245 0.341751 0.203060 0.269360
1 0.569541 0.397306 0.326843 0.380471
1 0.818498 0.341751 0.154381 0.269360
1 0.128651 0.556397 0.093185 0.143098
1 0.296245 0.556397 0.203060 0.143098
1 0.670376 0.624579 0.250348 0.279461
1 0.849791 0.536195 0.091794 0.102694
1 0.512517 0.731481 0.212796 0.271044
1 0.819193 0.731481 0.152990 0.271044
1 0.239221 0.681818 0.089013 0.087542
1 0.344924 0.748316 0.105702 0.220539
1 0.142559 0.759259 0.082058 0.215488
1 0.239221 0.798822 0.089013 0.126263
1 0.680807 0.820707 0.107093 0.092593
1 0.680807 0.924242 0.107093 0.067340
