1 0.399179 0.082459 0.144197 0.079123
1 0.891852 0.084366 0.144783 0.077216
1 0.223916 0.189704 0.188746 0.263108
1 0.651524 0.191611 0.061547 0.261201
1 0.748535 0.191611 0.123095 0.261201
1 0.390094 0.282650 0.143611 0.290753
1 0.884818 0.230219 0.140094 0.183985
1 0.223916 0.496187 0.188746 0.349857
1 0.093787 0.402765 0.059789 0.149666
1 0.580012 0.444709 0.062720 0.233556
1 0.740328 0.443756 0.239156 0.227836
1 0.909730 0.443756 0.090270 0.227836
1 0.310668 0.495710 0.062134 0.120114
1 0.404162 0.553384 0.115475 0.235462
1 0.087632 0.579123 0.065064 0.172545
1 0.243552 0.617255 0.062720 0.107722
1 0.310668 0.617255 0.062134 0.107722
1 0.667057 0.689228 0.092614 0.247855
1 0.693728 0.596759 0.039273 0.062917
1 0.767878 0.689228 0.099648 0.247855
1 0.888628 0.689228 0.132474 0.247855
1 0.094080 0.746425 0.059203 0.131554
1 0.208089 0.746425 0.157093 0.131554
1 0.340563 0.744042 0.098476 0.126787
1 0.429074 0.746425 0.065651 0.131554
1 0.135404 0.871783 0.141852 0.100095
