1 0.675494 0.104238 0.195257 0.128293
1 0.879842 0.172394 0.180237 0.216495
1 0.113439 0.321879 0.144664 0.258877
1 0.267589 0.321879 0.150988 0.258877
1 0.458103 0.398625 0.217391 0.412371
1 0.626877 0.387743 0.109091 0.390607
1 0.733597 0.272050 0.093281 0.159221
1 0.879842 0.501145 0.180237 0.424971
1 0.733597 0.421535 0.093281 0.123711
1 0.084190 0.516609 0.086166 0.112257
1 0.241502 0.652921 0.215810 0.384880
1 0.733597 0.536655 0.093281 0.092784
1 0.113439 0.714204 0.144664 0.262314
1 0.676285 0.718213 0.207905 0.254296
1 0.458498 0.725086 0.216601 0.240550
1 0.311462 0.776060 0.063241 0.138603
1 0.275889 0.916380 0.147036 0.116838
