1 0.438752 0.176958 0.128659 0.212349
1 0.554700 0.182229 0.089368 0.222892
1 0.713405 0.202560 0.129430 0.260542
1 0.830123 0.247741 0.091680 0.350904
1 0.149461 0.179970 0.123267 0.203313
1 0.265023 0.137801 0.093991 0.118976
1 0.265023 0.332078 0.093991 0.242470
1 0.554700 0.445030 0.089368 0.302711
1 0.732280 0.322289 0.091680 0.057229
1 0.149461 0.369729 0.123267 0.149096
1 0.442219 0.374247 0.135593 0.158133
1 0.713405 0.394578 0.129430 0.114458
1 0.852465 0.392319 0.046995 0.106928
1 0.802773 0.438253 0.036980 0.015060
1 0.525039 0.639307 0.159476 0.384036
1 0.800077 0.539157 0.157935 0.156627
1 0.389445 0.653614 0.097843 0.361446
1 0.094761 0.662651 0.106317 0.376506
1 0.194915 0.530873 0.066256 0.112952
1 0.271957 0.530873 0.080123 0.112952
1 0.581664 0.618223 0.046225 0.103916
1 0.239599 0.717620 0.155624 0.242470
1 0.198382 0.652108 0.077812 0.096386
1 0.800077 0.726657 0.157935 0.206325
