1 0.379250 0.095667 0.209000 0.134667
1 0.745125 0.099500 0.200250 0.128333
1 0.253750 0.287333 0.194500 0.226667
1 0.417125 0.274667 0.132250 0.201333
1 0.607500 0.288333 0.178500 0.228667
1 0.774500 0.288333 0.140500 0.228667
1 0.273125 0.526667 0.233250 0.282667
1 0.440375 0.437833 0.085750 0.105000
1 0.635500 0.468167 0.234500 0.131000
1 0.802375 0.473000 0.084750 0.121333
1 0.440375 0.491000 0.085750 0.001333
1 0.440375 0.573000 0.085750 0.144000
1 0.228875 0.648333 0.144750 0.214000
1 0.604625 0.650667 0.172750 0.213333
1 0.771625 0.650667 0.146250 0.213333
1 0.440375 0.705167 0.085750 0.100333
1 0.349250 0.716667 0.081000 0.077333
1 0.392500 0.820667 0.182500 0.107333
