1 0.746094 0.148921 0.338542 0.061871
1 0.200521 0.205036 0.153646 0.165468
1 0.373047 0.276978 0.173177 0.309353
1 0.645833 0.234532 0.138021 0.097842
1 0.725911 0.207194 0.011719 0.043165
1 0.825521 0.273381 0.179688 0.175540
1 0.654297 0.358273 0.154948 0.141007
1 0.078125 0.363309 0.070312 0.136691
1 0.201172 0.364029 0.154948 0.135252
1 0.246745 0.316547 0.063802 0.040288
1 0.700521 0.361151 0.062500 0.043165
1 0.769531 0.397842 0.291667 0.061871
1 0.152344 0.484173 0.135417 0.079137
1 0.249349 0.484173 0.048177 0.079137
1 0.326172 0.506475 0.084635 0.123741
1 0.434245 0.607194 0.053385 0.161151
1 0.511068 0.566187 0.113281 0.079137
1 0.659505 0.681295 0.170573 0.309353
1 0.179036 0.586331 0.188802 0.113669
1 0.509766 0.643885 0.084635 0.087770
1 0.605469 0.705036 0.080729 0.074820
1 0.526693 0.765468 0.238281 0.141007
1 0.539714 0.718705 0.037760 0.047482
1 0.528646 0.815827 0.062500 0.040288
1 0.606120 0.815827 0.079427 0.040288
