1 0.643296 0.079353 0.063961 0.020031
1 0.137761 0.175655 0.130381 0.120185
1 0.284748 0.277350 0.151292 0.323575
1 0.527675 0.282743 0.319803 0.334361
1 0.827798 0.278120 0.268143 0.325116
1 0.137761 0.342065 0.130381 0.194145
1 0.869004 0.610169 0.185732 0.363636
1 0.132841 0.620955 0.120541 0.342065
1 0.355474 0.620955 0.307503 0.342065
1 0.642681 0.562404 0.252153 0.224961
1 0.043665 0.492296 0.015990 0.078582
1 0.714022 0.604777 0.109471 0.103236
1 0.714022 0.729584 0.109471 0.124807
1 0.584871 0.737288 0.136531 0.109399
1 0.560886 0.883667 0.184502 0.130971
