1 0.721274 0.243036 0.146747 0.091239
1 0.278265 0.246871 0.144901 0.089221
1 0.775035 0.386758 0.254269 0.164715
1 0.243193 0.334679 0.085833 0.055713
1 0.375404 0.386960 0.165667 0.160275
1 0.245731 0.402503 0.080757 0.062979
1 0.260037 0.492128 0.109368 0.106581
1 0.709506 0.578321 0.123212 0.218409
1 0.389709 0.545620 0.137056 0.146548
1 0.840332 0.548648 0.123673 0.148567
1 0.303184 0.617279 0.205814 0.130803
1 0.434933 0.654219 0.046608 0.056924
1 0.806414 0.658660 0.055838 0.057731
1 0.871943 0.658660 0.060452 0.057731
1 0.842640 0.758781 0.124596 0.111829
1 0.845870 0.879088 0.118136 0.113444
