1 0.272676 0.098315 0.118310 0.140449
1 0.603099 0.110674 0.136901 0.129213
1 0.113803 0.165169 0.041690 0.155056
1 0.173803 0.165169 0.070423 0.155056
1 0.798592 0.170787 0.110986 0.155056
1 0.470704 0.170787 0.110986 0.152809
1 0.240282 0.231461 0.045634 0.092135
1 0.271831 0.311798 0.108732 0.252809
1 0.916056 0.312921 0.118310 0.248315
1 0.519155 0.315169 0.252958 0.248315
1 0.143380 0.343820 0.143662 0.188764
1 0.795775 0.345506 0.147042 0.183146
1 0.796056 0.384831 0.066479 0.104494
1 0.254648 0.393820 0.074366 0.088764
1 0.041127 0.401685 0.043944 0.073034
1 0.745634 0.414045 0.028732 0.046067
1 0.496056 0.465730 0.162817 0.147191
1 0.404225 0.462360 0.065915 0.093258
1 0.851549 0.457303 0.021972 0.006742
1 0.566761 0.661236 0.057465 0.410112
1 0.404225 0.548876 0.065915 0.070787
1 0.453239 0.617416 0.027606 0.144944
1 0.499718 0.617416 0.059718 0.144944
1 0.404225 0.619663 0.065915 0.061798
1 0.404225 0.788202 0.065915 0.266292
1 0.484507 0.772472 0.090141 0.153933
