1 0.780100 0.206731 0.205686 0.174145
1 0.618729 0.208868 0.080268 0.058761
1 0.295987 0.274038 0.374582 0.174145
1 0.414716 0.474359 0.608696 0.329060
1 0.799331 0.364316 0.140468 0.108974
1 0.802676 0.485043 0.147157 0.121795
1 0.604515 0.527244 0.229097 0.178419
1 0.780100 0.612714 0.192308 0.120726
1 0.515886 0.691239 0.316054 0.149573
1 0.158027 0.681624 0.095318 0.072650
1 0.281773 0.681624 0.132107 0.072650
1 0.731605 0.772970 0.289298 0.184829
1 0.255017 0.830128 0.289298 0.211538
1 0.492475 0.819444 0.165552 0.091880
1 0.514214 0.931090 0.182274 0.099359
