1 0.679213 0.253831 0.309666 0.065726
1 0.872398 0.361895 0.060165 0.281855
1 0.381523 0.366935 0.181922 0.290323
1 0.148988 0.370565 0.272883 0.296774
1 0.593242 0.361694 0.137725 0.132258
1 0.750356 0.399597 0.167380 0.208065
1 0.593242 0.469758 0.137725 0.067742
1 0.746650 0.603024 0.182777 0.184274
1 0.871257 0.545161 0.057884 0.068548
1 0.234246 0.611492 0.184488 0.185081
1 0.093242 0.626815 0.087254 0.214113
1 0.359994 0.569355 0.057314 0.099194
1 0.853721 0.640121 0.092957 0.110081
1 0.359994 0.664113 0.057314 0.079839
1 0.679213 0.796169 0.047904 0.187500
1 0.777588 0.796169 0.139150 0.187500
1 0.875962 0.796169 0.048474 0.187500
1 0.205161 0.801411 0.126319 0.177823
1 0.232535 0.750403 0.071571 0.075806
1 0.331195 0.801411 0.114913 0.177823
1 0.092814 0.800403 0.088109 0.118548
