1 0.238127 0.288339 0.328496 0.285942
1 0.436675 0.193291 0.055409 0.095847
1 0.511873 0.239617 0.205805 0.188498
1 0.732850 0.239617 0.222955 0.188498
1 0.893799 0.392971 0.080475 0.214058
1 0.440633 0.387380 0.063325 0.087859
1 0.543536 0.391374 0.131926 0.095847
1 0.660950 0.522364 0.366755 0.357827
1 0.615435 0.420927 0.001319 0.052716
1 0.175462 0.569489 0.195251 0.257188
1 0.375989 0.571086 0.189974 0.260383
1 0.308707 0.621406 0.055409 0.159744
1 0.472296 0.663738 0.055409 0.075080
1 0.375989 0.818690 0.184697 0.212460
