1 0.829611 0.033147 0.000573 0.000799
1 0.911226 0.188099 0.161512 0.297923
1 0.629152 0.113419 0.125430 0.135783
1 0.758591 0.156949 0.124284 0.222843
1 0.123711 0.115815 0.130584 0.135783
1 0.258305 0.165335 0.129439 0.234824
1 0.682990 0.357428 0.285796 0.339457
1 0.141466 0.371805 0.222222 0.363419
1 0.807560 0.243211 0.026346 0.050319
1 0.780355 0.308706 0.080756 0.067891
1 0.290664 0.317093 0.064719 0.055911
1 0.758877 0.389776 0.037801 0.081470
1 0.801833 0.389776 0.038946 0.081470
1 0.896334 0.449681 0.174112 0.201278
1 0.229381 0.383387 0.046392 0.063898
1 0.290664 0.383387 0.064719 0.063898
1 0.412085 0.529952 0.159794 0.357029
1 0.264605 0.473642 0.116838 0.103834
1 0.650630 0.617013 0.168385 0.179712
1 0.780355 0.575879 0.081901 0.087859
1 0.211627 0.579872 0.033792 0.091054
1 0.279782 0.621406 0.086483 0.174121
1 0.607675 0.620607 0.082474 0.172524
1 0.205040 0.630990 0.115693 0.154952
1 0.843643 0.631789 0.140893 0.150160
1 0.951031 0.631789 0.064719 0.150160
1 0.100515 0.634185 0.085338 0.148562
1 0.754009 0.666534 0.029210 0.080671
1 0.901775 0.670927 0.060137 0.071885
1 0.696449 0.748403 0.077892 0.057508
1 0.906930 0.769968 0.160939 0.100639
1 0.348225 0.738019 0.033219 0.035144
