1 0.291618 0.244221 0.132541 0.071490
1 0.395737 0.356592 0.259571 0.275685
1 0.694316 0.251070 0.104988 0.062928
1 0.831497 0.459118 0.157193 0.472175
1 0.553654 0.378425 0.056265 0.232021
1 0.943735 0.328125 0.055684 0.127140
1 0.239414 0.317423 0.045534 0.055223
1 0.710412 0.368151 0.073956 0.154110
1 0.239414 0.395120 0.045534 0.091610
1 0.097883 0.433861 0.123260 0.115154
1 0.337877 0.453339 0.038283 0.053082
1 0.384136 0.490796 0.082077 0.127997
1 0.729698 0.455908 0.035383 0.052226
1 0.252610 0.500428 0.071926 0.107877
1 0.315835 0.500428 0.048144 0.107877
1 0.454321 0.520976 0.058875 0.067637
1 0.709977 0.562500 0.074826 0.144692
1 0.116589 0.601241 0.186775 0.208476
1 0.535383 0.569135 0.092807 0.136558
1 0.441560 0.626284 0.084397 0.134418
1 0.278277 0.595890 0.123260 0.071918
1 0.369345 0.595890 0.052494 0.071918
1 0.301334 0.672303 0.182715 0.061216
1 0.713892 0.672089 0.139501 0.053082
