1 0.557203 0.214710 0.385593 0.286776
1 0.148305 0.265230 0.161017 0.343239
1 0.292903 0.349926 0.128178 0.512630
1 0.835805 0.393016 0.141949 0.194651
1 0.429025 0.494056 0.148305 0.224368
1 0.629767 0.436850 0.240466 0.109955
1 0.182203 0.521545 0.093220 0.169391
1 0.097987 0.497771 0.060381 0.115899
1 0.835805 0.677563 0.141949 0.356612
1 0.545551 0.553492 0.072034 0.105498
1 0.625530 0.553492 0.075212 0.105498
1 0.709746 0.553492 0.080508 0.105498
1 0.097987 0.629272 0.060381 0.126300
1 0.296610 0.736256 0.122881 0.239227
1 0.432733 0.736256 0.136653 0.239227
1 0.600106 0.736256 0.185381 0.239227
1 0.724576 0.736256 0.050847 0.239227
1 0.180085 0.656018 0.088983 0.072808
1 0.134534 0.796434 0.167373 0.160475
