1 0.822209 0.072086 0.288838 0.067485
1 0.592060 0.372699 0.132336 0.493865
1 0.813003 0.288344 0.293441 0.325153
1 0.112198 0.226994 0.125432 0.190184
1 0.253740 0.452454 0.141542 0.641104
1 0.405639 0.368865 0.136939 0.473926
1 0.693901 0.360429 0.055236 0.180982
1 0.112198 0.417178 0.125432 0.156442
1 0.209436 0.443252 0.052934 0.107362
1 0.720944 0.575920 0.109321 0.250000
1 0.818182 0.512270 0.069045 0.101227
1 0.910242 0.512270 0.098964 0.101227
1 0.112198 0.562883 0.125432 0.113497
1 0.871692 0.678681 0.176064 0.207055
1 0.405639 0.697853 0.136939 0.150307
1 0.610472 0.744632 0.169160 0.228528
1 0.112198 0.702454 0.125432 0.141104
1 0.741082 0.747699 0.069045 0.069018
