1 0.214730 0.072978 0.304979 0.098619
1 0.481328 0.204142 0.356846 0.349112
1 0.609959 0.080868 0.099585 0.102564
1 0.792531 0.108481 0.244813 0.157791
1 0.214730 0.198225 0.304979 0.128205
1 0.792531 0.289941 0.244813 0.169625
1 0.178423 0.308679 0.232365 0.159763
1 0.633817 0.327416 0.051867 0.094675
1 0.215768 0.368836 0.157676 0.039448
1 0.211618 0.575937 0.278008 0.284024
1 0.304979 0.467456 0.091286 0.067061
1 0.460581 0.534517 0.199170 0.201183
1 0.748963 0.572978 0.356846 0.278107
1 0.460581 0.724852 0.199170 0.159763
1 0.678423 0.764300 0.186722 0.080868
1 0.854772 0.763314 0.145228 0.078895
1 0.155602 0.766272 0.165975 0.076923
1 0.299793 0.766272 0.101660 0.076923
1 0.208506 0.866864 0.080913 0.104536
1 0.287344 0.866864 0.056017 0.104536
1 0.367220 0.866864 0.082988 0.104536
1 0.520747 0.866864 0.203320 0.104536
1 0.674274 0.866864 0.082988 0.104536
1 0.539419 0.913215 0.062241 0.011834
