1 0.061856 0.026838 0.099656 0.053676
1 0.240120 0.056985 0.243127 0.113971
1 0.410223 0.056985 0.088488 0.113971
1 0.611254 0.056985 0.304983 0.113971
1 0.048540 0.075000 0.042096 0.035294
1 0.418814 0.180147 0.689863 0.245588
1 0.048540 0.108456 0.042096 0.028676
1 0.048540 0.140074 0.042096 0.030147
1 0.048540 0.170956 0.042096 0.027206
1 0.087199 0.270956 0.150344 0.190441
1 0.192010 0.192647 0.047251 0.033824
1 0.226804 0.270956 0.116838 0.190441
1 0.336340 0.270956 0.140034 0.190441
1 0.483677 0.270956 0.147766 0.190441
1 0.587199 0.199632 0.052405 0.047794
1 0.192010 0.226838 0.047251 0.028676
1 0.719072 0.295588 0.089347 0.141176
1 0.614691 0.296324 0.107388 0.139706
1 0.064433 0.441176 0.104811 0.064706
1 0.221649 0.472059 0.197595 0.126471
1 0.396478 0.472059 0.141753 0.126471
1 0.545962 0.472059 0.150344 0.126471
1 0.694588 0.472059 0.140034 0.126471
1 0.039948 0.493015 0.055842 0.028676
1 0.372423 0.539706 0.602234 0.122059
1 0.039948 0.524265 0.055842 0.029412
1 0.039948 0.555147 0.055842 0.029412
1 0.720790 0.664706 0.087629 0.248529
1 0.039948 0.586397 0.055842 0.028676
1 0.166237 0.692647 0.308419 0.192647
1 0.421821 0.692647 0.189003 0.192647
1 0.596220 0.692647 0.147766 0.192647
1 0.294244 0.765074 0.052405 0.047794
1 0.489691 0.765809 0.053265 0.046324
1 0.643471 0.766544 0.053265 0.044853
