1 0.706971 0.058553 0.032079 0.029851
1 0.085441 0.122273 0.043800 0.063146
1 0.755398 0.224455 0.186922 0.253731
1 0.907156 0.224455 0.107958 0.253731
1 0.201110 0.220436 0.080197 0.243398
1 0.353177 0.220436 0.210364 0.243398
1 0.095928 0.265786 0.103023 0.198622
1 0.595620 0.211825 0.109192 0.090700
1 0.564158 0.319747 0.046268 0.104478
1 0.620296 0.315155 0.054904 0.095293
1 0.251388 0.475890 0.413942 0.242250
1 0.700185 0.482778 0.076496 0.246843
1 0.821715 0.438576 0.159161 0.158439
1 0.933066 0.389782 0.056138 0.060850
1 0.598705 0.431114 0.115361 0.104478
1 0.841456 0.513203 0.067859 0.185993
1 0.920419 0.513203 0.081431 0.185993
1 0.520666 0.454076 0.018507 0.063146
1 0.598705 0.551091 0.115361 0.110218
1 0.755089 0.566590 0.025910 0.079219
1 0.787785 0.566590 0.030845 0.079219
1 0.095312 0.741676 0.101789 0.264064
1 0.597162 0.754305 0.112276 0.273249
1 0.787785 0.652124 0.039482 0.050517
