1 0.360346 0.149380 0.218725 0.156708
1 0.140441 0.208568 0.206924 0.229989
1 0.566876 0.366404 0.200629 0.365276
1 0.357592 0.332582 0.205350 0.164600
1 0.736428 0.360767 0.129032 0.220970
1 0.886703 0.394589 0.158930 0.288613
1 0.140441 0.541150 0.206924 0.417136
1 0.311959 0.503946 0.106216 0.155581
1 0.414634 0.489853 0.091267 0.127396
1 0.733674 0.600338 0.134540 0.240135
1 0.842250 0.592446 0.070024 0.089064
1 0.924862 0.592446 0.082612 0.089064
1 0.546420 0.710259 0.239969 0.322435
1 0.337530 0.696167 0.165224 0.267193
1 0.868214 0.737880 0.195909 0.183766
1 0.717939 0.779594 0.092054 0.100338
1 0.704563 0.895152 0.169158 0.085682
