1 0.686842 0.115741 0.568421 0.127778
1 0.284211 0.270370 0.178947 0.155556
1 0.555263 0.306481 0.342105 0.227778
1 0.850000 0.254630 0.231579 0.124074
1 0.785526 0.362037 0.102632 0.079630
1 0.905263 0.402778 0.121053 0.161111
1 0.443421 0.414815 0.118421 0.129630
1 0.230263 0.387037 0.071053 0.066667
1 0.323684 0.387037 0.100000 0.066667
1 0.785526 0.474074 0.102632 0.129630
1 0.614474 0.479630 0.223684 0.118519
1 0.284211 0.482407 0.178947 0.112963
1 0.439474 0.512963 0.110526 0.051852
1 0.905263 0.514815 0.121053 0.048148
1 0.565789 0.749074 0.373684 0.398148
1 0.867105 0.622222 0.197368 0.144444
1 0.861842 0.826852 0.218421 0.242593
