1 0.444661 0.127439 0.282552 0.140244
1 0.347005 0.362195 0.490885 0.287805
1 0.693359 0.361585 0.201823 0.286585
1 0.203776 0.450610 0.204427 0.193902
1 0.462891 0.644512 0.311198 0.276829
1 0.486979 0.566463 0.184896 0.103659
1 0.636068 0.566463 0.092448 0.103659
1 0.743490 0.566463 0.101562 0.103659
1 0.147786 0.601220 0.092448 0.087805
1 0.250000 0.601220 0.091146 0.087805
1 0.711589 0.747561 0.165365 0.241463
1 0.198568 0.762195 0.194010 0.212195
1 0.511068 0.790244 0.214844 0.156098
1 0.350911 0.829878 0.087240 0.076829
1 0.141927 0.945732 0.096354 0.108537
1 0.319661 0.931707 0.238281 0.080488
