1 0.077289 0.279785 0.090842 0.162109
1 0.215018 0.279785 0.169231 0.162109
1 0.395238 0.306152 0.175092 0.214844
1 0.608242 0.306641 0.167399 0.215820
1 0.721429 0.239014 0.043590 0.080566
1 0.781685 0.282471 0.060806 0.167480
1 0.747070 0.513184 0.445055 0.628906
1 0.721429 0.327881 0.043590 0.076660
1 0.191575 0.373047 0.055678 0.081055
1 0.263553 0.373047 0.072161 0.081055
1 0.093773 0.434814 0.123810 0.127441
1 0.323260 0.456299 0.319048 0.064941
1 0.218315 0.613770 0.372894 0.230469
1 0.447619 0.614014 0.070330 0.229980
1 0.156410 0.700684 0.249084 0.252930
1 0.319231 0.714600 0.061172 0.028809
1 0.872527 0.783691 0.184615 0.087891
