1 0.373939 0.268033 0.177419 0.100000
1 0.662564 0.538525 0.214771 0.414754
1 0.187606 0.446721 0.152801 0.218033
1 0.320458 0.519672 0.112903 0.363934
1 0.364601 0.446721 0.072156 0.218033
1 0.431664 0.393443 0.055178 0.111475
1 0.839559 0.455738 0.130730 0.190164
1 0.424873 0.504918 0.063667 0.101639
1 0.234295 0.540164 0.054329 0.031148
1 0.206706 0.669672 0.114601 0.227869
1 0.839559 0.652459 0.130730 0.186885
1 0.419779 0.673770 0.078947 0.219672
1 0.542869 0.672951 0.080645 0.218033
1 0.100594 0.687705 0.078947 0.227869
1 0.736842 0.685246 0.066214 0.121311
1 0.353141 0.724590 0.047538 0.118033
1 0.295416 0.746721 0.061121 0.073770
1 0.306452 0.856557 0.112054 0.109836
