1 0.259259 0.329719 0.434473 0.511480
1 0.267806 0.329082 0.135328 0.336735
1 0.380698 0.242347 0.090456 0.163265
1 0.799145 0.330357 0.225071 0.336735
1 0.352920 0.378827 0.034900 0.084184
1 0.378917 0.417092 0.094017 0.160714
1 0.644943 0.505102 0.070513 0.163265
1 0.078348 0.663265 0.072650 0.132653
1 0.170584 0.721939 0.118946 0.250000
1 0.254986 0.635204 0.035613 0.076531
1 0.303063 0.635204 0.051994 0.076531
1 0.566239 0.724490 0.072650 0.250000
1 0.658476 0.724490 0.117521 0.250000
1 0.769587 0.724490 0.090456 0.250000
1 0.283120 0.765306 0.091880 0.163265
1 0.073362 0.793367 0.062678 0.107143
