1 0.744670 0.096824 0.114721 0.131382
1 0.276396 0.104296 0.115228 0.143836
1 0.613959 0.161582 0.079695 0.147572
1 0.679188 0.125156 0.044670 0.074720
1 0.861168 0.145081 0.111168 0.113325
1 0.193401 0.161893 0.180711 0.145704
1 0.392386 0.136675 0.107614 0.090286
1 0.485787 0.184620 0.062944 0.060399
1 0.365228 0.196451 0.053299 0.076588
1 0.729442 0.275841 0.145178 0.217933
1 0.310660 0.207659 0.045685 0.054172
1 0.128680 0.284558 0.188325 0.200498
1 0.422081 0.209838 0.053299 0.049813
1 0.838325 0.234122 0.065482 0.056040
1 0.895685 0.234122 0.042132 0.056040
1 0.492640 0.279888 0.068528 0.106476
1 0.266497 0.309776 0.134010 0.150062
1 0.629442 0.311644 0.110660 0.146326
1 0.393147 0.279888 0.111168 0.080324
1 0.861168 0.325654 0.111168 0.118306
1 0.364213 0.354919 0.053299 0.059776
1 0.421827 0.354919 0.053807 0.059776
1 0.307868 0.407223 0.424873 0.148194
1 0.745431 0.435554 0.119289 0.077833
1 0.492893 0.555729 0.104569 0.080324
1 0.527157 0.643524 0.173096 0.255915
1 0.421827 0.558531 0.026396 0.038605
1 0.527157 0.849004 0.185279 0.140100
