1 0.682642 0.195719 0.380829 0.064220
1 0.222798 0.283639 0.155440 0.074924
1 0.582902 0.366208 0.538860 0.240061
1 0.222798 0.387615 0.155440 0.120795
1 0.418394 0.437309 0.209845 0.155963
1 0.222798 0.484709 0.155440 0.061162
1 0.660622 0.579511 0.383420 0.186544
1 0.733161 0.602446 0.238342 0.217125
1 0.222798 0.546636 0.155440 0.050459
1 0.386010 0.546636 0.145078 0.050459
1 0.301813 0.644495 0.313472 0.133028
1 0.536269 0.694954 0.134715 0.032110
1 0.205959 0.822630 0.132124 0.201835
1 0.555699 0.756116 0.111399 0.056575
