1 0.203606 0.224252 0.085650 0.147287
1 0.285500 0.212625 0.061608 0.124031
1 0.394816 0.289037 0.143501 0.276855
1 0.562359 0.289037 0.178062 0.276855
1 0.748310 0.334441 0.195342 0.367663
1 0.288129 0.413068 0.099925 0.210410
1 0.214125 0.368217 0.106687 0.118494
1 0.375282 0.477852 0.060856 0.080842
1 0.531555 0.533776 0.238167 0.192691
1 0.195342 0.478405 0.069121 0.079734
1 0.283246 0.636213 0.244929 0.215947
1 0.577385 0.681063 0.175056 0.305648
1 0.758828 0.681063 0.174305 0.305648
1 0.447784 0.692137 0.070624 0.104097
1 0.452667 0.812292 0.102930 0.089701
