1 0.194704 0.198333 0.267913 0.056667
1 0.313863 0.384444 0.500000 0.284444
1 0.679907 0.321111 0.216511 0.157778
1 0.471184 0.455556 0.185358 0.142222
1 0.622274 0.465556 0.101246 0.122222
1 0.735202 0.457222 0.099688 0.101111
1 0.665888 0.577222 0.244548 0.123333
1 0.845016 0.560556 0.070093 0.078889
1 0.406542 0.642222 0.261682 0.231111
1 0.114486 0.577778 0.101246 0.088889
1 0.220405 0.577778 0.098131 0.088889
1 0.199377 0.725556 0.271028 0.195556
1 0.636293 0.734444 0.303738 0.177778
1 0.408879 0.793333 0.132399 0.060000
1 0.125389 0.905556 0.126168 0.131111
1 0.327882 0.881667 0.247664 0.083333
