1 0.747126 0.126707 0.068966 0.059181
1 0.744572 0.272382 0.383142 0.192716
1 0.225415 0.373293 0.254151 0.367223
1 0.420817 0.259484 0.118774 0.139605
1 0.875479 0.427921 0.121328 0.197269
1 0.420817 0.408194 0.118774 0.139605
1 0.709451 0.550076 0.312899 0.362671
1 0.260536 0.431715 0.183908 0.092564
1 0.289272 0.654780 0.381865 0.308042
1 0.290549 0.564492 0.037037 0.127466
1 0.398467 0.564492 0.163474 0.127466
1 0.903576 0.573596 0.065134 0.078907
1 0.628991 0.688923 0.151980 0.251897
1 0.051724 0.710167 0.052363 0.251897
1 0.859515 0.717754 0.153257 0.194234
1 0.743934 0.776935 0.065134 0.075873
1 0.743295 0.864188 0.076628 0.059181
