1 0.481338 0.275091 0.754183 0.419589
1 0.458172 0.318622 0.290862 0.204353
1 0.404762 0.525393 0.158301 0.172914
1 0.618404 0.564692 0.258687 0.251511
1 0.806950 0.564087 0.118404 0.250302
1 0.369369 0.652963 0.087516 0.072551
1 0.451094 0.652963 0.065637 0.072551
1 0.530888 0.744861 0.083655 0.108827
1 0.404762 0.773277 0.158301 0.158404
1 0.642857 0.773277 0.129987 0.158404
1 0.749678 0.731560 0.073359 0.074970
1 0.828829 0.732769 0.069498 0.072551
1 0.789575 0.813180 0.153153 0.078597
1 0.530888 0.828900 0.083655 0.047158
1 0.842342 0.919589 0.075933 0.097944
