1 0.109601 0.134956 0.141304 0.194690
1 0.171196 0.054757 0.018116 0.034292
1 0.253623 0.111173 0.135870 0.147124
1 0.390851 0.163717 0.127717 0.252212
1 0.636322 0.073562 0.270833 0.071903
1 0.841486 0.158739 0.128623 0.242257
1 0.710145 0.136062 0.123188 0.117257
1 0.171196 0.094580 0.018116 0.032080
1 0.572011 0.231748 0.142210 0.231195
1 0.171649 0.174779 0.017210 0.030973
1 0.248641 0.211836 0.051630 0.040929
1 0.286685 0.283739 0.067935 0.184735
1 0.171649 0.214602 0.017210 0.035398
1 0.703804 0.236173 0.050725 0.071903
1 0.710145 0.273783 0.123188 0.147124
1 0.142663 0.327987 0.207428 0.178097
1 0.660779 0.263274 0.024457 0.017699
1 0.690670 0.265487 0.024457 0.013274
1 0.841486 0.352323 0.128623 0.131637
1 0.390851 0.357301 0.127717 0.119469
1 0.661232 0.386062 0.320652 0.064159
1 0.262228 0.400442 0.019022 0.033186
1 0.298913 0.400442 0.043478 0.033186
1 0.323370 0.472345 0.123188 0.097345
1 0.586504 0.533739 0.171196 0.140487
1 0.728714 0.518252 0.102355 0.109513
1 0.811141 0.555863 0.051630 0.184735
1 0.875000 0.555863 0.065217 0.184735
1 0.569746 0.610619 0.137681 0.075221
1 0.728714 0.613385 0.102355 0.069690
1 0.640399 0.741150 0.278986 0.172566
1 0.811141 0.712942 0.051630 0.116150
1 0.875000 0.680863 0.065217 0.051991
1 0.875000 0.742257 0.065217 0.057522
1 0.846467 0.802544 0.122283 0.049779
1 0.781703 0.882190 0.115942 0.096239
