1 0.585131 0.099217 0.160045 0.057441
1 0.767877 0.392950 0.296254 0.644909
1 0.842792 0.099217 0.146425 0.057441
1 0.140749 0.207572 0.167991 0.268930
1 0.292849 0.254569 0.122588 0.362924
1 0.413734 0.171018 0.107832 0.195822
1 0.567537 0.267624 0.124858 0.253264
1 0.861521 0.267624 0.108967 0.253264
1 0.413734 0.356397 0.107832 0.148825
1 0.140749 0.528721 0.167991 0.373368
1 0.567537 0.528721 0.124858 0.242820
1 0.861521 0.519582 0.108967 0.224543
1 0.391033 0.479112 0.062429 0.075718
1 0.447787 0.479112 0.039728 0.075718
1 0.349603 0.582245 0.236095 0.266319
1 0.609535 0.689295 0.208854 0.052219
1 0.286039 0.805483 0.108967 0.138381
