1 0.146220 0.347079 0.189729 0.573883
1 0.310271 0.185567 0.124108 0.237113
1 0.424394 0.116838 0.089872 0.099656
1 0.424394 0.238832 0.089872 0.130584
1 0.651213 0.467354 0.158345 0.316151
1 0.814551 0.393471 0.154066 0.168385
1 0.308131 0.469931 0.322397 0.314433
1 0.531384 0.556701 0.067047 0.151203
1 0.786020 0.555842 0.211127 0.139175
1 0.840228 0.532646 0.102710 0.092784
1 0.230385 0.581615 0.166904 0.152921
1 0.352354 0.708763 0.077033 0.163230
1 0.650499 0.710481 0.156919 0.152921
1 0.813837 0.710481 0.155492 0.152921
1 0.433666 0.664948 0.071327 0.058419
1 0.171897 0.728522 0.049929 0.123711
1 0.255350 0.728522 0.102710 0.123711
1 0.433666 0.746564 0.071327 0.087629
1 0.308131 0.837629 0.293866 0.080756
