1 0.155300 0.276163 0.101890 0.281008
1 0.271569 0.439922 0.122432 0.608527
1 0.390715 0.250000 0.237469 0.228682
1 0.749384 0.440891 0.129827 0.606589
1 0.629417 0.337209 0.100247 0.267442
1 0.805670 0.335271 0.115859 0.263566
1 0.862366 0.358527 0.140509 0.310078
1 0.395645 0.554264 0.125719 0.379845
1 0.286360 0.637597 0.495481 0.531008
1 0.177075 0.510659 0.145440 0.168605
1 0.607231 0.574612 0.055875 0.207364
1 0.659408 0.575581 0.040263 0.205426
1 0.875103 0.633721 0.115037 0.220930
1 0.130649 0.652132 0.047658 0.176357
1 0.186935 0.651163 0.056697 0.174419
1 0.237469 0.674419 0.036154 0.139535
1 0.753903 0.828488 0.115859 0.133721
