1 0.517838 0.370798 0.051417 0.552521
1 0.617524 0.201681 0.064008 0.201681
1 0.115950 0.209034 0.068206 0.199580
1 0.181532 0.343487 0.298006 0.447479
1 0.406086 0.201681 0.138510 0.163866
1 0.758657 0.344538 0.195173 0.336134
1 0.905561 0.304622 0.146905 0.256303
1 0.371983 0.398109 0.070304 0.212185
1 0.443861 0.398109 0.062959 0.212185
1 0.645855 0.515756 0.114376 0.384454
1 0.279643 0.555672 0.101784 0.447479
1 0.218783 0.442227 0.019937 0.144958
1 0.905037 0.574580 0.147954 0.266807
1 0.407660 0.648109 0.145855 0.262605
1 0.728751 0.614496 0.043022 0.186975
1 0.790661 0.614496 0.072403 0.186975
1 0.160546 0.673319 0.136411 0.212185
1 0.334732 0.713235 0.054565 0.132353
1 0.268101 0.870798 0.101784 0.136555
