1 0.917094 0.188576 0.090598 0.302034
1 0.327350 0.136150 0.210256 0.178404
1 0.529060 0.171362 0.176068 0.248826
1 0.675214 0.114241 0.099145 0.134585
1 0.793162 0.171362 0.116239 0.248826
1 0.675214 0.242567 0.099145 0.106416
1 0.328205 0.391236 0.211966 0.319249
1 0.524786 0.401408 0.184615 0.192488
1 0.738462 0.432707 0.225641 0.251956
1 0.525641 0.542254 0.182906 0.151800
1 0.323932 0.633803 0.203419 0.150235
1 0.737607 0.637715 0.227350 0.142410
1 0.478632 0.668232 0.088889 0.081377
1 0.573504 0.668232 0.087179 0.081377
1 0.152137 0.767606 0.184615 0.073552
1 0.368376 0.855243 0.312821 0.248826
1 0.459829 0.769953 0.129915 0.078247
1 0.131624 0.897496 0.143590 0.164319
