1 0.139924 0.145107 0.210360 0.128234
1 0.399558 0.259280 0.278585 0.316085
1 0.631712 0.252531 0.176879 0.302587
1 0.815856 0.252531 0.181301 0.302587
1 0.074858 0.310461 0.054959 0.150731
1 0.181617 0.346457 0.147189 0.222722
1 0.110234 0.509561 0.115603 0.227222
1 0.401769 0.642295 0.283007 0.449944
1 0.657928 0.479190 0.229311 0.121485
1 0.820910 0.574241 0.171194 0.311586
1 0.213834 0.547807 0.075174 0.157480
1 0.584649 0.642295 0.109286 0.175478
1 0.686671 0.642295 0.084649 0.175478
1 0.151295 0.756468 0.207833 0.221597
1 0.646873 0.859393 0.242577 0.204724
