1 0.166480 0.352487 0.270391 0.530017
1 0.631285 0.221269 0.069274 0.253859
1 0.334078 0.231561 0.198883 0.253859
1 0.481006 0.231561 0.094972 0.253859
1 0.774302 0.232419 0.194413 0.252144
1 0.864804 0.266724 0.212291 0.320755
1 0.800559 0.331904 0.148603 0.053173
1 0.679888 0.449400 0.148603 0.171527
1 0.196648 0.452830 0.064804 0.171527
1 0.273184 0.452830 0.077095 0.171527
1 0.361453 0.421955 0.090503 0.109777
1 0.459218 0.483705 0.143017 0.233276
1 0.793855 0.512864 0.070391 0.157804
1 0.902793 0.515437 0.136313 0.162950
1 0.349162 0.539451 0.065922 0.108062
1 0.355307 0.827616 0.207821 0.180103
1 0.499441 0.835334 0.062570 0.164666
