1 0.794335 0.142202 0.169951 0.196330
1 0.915025 0.177982 0.049261 0.088073
1 0.197660 0.279817 0.084975 0.273394
1 0.339901 0.279817 0.187192 0.273394
1 0.497537 0.258716 0.115764 0.231193
1 0.630542 0.291743 0.137931 0.297248
1 0.101601 0.329358 0.087438 0.313761
1 0.794335 0.454128 0.169951 0.427523
1 0.341749 0.567890 0.190887 0.372477
1 0.496305 0.507339 0.118227 0.251376
1 0.197660 0.522936 0.084975 0.194495
1 0.594212 0.492661 0.065271 0.089908
1 0.666256 0.492661 0.066502 0.089908
1 0.616995 0.649541 0.165025 0.209174
1 0.197660 0.691743 0.084975 0.124771
1 0.485837 0.698165 0.087438 0.111927
1 0.551724 0.831193 0.623153 0.293578
