1 0.417690 0.109249 0.144963 0.063003
1 0.326167 0.111260 0.023342 0.058981
1 0.821867 0.109920 0.093366 0.045576
1 0.744472 0.205764 0.036855 0.132708
1 0.825553 0.211126 0.117936 0.143432
1 0.902334 0.211126 0.028256 0.143432
1 0.420147 0.221180 0.189189 0.144772
1 0.667690 0.343164 0.104423 0.152815
1 0.750614 0.308311 0.049140 0.064343
1 0.775184 0.410188 0.098280 0.268097
1 0.265971 0.332440 0.104423 0.091153
1 0.856880 0.327078 0.089681 0.080429
1 0.465602 0.341823 0.098280 0.096515
1 0.377150 0.390751 0.103194 0.186327
1 0.401106 0.379357 0.045455 0.053619
1 0.872850 0.457775 0.087224 0.172922
1 0.265971 0.410858 0.104423 0.057641
1 0.471744 0.439008 0.085995 0.089812
1 0.536241 0.457105 0.025799 0.058981
1 0.245086 0.514075 0.148649 0.135389
1 0.374693 0.520777 0.098280 0.063003
1 0.450246 0.520777 0.042998 0.063003
1 0.495086 0.520777 0.039312 0.063003
