1 0.368613 0.203390 0.222628 0.263653
1 0.096715 0.224105 0.116788 0.109228
1 0.206204 0.195857 0.087591 0.052731
1 0.233577 0.338041 0.142336 0.216573
1 0.096715 0.369115 0.116788 0.154426
1 0.878650 0.412429 0.202555 0.241055
1 0.587591 0.443503 0.343066 0.273070
1 0.360401 0.378531 0.096715 0.071563
1 0.312044 0.497175 0.193431 0.150659
1 0.160584 0.651601 0.244526 0.399247
1 0.865876 0.653484 0.198905 0.210923
1 0.487226 0.635593 0.543796 0.111111
1 0.644161 0.771186 0.229927 0.160075
1 0.328467 0.751412 0.072993 0.105461
1 0.447080 0.751412 0.149635 0.105461
1 0.865876 0.808851 0.198905 0.084746
1 0.407847 0.888889 0.253650 0.139360
