1 0.695026 0.129762 0.091623 0.083333
1 0.451571 0.302381 0.274869 0.228571
1 0.760471 0.426190 0.327225 0.476190
1 0.184555 0.316667 0.222513 0.114286
1 0.184555 0.620238 0.222513 0.473810
1 0.518325 0.458333 0.141361 0.069048
1 0.373037 0.480952 0.117801 0.104762
1 0.621728 0.634524 0.201571 0.288095
1 0.451571 0.575000 0.274869 0.150000
1 0.413613 0.765476 0.198953 0.216667
1 0.827225 0.767857 0.193717 0.211905
1 0.566754 0.829762 0.091623 0.088095
1 0.670157 0.829762 0.099476 0.088095
1 0.667539 0.922619 0.104712 0.064286
