1 0.613120 0.150243 0.126531 0.211659
1 0.730612 0.075642 0.089796 0.062457
1 0.849563 0.109646 0.131778 0.130465
1 0.168222 0.128036 0.124198 0.164469
1 0.353353 0.127689 0.227405 0.163775
1 0.730612 0.209577 0.089796 0.194310
1 0.815160 0.209577 0.062974 0.059681
1 0.883965 0.209577 0.062974 0.059681
1 0.168222 0.312977 0.124198 0.205413
1 0.256268 0.245316 0.033236 0.053435
1 0.288921 0.317141 0.098542 0.197085
1 0.406414 0.317141 0.121283 0.197085
1 0.849563 0.329285 0.131778 0.167245
1 0.613120 0.339695 0.126531 0.146426
1 0.062974 0.343164 0.057143 0.060375
1 0.730612 0.363983 0.089796 0.097849
1 0.288630 0.472588 0.097959 0.079112
1 0.623032 0.655795 0.110204 0.149896
1 0.706122 0.611034 0.038484 0.060375
1 0.760641 0.617280 0.062391 0.072866
1 0.847813 0.617280 0.095627 0.072866
1 0.201458 0.717557 0.102041 0.251214
1 0.309329 0.650590 0.099708 0.117280
1 0.417201 0.717557 0.102041 0.251214
1 0.739359 0.688411 0.104956 0.084663
1 0.815743 0.692228 0.031487 0.077030
1 0.865889 0.695003 0.059475 0.071478
1 0.309329 0.780361 0.099708 0.125607
1 0.731778 0.832061 0.327697 0.181818
