1 0.267285 0.232346 0.119730 0.141230
1 0.413997 0.225513 0.160202 0.127563
1 0.586847 0.291572 0.128162 0.259681
1 0.709949 0.291572 0.101180 0.259681
1 0.784148 0.220957 0.047218 0.118451
1 0.267285 0.321185 0.119730 0.195900
1 0.560708 0.337130 0.075885 0.168565
1 0.159359 0.365604 0.082631 0.179954
1 0.784148 0.355353 0.047218 0.132118
1 0.353288 0.359909 0.038786 0.118451
1 0.398820 0.359909 0.035413 0.118451
1 0.458685 0.359909 0.070826 0.118451
1 0.675379 0.389522 0.032040 0.063781
1 0.290051 0.525057 0.165261 0.189066
1 0.437605 0.525057 0.112985 0.189066
1 0.555649 0.526196 0.065767 0.186788
1 0.674536 0.526196 0.172007 0.186788
1 0.788364 0.526196 0.038786 0.186788
