1 0.504043 0.472826 0.923630 0.853865
1 0.191375 0.241546 0.097035 0.099034
1 0.297394 0.297101 0.159928 0.210145
1 0.507188 0.471618 0.248877 0.559179
1 0.691824 0.283816 0.163522 0.183575
1 0.805481 0.237319 0.053010 0.090580
1 0.884996 0.321256 0.147350 0.258454
1 0.805481 0.332729 0.053010 0.085749
1 0.176999 0.350242 0.068284 0.103865
1 0.663971 0.423309 0.107817 0.080918
1 0.705301 0.567029 0.201258 0.368357
1 0.213387 0.490338 0.141060 0.159420
1 0.358940 0.474034 0.150045 0.126812
1 0.848158 0.494565 0.073675 0.073671
1 0.924528 0.494565 0.068284 0.073671
1 0.884996 0.644928 0.147350 0.212560
1 0.316262 0.584541 0.053908 0.079710
1 0.406559 0.647947 0.115903 0.206522
1 0.187781 0.664251 0.089847 0.173913
1 0.290656 0.660628 0.105121 0.166667
1 0.671608 0.687198 0.069182 0.128019
