1 0.149616 0.188000 0.167945 0.187200
1 0.238278 0.188000 0.000853 0.187200
1 0.276641 0.188000 0.075874 0.187200
1 0.363598 0.188000 0.089514 0.187200
1 0.576300 0.128000 0.092072 0.067200
1 0.659420 0.264000 0.079284 0.339200
1 0.742967 0.264000 0.079284 0.339200
1 0.825661 0.128000 0.089514 0.067200
1 0.576300 0.246400 0.092072 0.156800
1 0.616795 0.174400 0.011083 0.012800
1 0.786019 0.176000 0.010230 0.012800
1 0.825661 0.301600 0.089514 0.264000
1 0.616795 0.197600 0.011083 0.024000
1 0.786019 0.197600 0.010230 0.024000
1 0.616795 0.224000 0.011083 0.022400
1 0.786019 0.224800 0.010230 0.024000
1 0.090367 0.360000 0.049446 0.140800
1 0.134271 0.321600 0.029838 0.064000
1 0.193521 0.360000 0.080136 0.140800
1 0.255754 0.331200 0.035806 0.083200
1 0.298380 0.320800 0.042626 0.062400
1 0.322251 0.308800 0.006820 0.038400
1 0.341006 0.323200 0.030691 0.067200
1 0.384484 0.360000 0.047741 0.140800
1 0.440324 0.360800 0.050298 0.142400
1 0.572890 0.382400 0.085251 0.102400
1 0.297101 0.392800 0.118500 0.075200
1 0.136402 0.396000 0.034101 0.068800
1 0.586104 0.409600 0.058824 0.048000
1 0.815857 0.409600 0.057971 0.048000
1 0.126598 0.488800 0.075874 0.091200
1 0.392583 0.800800 0.074169 0.148800
1 0.474851 0.800800 0.081841 0.148800
1 0.304774 0.779200 0.092924 0.092800
1 0.561807 0.780800 0.075021 0.096000
1 0.304774 0.825600 0.092924 0.099200
1 0.561807 0.826400 0.083546 0.097600
