1 0.373946 0.193878 0.113828 0.228200
1 0.481450 0.185529 0.094435 0.211503
1 0.197723 0.348794 0.137437 0.115028
1 0.457841 0.365492 0.047218 0.126160
1 0.506324 0.365492 0.044688 0.126160
1 0.352867 0.538033 0.155987 0.460111
1 0.331366 0.504638 0.114671 0.244898
1 0.669899 0.635436 0.220067 0.469388
1 0.880691 0.635436 0.188027 0.469388
1 0.098651 0.487941 0.128162 0.126160
1 0.219646 0.512059 0.108769 0.174397
1 0.481450 0.547310 0.094435 0.222635
1 0.151349 0.602968 0.022766 0.092764
1 0.082209 0.726345 0.098651 0.317254
1 0.176644 0.679963 0.073356 0.150278
1 0.245363 0.674397 0.053963 0.139147
1 0.303541 0.750464 0.057336 0.235622
1 0.481450 0.767161 0.094435 0.202226
1 0.737352 0.771800 0.085160 0.196660
1 0.354975 0.820965 0.038786 0.094620
1 0.404300 0.820965 0.053120 0.094620
1 0.199410 0.831169 0.135750 0.107607
1 0.392074 0.935065 0.092749 0.100186
