1 0.306847 0.192629 0.103643 0.208967
1 0.408291 0.153495 0.091709 0.130699
1 0.484925 0.138678 0.054020 0.101064
1 0.552764 0.158815 0.109296 0.141337
1 0.217965 0.226064 0.057789 0.111702
1 0.422111 0.294833 0.144472 0.202128
1 0.552764 0.299392 0.109296 0.130699
1 0.300565 0.333207 0.091080 0.063070
1 0.280151 0.590805 0.189698 0.281915
1 0.379711 0.574848 0.253141 0.180091
1 0.558417 0.599544 0.096734 0.130699
1 0.771671 0.578267 0.112437 0.066869
1 0.664887 0.752660 0.101131 0.281915
1 0.773869 0.649696 0.105528 0.062310
1 0.307789 0.726824 0.109296 0.166413
1 0.391332 0.691869 0.056533 0.044833
1 0.427450 0.739742 0.130025 0.140578
1 0.551508 0.704407 0.110553 0.069909
1 0.773869 0.786094 0.105528 0.201368
1 0.526068 0.776976 0.059673 0.066109
1 0.583229 0.776976 0.047111 0.066109
1 0.398555 0.817249 0.070980 0.047872
1 0.453518 0.856763 0.321608 0.073708
