1 0.281601 0.344780 0.108146 0.302198
1 0.089185 0.339286 0.053371 0.192308
1 0.171348 0.366071 0.105337 0.245879
1 0.411166 0.369505 0.150983 0.252747
1 0.580758 0.495879 0.122191 0.233516
1 0.701896 0.420330 0.111657 0.082418
1 0.812851 0.495879 0.103230 0.233516
1 0.048806 0.410714 0.010534 0.060440
1 0.088834 0.464973 0.052669 0.048077
1 0.701896 0.617445 0.111657 0.298077
1 0.088834 0.532280 0.052669 0.072802
1 0.171348 0.629808 0.105337 0.267857
1 0.307935 0.594093 0.160815 0.196429
1 0.439256 0.633242 0.094803 0.260989
1 0.088834 0.620879 0.052669 0.090659
1 0.364115 0.662088 0.048455 0.107143
1 0.577949 0.655220 0.120787 0.054945
1 0.672753 0.697115 0.053371 0.138736
1 0.816011 0.655220 0.101124 0.054945
1 0.323385 0.669643 0.025983 0.081044
1 0.309691 0.699176 0.053371 0.129121
1 0.087079 0.717720 0.049157 0.092033
1 0.253511 0.731456 0.051966 0.064560
1 0.364115 0.742445 0.048455 0.042582
1 0.281952 0.841346 0.115871 0.125000
