1 0.316286 0.337037 0.414101 0.227778
1 0.334657 0.520370 0.397219 0.233333
1 0.594836 0.551389 0.123138 0.171296
1 0.739821 0.549074 0.154916 0.166667
1 0.468222 0.684722 0.122145 0.095370
1 0.660874 0.658333 0.263158 0.042593
1 0.201589 0.723148 0.131082 0.170370
1 0.337140 0.723148 0.128103 0.170370
1 0.807845 0.657407 0.018868 0.038889
1 0.857001 0.677778 0.049652 0.079630
1 0.784508 0.710648 0.065541 0.062037
1 0.560079 0.706944 0.049652 0.050926
1 0.621152 0.744907 0.108242 0.126852
1 0.713505 0.711574 0.064548 0.060185
1 0.484111 0.773148 0.153923 0.070370
1 0.713505 0.777778 0.064548 0.061111
1 0.784508 0.779167 0.065541 0.063889
1 0.483615 0.863426 0.152929 0.080556
