1 0.583817 0.173484 0.389212 0.138223
1 0.880083 0.188999 0.175104 0.124118
1 0.210788 0.286319 0.323651 0.307475
1 0.437759 0.420310 0.130290 0.299013
1 0.542739 0.420310 0.069710 0.299013
1 0.622822 0.337094 0.077178 0.132581
1 0.686307 0.547955 0.205809 0.554302
1 0.880083 0.375176 0.170124 0.208745
1 0.127801 0.557123 0.157676 0.253879
1 0.292116 0.504937 0.160996 0.129760
1 0.884647 0.663611 0.165975 0.328632
1 0.242739 0.631876 0.062241 0.104372
1 0.305394 0.631876 0.053112 0.104372
1 0.419917 0.702398 0.165975 0.245416
1 0.585062 0.702398 0.154357 0.245416
1 0.305394 0.758815 0.053112 0.132581
1 0.146473 0.782087 0.228216 0.139633
1 0.892116 0.899154 0.124481 0.094499
