1 0.129894 0.195475 0.134245 0.171946
1 0.211001 0.271946 0.296457 0.324887
1 0.684276 0.187783 0.192666 0.156561
1 0.613735 0.328054 0.051585 0.104072
1 0.738968 0.425792 0.186451 0.299548
1 0.424798 0.396833 0.098819 0.203620
1 0.613735 0.465158 0.051585 0.152036
1 0.118086 0.529864 0.110628 0.192760
1 0.266314 0.530317 0.185830 0.191855
1 0.734929 0.628054 0.092604 0.240724
1 0.422312 0.568326 0.093847 0.115837
1 0.635799 0.649774 0.095712 0.197285
1 0.108142 0.693213 0.090740 0.112217
1 0.185830 0.693213 0.050963 0.112217
1 0.252952 0.690950 0.072094 0.107692
1 0.325668 0.693213 0.059664 0.112217
1 0.405531 0.690045 0.060286 0.104072
1 0.121815 0.847511 0.155376 0.151131
