1 0.474317 0.135135 0.738798 0.236131
1 0.368852 0.334993 0.154098 0.254623
1 0.484153 0.278094 0.065574 0.140825
1 0.566120 0.334993 0.085246 0.254623
1 0.665027 0.269559 0.099454 0.123755
1 0.829508 0.382646 0.216393 0.349929
1 0.192350 0.341394 0.163934 0.145092
1 0.665027 0.400427 0.099454 0.123755
1 0.484153 0.408962 0.065574 0.106686
1 0.192350 0.632290 0.163934 0.422475
1 0.337158 0.510669 0.090710 0.079659
1 0.555191 0.576814 0.334426 0.211949
1 0.848087 0.662873 0.179235 0.210526
1 0.367213 0.663585 0.150820 0.209104
1 0.513661 0.663585 0.128962 0.209104
1 0.719672 0.623755 0.066667 0.118065
1 0.632240 0.729018 0.095082 0.078236
1 0.719672 0.729018 0.066667 0.078236
1 0.678689 0.825747 0.155191 0.078236
