1 0.613518 0.379352 0.358752 0.477791
1 0.806326 0.383553 0.214038 0.426170
1 0.097920 0.253902 0.074523 0.118848
1 0.138648 0.304322 0.155979 0.219688
1 0.328423 0.312725 0.195841 0.222089
1 0.138648 0.607443 0.155979 0.367347
1 0.267331 0.481993 0.073657 0.102041
1 0.344021 0.481993 0.067591 0.102041
1 0.427643 0.578031 0.085789 0.294118
1 0.562392 0.540816 0.183709 0.154862
1 0.304159 0.662065 0.147314 0.238896
1 0.549393 0.753301 0.145581 0.255702
1 0.814991 0.712485 0.158579 0.174070
1 0.680243 0.693878 0.098787 0.127251
1 0.427643 0.757503 0.085789 0.048019
1 0.710572 0.824730 0.164645 0.112845
1 0.846620 0.844538 0.095321 0.073229
1 0.341421 0.858343 0.232236 0.098439
