1 0.200535 0.096988 0.060606 0.107229
1 0.332442 0.154819 0.187166 0.222892
1 0.679590 0.179518 0.177362 0.265060
1 0.200535 0.213253 0.060606 0.106024
1 0.233957 0.339157 0.127451 0.124096
1 0.418449 0.389157 0.241533 0.224096
1 0.632353 0.340964 0.082888 0.115663
1 0.127451 0.371084 0.085561 0.171084
1 0.755348 0.395181 0.341355 0.146988
1 0.259804 0.431325 0.066845 0.050602
1 0.344029 0.593373 0.163993 0.273494
1 0.212567 0.524096 0.084670 0.113253
1 0.679144 0.606627 0.176471 0.268675
1 0.114082 0.502410 0.085561 0.057831
1 0.354724 0.710843 0.377897 0.387952
1 0.227718 0.657831 0.109626 0.134940
