1 0.154321 0.133455 0.172840 0.212066
1 0.554012 0.088665 0.145062 0.100548
1 0.790123 0.144424 0.302469 0.212066
1 0.373457 0.092322 0.197531 0.093236
1 0.412037 0.197441 0.293210 0.106033
1 0.572531 0.197441 0.108025 0.106033
1 0.302469 0.372943 0.450617 0.234004
1 0.734568 0.361060 0.413580 0.210238
1 0.555556 0.510969 0.283951 0.126143
1 0.825617 0.566728 0.231481 0.190128
1 0.240741 0.578611 0.327160 0.166362
1 0.466049 0.621572 0.104938 0.080439
1 0.612654 0.621572 0.169753 0.080439
1 0.302469 0.726691 0.469136 0.111517
1 0.302469 0.871115 0.469136 0.166362
