1 0.763668 0.067993 0.440917 0.116086
1 0.237213 0.295191 0.442681 0.308458
1 0.639330 0.294362 0.192240 0.303483
1 0.865079 0.294362 0.241623 0.303483
1 0.335097 0.618574 0.246914 0.338308
1 0.109347 0.536484 0.186949 0.164179
1 0.602293 0.519071 0.118166 0.129353
1 0.828042 0.519071 0.315697 0.129353
1 0.162257 0.576285 0.081129 0.084577
1 0.398589 0.651741 0.119929 0.119403
1 0.639330 0.729685 0.192240 0.275290
1 0.865079 0.729685 0.241623 0.275290
1 0.109347 0.747098 0.186949 0.240464
1 0.385362 0.793532 0.146384 0.147595
1 0.156085 0.892206 0.280423 0.175788
1 0.385362 0.927861 0.160494 0.087894
