1 0.854222 0.179083 0.199208 0.100287
1 0.643799 0.310888 0.195251 0.318052
1 0.170844 0.285100 0.186016 0.249284
1 0.849604 0.385387 0.208443 0.277937
1 0.313325 0.305158 0.085752 0.094556
1 0.420844 0.459885 0.116095 0.404011
1 0.259894 0.575931 0.192612 0.424069
1 0.118074 0.520057 0.080475 0.197708
1 0.767150 0.616046 0.193931 0.355301
1 0.605541 0.637536 0.118734 0.312321
1 0.910950 0.663324 0.085752 0.260745
1 0.134565 0.709169 0.113456 0.157593
1 0.313325 0.732092 0.085752 0.111748
1 0.420844 0.732092 0.116095 0.111748
1 0.767810 0.749284 0.044855 0.088825
1 0.829156 0.749284 0.069921 0.088825
1 0.748681 0.862464 0.091029 0.074499
