1 0.330573 0.106504 0.358868 0.150136
1 0.696687 0.132520 0.238095 0.093767
1 0.704279 0.277778 0.249137 0.163144
1 0.876467 0.277778 0.080055 0.163144
1 0.320911 0.327642 0.335404 0.257453
1 0.241201 0.501355 0.175983 0.273171
1 0.691166 0.409485 0.222912 0.088347
1 0.863009 0.413279 0.106970 0.095935
1 0.408903 0.547154 0.159420 0.181572
1 0.691166 0.548238 0.222912 0.177236
1 0.200483 0.505691 0.094548 0.089973
1 0.863009 0.511382 0.106970 0.100271
1 0.863009 0.600542 0.106970 0.066125
1 0.145963 0.713821 0.111111 0.118157
1 0.359903 0.794851 0.300207 0.280217
1 0.279848 0.669648 0.076605 0.029810
