1 0.209651 0.095489 0.267887 0.137236
1 0.711314 0.098848 0.274542 0.130518
1 0.608569 0.246641 0.105657 0.145873
1 0.743344 0.326775 0.205491 0.306142
1 0.904326 0.252399 0.109817 0.157390
1 0.115225 0.224088 0.115641 0.096929
1 0.261647 0.325336 0.168885 0.299424
1 0.403078 0.238004 0.103993 0.124760
1 0.084027 0.330134 0.053245 0.103647
1 0.144343 0.330134 0.057404 0.103647
1 0.403078 0.359405 0.103993 0.106526
1 0.881032 0.333493 0.063228 0.047025
1 0.596506 0.356526 0.081531 0.066219
1 0.825291 0.405470 0.089850 0.148752
1 0.288270 0.368042 0.029118 0.068138
1 0.916389 0.407390 0.085691 0.144914
1 0.084027 0.430902 0.053245 0.086372
1 0.192180 0.431382 0.154742 0.087332
1 0.596506 0.436660 0.081531 0.086372
1 0.532030 0.436660 0.029118 0.065259
1 0.403078 0.446257 0.103993 0.055662
1 0.328203 0.519194 0.089018 0.072937
1 0.829035 0.521113 0.099002 0.063340
1 0.525374 0.687620 0.213810 0.292706
1 0.829035 0.584453 0.094010 0.044146
