1 0.659538 0.247379 0.196749 0.087500
1 0.196179 0.380847 0.229826 0.157661
1 0.439692 0.410887 0.241802 0.217742
1 0.659538 0.467944 0.191617 0.331855
1 0.141146 0.633468 0.119760 0.325806
1 0.259053 0.546976 0.104078 0.152823
1 0.341460 0.576008 0.045338 0.093952
1 0.403194 0.576008 0.066724 0.093952
1 0.504277 0.616129 0.120616 0.174194
1 0.259053 0.714113 0.104078 0.164516
1 0.399914 0.714113 0.162247 0.164516
1 0.660251 0.715121 0.190191 0.162500
1 0.724551 0.634677 0.061591 0.000806
1 0.522669 0.753427 0.071286 0.085887
1 0.519390 0.845363 0.114343 0.076210
