1 0.190734 0.188805 0.241877 0.278937
1 0.471721 0.236243 0.308063 0.373814
1 0.742479 0.211575 0.219013 0.324478
1 0.109507 0.414611 0.079422 0.149905
1 0.203971 0.414611 0.097473 0.149905
1 0.318291 0.491461 0.119134 0.303605
1 0.681107 0.473435 0.096270 0.176471
1 0.794224 0.473435 0.115523 0.176471
1 0.501805 0.609108 0.247894 0.371917
1 0.161252 0.648008 0.182912 0.294118
1 0.742479 0.684061 0.219013 0.222011
1 0.898315 0.676471 0.056558 0.127135
1 0.318291 0.723909 0.107100 0.142315
1 0.296631 0.877609 0.126354 0.108159
