1 0.242758 0.144372 0.300116 0.132137
1 0.210313 0.340131 0.225956 0.207178
1 0.454809 0.340131 0.263036 0.207178
1 0.378331 0.647635 0.089224 0.407830
1 0.051564 0.625612 0.054461 0.347471
1 0.210313 0.506525 0.225956 0.109299
1 0.288528 0.475530 0.069525 0.047308
1 0.834299 0.557912 0.196987 0.212072
1 0.508111 0.553834 0.156431 0.200653
1 0.132097 0.619086 0.069525 0.096248
1 0.209733 0.619086 0.074160 0.096248
1 0.288528 0.619086 0.069525 0.096248
1 0.508111 0.757749 0.156431 0.187602
1 0.139629 0.763458 0.084589 0.176183
1 0.256663 0.763458 0.133256 0.176183
1 0.365585 0.908646 0.121669 0.061990
