1 0.396076 0.364603 0.423118 0.617021
1 0.801166 0.095745 0.121951 0.075435
1 0.800636 0.237911 0.108165 0.170213
1 0.248144 0.247582 0.106045 0.174081
1 0.800636 0.502901 0.108165 0.321083
1 0.139449 0.452611 0.102863 0.201161
1 0.304348 0.458414 0.214210 0.212766
1 0.690880 0.495164 0.102863 0.174081
1 0.910392 0.561896 0.102863 0.307544
1 0.058324 0.572534 0.038176 0.189555
1 0.393425 0.637331 0.176034 0.307544
1 0.690880 0.635397 0.102863 0.160542
1 0.139449 0.610251 0.102863 0.094778
1 0.251326 0.680851 0.108165 0.220503
1 0.114528 0.726306 0.048780 0.121857
1 0.167550 0.728240 0.046660 0.125725
1 0.800636 0.709865 0.108165 0.077369
1 0.277837 0.762089 0.048780 0.058027
1 0.249205 0.862669 0.112407 0.104449
