1 0.321263 0.276460 0.302693 0.326642
1 0.667595 0.250000 0.131848 0.266423
1 0.773909 0.264599 0.069638 0.295620
1 0.858403 0.264599 0.088208 0.295620
1 0.126277 0.250912 0.066852 0.217153
1 0.559424 0.250912 0.062210 0.206204
1 0.423863 0.401460 0.097493 0.193431
1 0.667595 0.483577 0.131848 0.288321
1 0.789694 0.525547 0.101207 0.204380
1 0.858403 0.455292 0.088208 0.063869
1 0.236769 0.532847 0.133705 0.167883
1 0.346797 0.532847 0.075209 0.167883
1 0.874188 0.562956 0.056639 0.129562
1 0.431291 0.562044 0.082637 0.109489
1 0.266945 0.713504 0.088208 0.135036
1 0.354225 0.714416 0.073352 0.136861
