1 0.798520 0.187984 0.202303 0.117571
1 0.157895 0.262274 0.220395 0.260982
1 0.474507 0.262920 0.393092 0.262274
1 0.792763 0.378553 0.220395 0.227390
1 0.318257 0.454780 0.254934 0.121447
1 0.114309 0.440568 0.133224 0.080103
1 0.563322 0.513566 0.215461 0.226098
1 0.157895 0.589793 0.220395 0.202842
1 0.792763 0.593023 0.220395 0.186047
1 0.317434 0.574935 0.078947 0.103359
1 0.406250 0.574935 0.078947 0.103359
1 0.734375 0.635659 0.103618 0.108527
1 0.405428 0.781654 0.113487 0.271318
1 0.298520 0.855297 0.083882 0.144703
