1 0.205667 0.249638 0.191333 0.234058
1 0.502333 0.293478 0.382000 0.321739
1 0.677333 0.250000 0.185333 0.233333
1 0.837667 0.192391 0.115333 0.118116
1 0.799333 0.356884 0.192000 0.189130
1 0.205667 0.415580 0.191333 0.076087
1 0.607333 0.537319 0.190667 0.165942
1 0.748333 0.497101 0.090000 0.069565
1 0.799000 0.619928 0.192667 0.315217
1 0.205667 0.517391 0.191333 0.105797
1 0.406333 0.621014 0.190000 0.313043
1 0.205667 0.727536 0.191333 0.291304
1 0.565667 0.703986 0.107333 0.147101
1 0.656333 0.684058 0.074000 0.107246
1 0.642667 0.793478 0.101333 0.089855
