1 0.287105 0.046843 0.515815 0.093686
1 0.159367 0.251527 0.250608 0.270876
1 0.326034 0.271894 0.218978 0.311609
1 0.714112 0.297352 0.557178 0.362525
1 0.121655 0.477597 0.175182 0.156823
1 0.537713 0.563136 0.326034 0.258656
1 0.290754 0.487780 0.148418 0.103870
1 0.852798 0.649695 0.279805 0.317719
1 0.369830 0.678208 0.306569 0.260692
1 0.121655 0.620163 0.175182 0.112016
1 0.121655 0.747454 0.175182 0.122200
1 0.618005 0.755601 0.165450 0.105906
1 0.186131 0.890020 0.318735 0.109980
1 0.508516 0.897149 0.291971 0.124236
