1 0.234219 0.157547 0.125138 0.122642
1 0.073643 0.292453 0.049834 0.098113
1 0.135105 0.304717 0.062016 0.122642
1 0.199336 0.304717 0.055371 0.122642
1 0.359911 0.346226 0.254707 0.205660
1 0.599668 0.404717 0.147287 0.133962
1 0.766888 0.521698 0.176080 0.367925
1 0.825028 0.385849 0.059801 0.096226
1 0.911960 0.476415 0.102990 0.277358
1 0.137874 0.418868 0.178295 0.135849
1 0.236988 0.577358 0.157254 0.256604
1 0.401440 0.577358 0.171650 0.256604
1 0.599668 0.548113 0.147287 0.137736
1 0.100775 0.600943 0.106312 0.209434
1 0.825028 0.568868 0.059801 0.092453
1 0.182171 0.651887 0.047619 0.107547
1 0.257475 0.775472 0.120709 0.120755
1 0.734773 0.783962 0.116279 0.118868
1 0.256368 0.900000 0.105205 0.090566
