1 0.850117 0.156430 0.093677 0.216891
1 0.460187 0.382917 0.634660 0.654511
1 0.403981 0.212092 0.105386 0.117083
1 0.583138 0.245681 0.093677 0.080614
1 0.722482 0.297505 0.110070 0.184261
1 0.594848 0.343570 0.117096 0.092131
1 0.440281 0.399232 0.042155 0.046065
1 0.240047 0.459693 0.194379 0.117083
1 0.653396 0.473129 0.248244 0.143954
1 0.850117 0.615163 0.093677 0.228407
1 0.240047 0.641075 0.194379 0.226488
1 0.617096 0.656430 0.320843 0.199616
1 0.408665 0.747601 0.081967 0.044146
1 0.621780 0.855086 0.311475 0.170825
