1 0.129897 0.144444 0.140206 0.133333
1 0.306186 0.405556 0.311340 0.655556
1 0.618557 0.212222 0.197938 0.268889
1 0.821649 0.225556 0.195876 0.295556
1 0.129897 0.272222 0.140206 0.108889
1 0.101031 0.382222 0.082474 0.093333
1 0.775258 0.442222 0.288660 0.191111
1 0.571134 0.442222 0.103093 0.173333
1 0.101031 0.486667 0.082474 0.097778
1 0.719588 0.668889 0.400000 0.266667
1 0.128866 0.673333 0.138144 0.257778
1 0.371134 0.673333 0.181443 0.257778
1 0.238144 0.771111 0.068041 0.062222
1 0.260825 0.877778 0.435052 0.115556
1 0.719588 0.877778 0.432990 0.115556
