1 0.414267 0.100998 0.328534 0.122195
1 0.633508 0.111596 0.075916 0.113466
1 0.371073 0.279925 0.200262 0.195761
1 0.571990 0.278055 0.188482 0.192020
1 0.621728 0.332918 0.089005 0.084788
1 0.371073 0.507481 0.200262 0.259352
1 0.571990 0.457606 0.188482 0.152120
1 0.586387 0.682045 0.230366 0.284289
1 0.166230 0.640274 0.196335 0.148379
1 0.838351 0.622195 0.166230 0.099751
1 0.371073 0.715711 0.200262 0.157107
1 0.838351 0.816708 0.166230 0.274314
1 0.166230 0.795511 0.196335 0.149626
1 0.333770 0.836035 0.125654 0.068579
1 0.437173 0.836035 0.068063 0.068579
1 0.571990 0.889651 0.185864 0.118454
1 0.259162 0.930798 0.395288 0.078554
