1 0.098631 0.256637 0.073269 0.329646
1 0.207729 0.273783 0.117552 0.324115
1 0.317230 0.235619 0.090177 0.247788
1 0.542271 0.225111 0.176329 0.222345
1 0.408213 0.169801 0.078905 0.109513
1 0.427939 0.284845 0.118357 0.102876
1 0.428341 0.460730 0.254428 0.231195
1 0.596216 0.385509 0.068438 0.080752
1 0.190821 0.548119 0.227053 0.381637
1 0.453301 0.470133 0.061192 0.068584
1 0.560386 0.549226 0.140097 0.226770
1 0.781804 0.591814 0.127214 0.176991
1 0.453301 0.544801 0.061192 0.063053
1 0.349436 0.624447 0.075684 0.076327
1 0.438808 0.624447 0.090177 0.076327
1 0.514895 0.675885 0.392110 0.170354
1 0.781804 0.818031 0.127214 0.255531
