1 0.222710 0.148172 0.111669 0.066835
1 0.336888 0.232030 0.340025 0.234552
1 0.766625 0.235813 0.353827 0.234552
1 0.922836 0.239596 0.041405 0.080706
1 0.071518 0.276166 0.040151 0.055485
1 0.127353 0.302648 0.056462 0.093317
1 0.127353 0.446406 0.056462 0.179067
1 0.210790 0.446406 0.087829 0.179067
1 0.291719 0.415511 0.058971 0.117276
1 0.338770 0.378310 0.022585 0.042875
1 0.432246 0.446406 0.149310 0.179067
1 0.646173 0.447037 0.112923 0.170240
1 0.745922 0.399117 0.069009 0.074401
1 0.866374 0.447037 0.154329 0.170240
1 0.338770 0.428121 0.022585 0.044136
1 0.745922 0.488651 0.069009 0.087011
1 0.274780 0.509458 0.025094 0.052963
1 0.307403 0.509458 0.022585 0.052963
1 0.069636 0.517024 0.043915 0.052963
1 0.338770 0.520807 0.022585 0.030265
1 0.685069 0.617276 0.190715 0.152585
1 0.866374 0.639975 0.154329 0.197982
1 0.258469 0.621690 0.183187 0.156368
1 0.432246 0.639975 0.149310 0.192938
1 0.266625 0.710593 0.199498 0.051702
1 0.698243 0.720681 0.217064 0.036570
1 0.235257 0.791299 0.061481 0.084489
1 0.341280 0.795082 0.135508 0.092055
