1 0.365336 0.226862 0.181818 0.288939
1 0.533985 0.172686 0.141886 0.180587
1 0.655905 0.150113 0.084962 0.135440
1 0.277825 0.334086 0.451997 0.322799
1 0.884027 0.294018 0.150382 0.170429
1 0.655905 0.275395 0.084962 0.099323
1 0.533985 0.332393 0.141886 0.123025
1 0.655905 0.414786 0.084962 0.161400
1 0.884027 0.492664 0.150382 0.204289
1 0.557774 0.449210 0.094308 0.092551
1 0.134664 0.615688 0.165675 0.253950
1 0.287171 0.615688 0.125743 0.253950
1 0.410790 0.569977 0.107901 0.148984
1 0.584537 0.623025 0.227698 0.239278
1 0.884027 0.775959 0.150382 0.339729
1 0.410790 0.698646 0.107901 0.088036
