1 0.708763 0.170616 0.500000 0.312796
1 0.933634 0.055095 0.091495 0.081754
1 0.201675 0.222749 0.163660 0.111374
1 0.434923 0.242891 0.282216 0.151659
1 0.651418 0.242299 0.140464 0.150474
1 0.066366 0.364929 0.081186 0.246445
1 0.148840 0.312796 0.057990 0.059242
1 0.201675 0.341825 0.163660 0.117299
1 0.466495 0.408768 0.345361 0.180095
1 0.682990 0.351303 0.077320 0.048578
1 0.862758 0.402844 0.119845 0.130332
1 0.380799 0.439573 0.173969 0.118483
1 0.646907 0.440166 0.149485 0.117299
1 0.154639 0.452014 0.069588 0.093602
1 0.238402 0.452014 0.090206 0.093602
1 0.549613 0.546801 0.266753 0.072275
1 0.197165 0.787322 0.164948 0.332938
1 0.505155 0.695498 0.427835 0.149289
1 0.063789 0.743483 0.083763 0.095972
1 0.505155 0.868483 0.427835 0.170616
