1 0.401786 0.054740 0.660714 0.030474
1 0.203571 0.208239 0.264286 0.258465
1 0.540179 0.181151 0.383929 0.204289
1 0.540179 0.346501 0.383929 0.158014
1 0.203571 0.384876 0.264286 0.081264
1 0.460714 0.384876 0.225000 0.081264
1 0.216964 0.573928 0.308929 0.193002
1 0.547321 0.618510 0.351786 0.282167
1 0.783036 0.610609 0.076786 0.063205
1 0.879464 0.694131 0.166071 0.092551
1 0.675893 0.695260 0.198214 0.088036
1 0.208929 0.770316 0.289286 0.183973
1 0.413393 0.718962 0.094643 0.081264
1 0.613393 0.751693 0.073214 0.015801
1 0.578571 0.803047 0.289286 0.118510
1 0.854464 0.869639 0.237500 0.247178
1 0.366964 0.816027 0.112500 0.092551
