1 0.383130 0.132524 0.094173 0.080583
1 0.621274 0.145631 0.089431 0.056311
1 0.350271 0.205825 0.208672 0.174757
1 0.533875 0.230583 0.101626 0.098058
1 0.621612 0.306311 0.149729 0.249515
1 0.707656 0.237379 0.110434 0.111650
1 0.184959 0.237379 0.115176 0.109709
1 0.565718 0.298058 0.037940 0.058252
1 0.513211 0.351456 0.060298 0.133981
1 0.301829 0.362136 0.086043 0.137864
1 0.656165 0.333010 0.045393 0.073786
1 0.177846 0.364078 0.050813 0.133981
1 0.225271 0.317961 0.037263 0.041748
1 0.259146 0.317961 0.026423 0.041748
1 0.389228 0.333495 0.081978 0.072816
1 0.722561 0.348544 0.080623 0.102913
1 0.226626 0.387379 0.058943 0.087379
1 0.389228 0.437864 0.081978 0.128155
1 0.731369 0.452913 0.063008 0.098058
1 0.513211 0.426699 0.060298 0.008738
1 0.326897 0.442718 0.021003 0.015534
1 0.348916 0.442718 0.018970 0.015534
1 0.673442 0.469417 0.046070 0.065049
1 0.337398 0.477670 0.042005 0.048544
1 0.435976 0.621845 0.123984 0.171845
1 0.560298 0.651942 0.117886 0.111650
1 0.331640 0.654369 0.077913 0.112621
1 0.392276 0.659709 0.036585 0.039806
1 0.392276 0.719903 0.036585 0.070874
1 0.424119 0.733981 0.020325 0.042718
1 0.448171 0.733981 0.021003 0.042718
1 0.443428 0.779126 0.138889 0.133010
1 0.555894 0.815049 0.077913 0.202913
1 0.344512 0.780097 0.052168 0.131068
1 0.357385 0.817476 0.026423 0.056311
1 0.503726 0.833981 0.018293 0.023301
1 0.498645 0.883981 0.028455 0.065049
