1 0.120474 0.172775 0.071604 0.061431
1 0.205010 0.200873 0.086578 0.117627
1 0.286142 0.200873 0.068609 0.117627
1 0.348625 0.292845 0.120065 0.301571
1 0.588620 0.196510 0.101280 0.104014
1 0.691261 0.294764 0.096379 0.300524
1 0.798666 0.206108 0.124421 0.123211
1 0.904166 0.233159 0.069698 0.155672
1 0.453172 0.233508 0.069426 0.154276
1 0.120474 0.233857 0.071604 0.051658
1 0.563572 0.289354 0.051184 0.073997
1 0.615709 0.289354 0.047100 0.073997
1 0.126463 0.354974 0.083583 0.177312
1 0.217669 0.354974 0.097196 0.177312
1 0.801116 0.358813 0.119521 0.172426
1 0.150830 0.353054 0.034849 0.067365
1 0.270760 0.359686 0.026409 0.067365
1 0.608631 0.388133 0.141301 0.113787
1 0.157909 0.417452 0.016335 0.052356
1 0.250885 0.637871 0.300844 0.363351
1 0.584400 0.727749 0.068337 0.284119
1 0.705418 0.727749 0.163899 0.284119
1 0.156139 0.674869 0.000272 0.000349
1 0.271576 0.821990 0.001906 0.001396
