1 0.660141 0.144793 0.519969 0.232525
1 0.250979 0.557775 0.282694 0.684736
1 0.453015 0.331669 0.097886 0.201141
1 0.550901 0.331669 0.090055 0.201141
1 0.851214 0.328816 0.123727 0.195435
1 0.170713 0.333809 0.115897 0.185449
1 0.277995 0.333809 0.087706 0.185449
1 0.692247 0.528531 0.184808 0.492154
1 0.821457 0.505706 0.064213 0.144080
1 0.433829 0.500713 0.059514 0.119829
1 0.533673 0.607703 0.132341 0.333809
1 0.886061 0.507133 0.054033 0.132668
1 0.646045 0.659772 0.092404 0.229672
1 0.454973 0.671897 0.101801 0.205421
1 0.851214 0.680456 0.123727 0.188302
1 0.805012 0.683310 0.031323 0.079886
1 0.889193 0.843795 0.047768 0.115549
1 0.623336 0.878031 0.462020 0.166904
