1 0.544385 0.076869 0.141176 0.069111
1 0.752941 0.076869 0.226738 0.069111
1 0.106417 0.162200 0.142246 0.234133
1 0.232086 0.110014 0.098396 0.129760
1 0.358824 0.111425 0.142246 0.132581
1 0.250802 0.241185 0.135829 0.251058
1 0.557219 0.205219 0.166845 0.173484
1 0.699465 0.168547 0.106952 0.100141
1 0.812299 0.205219 0.108021 0.173484
1 0.348663 0.275035 0.162567 0.183357
1 0.672727 0.258815 0.053476 0.066291
1 0.728877 0.258815 0.048128 0.066291
1 0.099465 0.337094 0.143316 0.084626
1 0.670053 0.332158 0.392513 0.069111
1 0.301604 0.454161 0.091979 0.062059
1 0.374866 0.454161 0.043850 0.062059
1 0.462567 0.454161 0.078075 0.062059
1 0.580214 0.585331 0.142246 0.324401
1 0.326203 0.575458 0.141176 0.166432
1 0.452941 0.522567 0.097326 0.060649
1 0.452941 0.609309 0.097326 0.098731
1 0.434759 0.706629 0.060963 0.081805
1 0.485027 0.706629 0.033155 0.081805
1 0.580749 0.846262 0.139037 0.169252
