1 0.115165 0.117895 0.187001 0.202105
1 0.669327 0.350526 0.218928 0.229474
1 0.818700 0.302105 0.070696 0.132632
1 0.915621 0.363158 0.114025 0.254737
1 0.490878 0.415789 0.071836 0.355789
1 0.131129 0.493684 0.198404 0.507368
1 0.206956 0.353684 0.115165 0.227368
1 0.418472 0.304211 0.050171 0.128421
1 0.297035 0.304211 0.053592 0.120000
1 0.358609 0.355789 0.060433 0.218947
1 0.297035 0.421053 0.053592 0.088421
1 0.418472 0.421053 0.050171 0.088421
1 0.807868 0.563158 0.092360 0.368421
1 0.282782 0.528421 0.104903 0.105263
1 0.392246 0.528421 0.102623 0.105263
1 0.660775 0.611579 0.201824 0.271579
1 0.915621 0.623158 0.114025 0.248421
1 0.251425 0.668421 0.033067 0.157895
1 0.309008 0.668421 0.072976 0.157895
1 0.396807 0.668421 0.093501 0.157895
1 0.809008 0.821053 0.094641 0.109474
1 0.277651 0.874737 0.096921 0.212632
