1 0.313891 0.329939 0.231773 0.501018
1 0.432847 0.244399 0.112049 0.329939
1 0.081351 0.159878 0.056792 0.148676
1 0.153876 0.188391 0.079048 0.197556
1 0.122026 0.408350 0.142748 0.323829
1 0.611282 0.384929 0.172678 0.215886
1 0.775134 0.534623 0.148887 0.515275
1 0.907137 0.493890 0.105909 0.433809
1 0.271681 0.657841 0.147352 0.488798
1 0.147352 0.492872 0.092095 0.154786
1 0.461243 0.501018 0.055257 0.158859
1 0.647736 0.606925 0.245587 0.207739
1 0.795088 0.631365 0.042978 0.158859
1 0.122026 0.742363 0.142748 0.319756
1 0.419033 0.687373 0.139678 0.193483
1 0.427859 0.873727 0.141980 0.118126
