1 0.246114 0.067395 0.409326 0.123862
1 0.663212 0.075592 0.279793 0.114754
1 0.251295 0.321494 0.393782 0.340619
1 0.724093 0.263206 0.396373 0.216758
1 0.860104 0.315118 0.124352 0.112933
1 0.123057 0.433515 0.137306 0.112933
1 0.598446 0.499089 0.145078 0.236794
1 0.801813 0.437158 0.240933 0.112933
1 0.326425 0.604736 0.243523 0.225865
1 0.123057 0.607468 0.137306 0.220401
1 0.801813 0.611111 0.240933 0.216758
1 0.597150 0.673042 0.142487 0.092896
1 0.169689 0.788707 0.230570 0.094718
1 0.164508 0.906193 0.220207 0.125683
