1 0.648125 0.080833 0.266250 0.098333
1 0.257500 0.264167 0.120000 0.251667
1 0.397500 0.264167 0.147500 0.251667
1 0.595000 0.263333 0.160000 0.250000
1 0.731250 0.206667 0.100000 0.136667
1 0.731250 0.376667 0.100000 0.203333
1 0.595000 0.489167 0.160000 0.201667
1 0.291250 0.452500 0.187500 0.108333
1 0.428750 0.452500 0.075000 0.108333
1 0.720000 0.570000 0.122500 0.166667
1 0.254375 0.585000 0.113750 0.136667
1 0.394375 0.585000 0.153750 0.136667
1 0.549375 0.625833 0.068750 0.055000
1 0.621250 0.625833 0.062500 0.055000
1 0.627500 0.700000 0.062500 0.076667
1 0.553750 0.816667 0.077500 0.140000
