1 0.241329 0.181631 0.210983 0.249742
1 0.484827 0.181631 0.255780 0.249742
1 0.765896 0.181631 0.286127 0.249742
1 0.153179 0.300826 0.150289 0.091847
1 0.274566 0.345717 0.072254 0.063983
1 0.499277 0.500000 0.377168 0.372549
1 0.726156 0.347265 0.076590 0.067079
1 0.844653 0.361197 0.128613 0.084623
1 0.140896 0.399381 0.125723 0.092879
1 0.243497 0.415377 0.117052 0.060888
1 0.802746 0.474200 0.212428 0.172343
1 0.194364 0.569143 0.232659 0.234262
1 0.735549 0.626935 0.095376 0.118679
1 0.851156 0.626935 0.115607 0.118679
