1 0.487273 0.164733 0.800000 0.167053
1 0.365455 0.402552 0.534545 0.280742
1 0.758182 0.385151 0.229091 0.245940
1 0.236364 0.501160 0.276364 0.148492
1 0.638182 0.600928 0.178182 0.171694
1 0.787273 0.563805 0.149091 0.097448
1 0.456364 0.670534 0.163636 0.255220
1 0.163636 0.618329 0.130909 0.071926
1 0.301818 0.618329 0.116364 0.071926
1 0.800000 0.640371 0.145455 0.092807
1 0.229091 0.764501 0.261818 0.206497
1 0.710909 0.781903 0.323636 0.171694
1 0.456364 0.836427 0.163636 0.062645
1 0.498182 0.928074 0.210909 0.088167
