1 0.355091 0.231776 0.093995 0.029907
1 0.251958 0.404673 0.268930 0.278505
1 0.523499 0.372897 0.258486 0.214953
1 0.767624 0.373832 0.214099 0.216822
1 0.804178 0.498131 0.140992 0.069159
1 0.556136 0.584112 0.339426 0.192523
1 0.802872 0.586916 0.127937 0.089720
1 0.229765 0.662617 0.224543 0.222430
1 0.416449 0.576636 0.127937 0.050467
1 0.437337 0.674766 0.169713 0.198131
1 0.531332 0.628037 0.002611 0.104673
1 0.805483 0.705607 0.138381 0.136449
1 0.570496 0.730841 0.080940 0.085981
1 0.672324 0.730841 0.107050 0.085981
1 0.644909 0.820561 0.261097 0.059813
1 0.691906 0.910280 0.140992 0.100935
