1 0.286133 0.338667 0.419922 0.490667
1 0.879883 0.178667 0.181641 0.117333
1 0.657227 0.184000 0.236328 0.096000
1 0.280273 0.190667 0.048828 0.077333
1 0.625977 0.332000 0.154297 0.178667
1 0.771484 0.412000 0.121094 0.338667
1 0.862305 0.298667 0.048828 0.112000
1 0.930664 0.298667 0.080078 0.112000
1 0.429688 0.469333 0.132812 0.298667
1 0.904297 0.413333 0.132812 0.096000
1 0.589844 0.473333 0.082031 0.082667
1 0.669922 0.473333 0.066406 0.082667
1 0.904297 0.597333 0.132812 0.250667
1 0.625977 0.669333 0.154297 0.293333
1 0.137695 0.698667 0.123047 0.234667
1 0.284180 0.654667 0.158203 0.141333
1 0.746094 0.657333 0.070312 0.130667
1 0.809570 0.657333 0.044922 0.130667
1 0.430664 0.676000 0.130859 0.098667
1 0.729492 0.773333 0.037109 0.085333
1 0.238281 0.774667 0.066406 0.082667
1 0.325195 0.760000 0.080078 0.037333
