1 0.421309 0.106445 0.360724 0.193359
1 0.021588 0.161133 0.043175 0.068359
1 0.142061 0.483398 0.169916 0.712891
1 0.274373 0.296875 0.075209 0.136719
1 0.357939 0.294922 0.077994 0.132812
1 0.513928 0.407227 0.220056 0.357422
1 0.661560 0.340820 0.125348 0.224609
1 0.802228 0.378906 0.139276 0.300781
1 0.316852 0.483398 0.160167 0.244141
1 0.271588 0.416016 0.069638 0.082031
1 0.674095 0.595703 0.100279 0.261719
1 0.765320 0.587891 0.065460 0.097656
1 0.838440 0.587891 0.066852 0.097656
1 0.511142 0.712891 0.214485 0.253906
1 0.316852 0.727539 0.160167 0.224609
1 0.802228 0.744141 0.139276 0.191406
1 0.674791 0.788086 0.098886 0.103516
1 0.561281 0.909180 0.353760 0.087891
