1 0.210049 0.177618 0.179572 0.178645
1 0.393740 0.177618 0.174629 0.178645
1 0.544481 0.177618 0.164745 0.178645
1 0.687809 0.177618 0.108731 0.178645
1 0.803130 0.136550 0.108731 0.096509
1 0.819605 0.231006 0.075783 0.075975
1 0.271829 0.239220 0.056013 0.055441
1 0.707578 0.522587 0.148270 0.540041
1 0.221582 0.448665 0.202636 0.344969
1 0.444811 0.383984 0.243822 0.215606
1 0.599259 0.322895 0.055189 0.093429
1 0.858731 0.379877 0.140857 0.205339
1 0.902801 0.339322 0.052718 0.124230
1 0.544481 0.477926 0.177924 0.200205
1 0.664745 0.531828 0.062603 0.092402
1 0.861203 0.627823 0.145799 0.274127
1 0.363262 0.525667 0.069193 0.051335
1 0.426689 0.529261 0.057661 0.058522
1 0.437809 0.736140 0.205107 0.340862
1 0.589374 0.618583 0.074959 0.066735
1 0.586903 0.726386 0.079901 0.132444
1 0.743410 0.872690 0.066722 0.160164
1 0.590198 0.876283 0.084843 0.152977
1 0.678748 0.876283 0.092257 0.152977
