1 0.181291 0.243820 0.206954 0.249438
1 0.350166 0.243820 0.117550 0.249438
1 0.456954 0.177528 0.082781 0.116854
1 0.653146 0.243820 0.094371 0.249438
1 0.552152 0.187640 0.087748 0.123596
1 0.552152 0.314607 0.091060 0.107865
1 0.456954 0.322472 0.082781 0.092135
1 0.860099 0.452809 0.153974 0.276404
1 0.183775 0.576404 0.211921 0.397753
1 0.379967 0.428090 0.180464 0.101124
1 0.533940 0.494382 0.127483 0.233708
1 0.652318 0.430337 0.096026 0.105618
1 0.377483 0.631461 0.175497 0.287640
1 0.629967 0.633708 0.140728 0.283146
1 0.860099 0.779775 0.153974 0.359551
1 0.514073 0.662921 0.081126 0.085393
1 0.511589 0.750562 0.076159 0.067416
