1 0.331443 0.211230 0.118557 0.173797
1 0.455670 0.243316 0.121649 0.237968
1 0.558247 0.182487 0.075258 0.116310
1 0.558247 0.304813 0.075258 0.114973
1 0.141753 0.425802 0.108247 0.274064
1 0.248454 0.473262 0.282474 0.336898
1 0.422165 0.406417 0.052577 0.074866
1 0.494330 0.431150 0.077320 0.124332
1 0.525773 0.465909 0.140206 0.193850
1 0.652577 0.544786 0.105155 0.193850
1 0.422165 0.506684 0.052577 0.112299
1 0.754124 0.693182 0.081443 0.260695
1 0.876289 0.726604 0.152577 0.327540
1 0.448969 0.651070 0.291753 0.165775
1 0.232474 0.732620 0.128866 0.181818
1 0.494845 0.735294 0.127835 0.176471
1 0.635052 0.735963 0.140206 0.175134
1 0.327835 0.782086 0.049485 0.082888
1 0.391753 0.782086 0.068041 0.082888
1 0.378351 0.885027 0.117526 0.093583
1 0.731443 0.871658 0.112371 0.066845
