1 0.226647 0.317606 0.205506 0.170311
1 0.388889 0.283084 0.103245 0.101266
1 0.606686 0.356157 0.314651 0.247411
1 0.087021 0.333717 0.054081 0.098964
1 0.388889 0.408516 0.103245 0.131185
1 0.226647 0.591484 0.205506 0.359033
1 0.655851 0.585731 0.202557 0.211738
1 0.388889 0.524166 0.103245 0.079402
1 0.500492 0.524166 0.102262 0.079402
1 0.445919 0.632911 0.217306 0.117376
1 0.389872 0.725547 0.103245 0.074799
1 0.536873 0.807825 0.175025 0.232451
1 0.694690 0.807825 0.124877 0.232451
1 0.221731 0.832566 0.162242 0.104718
