1 0.394118 0.141602 0.698824 0.208984
1 0.260000 0.180664 0.115294 0.146484
1 0.511765 0.204102 0.388235 0.193359
1 0.887059 0.195312 0.094118 0.109375
1 0.765882 0.226562 0.120000 0.148438
1 0.409412 0.247070 0.089412 0.017578
1 0.329412 0.342773 0.254118 0.173828
1 0.128235 0.343750 0.134118 0.171875
1 0.875294 0.330078 0.084706 0.140625
1 0.256471 0.368164 0.108235 0.123047
1 0.281176 0.338867 0.058824 0.064453
1 0.508235 0.392578 0.150588 0.167969
1 0.650588 0.392578 0.120000 0.167969
1 0.772941 0.354492 0.105882 0.091797
1 0.752941 0.441406 0.065882 0.070312
1 0.855294 0.441406 0.124706 0.070312
1 0.381176 0.487305 0.127059 0.087891
1 0.231765 0.597656 0.378824 0.054688
1 0.248235 0.799805 0.383529 0.322266
1 0.376471 0.682617 0.127059 0.087891
1 0.331765 0.749023 0.037647 0.033203
1 0.401176 0.749023 0.077647 0.033203
1 0.401176 0.832031 0.077647 0.125000
