1 0.248299 0.093658 0.070748 0.081121
1 0.722789 0.099558 0.098639 0.066372
1 0.542517 0.262537 0.059184 0.218289
1 0.595918 0.209440 0.040816 0.112094
1 0.644898 0.253687 0.050340 0.200590
1 0.785714 0.502212 0.224490 0.697640
1 0.817007 0.294985 0.125170 0.283186
1 0.911224 0.254425 0.132653 0.202065
1 0.065306 0.227139 0.089796 0.144543
1 0.163605 0.227139 0.098639 0.144543
1 0.261565 0.296460 0.089116 0.268437
1 0.341156 0.282448 0.061905 0.240413
1 0.426871 0.282448 0.101361 0.240413
1 0.631633 0.459440 0.114966 0.370206
1 0.156463 0.404867 0.112925 0.190265
1 0.055102 0.376106 0.069388 0.115044
1 0.930272 0.504425 0.094558 0.283186
1 0.543537 0.511799 0.061224 0.265487
1 0.391837 0.524336 0.171429 0.225664
1 0.249320 0.554572 0.113605 0.230088
1 0.057483 0.541298 0.074150 0.185841
1 0.144218 0.573009 0.088435 0.122419
1 0.324830 0.580383 0.029252 0.113569
1 0.372789 0.580383 0.057143 0.113569
1 0.264286 0.744838 0.143537 0.194690
1 0.096599 0.765487 0.164626 0.203540
1 0.592517 0.759587 0.163265 0.188791
1 0.911905 0.759587 0.135374 0.188791
1 0.417687 0.766962 0.137415 0.200590
