1 0.085433 0.286496 0.093701 0.255474
1 0.155512 0.229927 0.037008 0.142336
1 0.227953 0.286496 0.096850 0.255474
1 0.339764 0.286496 0.115748 0.255474
1 0.423622 0.451642 0.040945 0.585766
1 0.872047 0.452555 0.037008 0.583942
1 0.666142 0.186131 0.362205 0.047445
1 0.551969 0.482664 0.133858 0.523723
1 0.675197 0.366788 0.104724 0.291971
1 0.789370 0.314781 0.115748 0.187956
1 0.155512 0.364051 0.037008 0.100365
1 0.789370 0.541058 0.115748 0.242701
1 0.066535 0.502737 0.055906 0.151460
1 0.137008 0.470803 0.074016 0.087591
1 0.235039 0.585766 0.122047 0.317518
1 0.346850 0.585766 0.101575 0.317518
1 0.027953 0.487226 0.010236 0.113139
1 0.587008 0.633212 0.063780 0.222628
1 0.643701 0.578467 0.041732 0.113139
1 0.698425 0.633212 0.058268 0.222628
1 0.136220 0.635036 0.072441 0.222628
1 0.066535 0.668796 0.055906 0.155109
1 0.203150 0.673358 0.050394 0.062044
1 0.643701 0.694343 0.041732 0.100365
1 0.789370 0.708029 0.115748 0.072993
1 0.203150 0.759124 0.050394 0.094891
