1 0.251656 0.077990 0.413907 0.131716
1 0.740066 0.085789 0.413907 0.123050
1 0.250000 0.383016 0.403974 0.429809
1 0.650662 0.272097 0.225166 0.207972
1 0.854305 0.285095 0.168874 0.233969
1 0.818709 0.476603 0.240066 0.211438
1 0.584437 0.434142 0.092715 0.098787
1 0.615066 0.476603 0.153974 0.183709
1 0.094371 0.487868 0.092715 0.109185
1 0.195364 0.487868 0.092715 0.109185
1 0.166391 0.671577 0.236755 0.237435
1 0.648179 0.681976 0.220199 0.209705
1 0.852649 0.681976 0.172185 0.209705
1 0.355132 0.694107 0.193709 0.192374
1 0.327815 0.860485 0.105960 0.095321
1 0.424669 0.856153 0.067881 0.086655
