1 0.245241 0.114303 0.407615 0.135697
1 0.755879 0.115526 0.407615 0.130807
1 0.637738 0.327628 0.166853 0.242054
1 0.810190 0.314792 0.294513 0.216381
1 0.245241 0.401589 0.400896 0.387531
1 0.673572 0.532396 0.238522 0.218826
1 0.879059 0.528117 0.156775 0.195599
1 0.911534 0.482274 0.091825 0.103912
1 0.302352 0.537897 0.091825 0.114914
1 0.400336 0.537897 0.090705 0.114914
1 0.624860 0.548900 0.006719 0.051345
1 0.113662 0.550733 0.007839 0.050122
1 0.141657 0.723716 0.193729 0.256724
1 0.328108 0.728606 0.235162 0.246944
1 0.641097 0.742054 0.173572 0.215159
1 0.846025 0.742054 0.222844 0.215159
1 0.073348 0.919927 0.068309 0.091687
1 0.169653 0.926650 0.104143 0.097800
