1 0.390761 0.097059 0.285870 0.138235
1 0.802174 0.101471 0.284783 0.132353
1 0.263043 0.292647 0.126087 0.197059
1 0.433152 0.316912 0.196739 0.245588
1 0.776087 0.328676 0.330435 0.266176
1 0.128804 0.386765 0.107609 0.311765
1 0.266848 0.502206 0.133696 0.198529
1 0.435870 0.651471 0.191304 0.402941
1 0.861957 0.552941 0.158696 0.205882
1 0.652717 0.527941 0.083696 0.114706
1 0.738587 0.527941 0.075000 0.114706
1 0.238043 0.549265 0.076087 0.104412
1 0.693478 0.719853 0.165217 0.251471
1 0.298370 0.733088 0.196739 0.239706
1 0.861957 0.743382 0.158696 0.204412
1 0.507065 0.921324 0.055435 0.095588
1 0.427717 0.927941 0.085870 0.100000
