1 0.233787 0.239598 0.043235 0.370158
1 0.438351 0.104735 0.316253 0.100430
1 0.108887 0.110473 0.126501 0.088953
1 0.108887 0.220230 0.126501 0.110473
1 0.344676 0.243902 0.125701 0.146341
1 0.501601 0.515065 0.186549 0.688666
1 0.652522 0.296270 0.019215 0.248207
1 0.726581 0.337877 0.119295 0.331420
1 0.864692 0.337877 0.147318 0.331420
1 0.949960 0.337877 0.012010 0.331420
1 0.108887 0.367288 0.126501 0.160689
1 0.312250 0.379484 0.060849 0.101865
1 0.378303 0.421090 0.060048 0.185079
1 0.688551 0.466284 0.091273 0.074605
1 0.226181 0.540890 0.095276 0.203730
1 0.312250 0.476327 0.060849 0.074605
1 0.108887 0.659971 0.126501 0.404591
1 0.694956 0.581779 0.104083 0.139168
1 0.854283 0.581779 0.203363 0.139168
1 0.345076 0.584648 0.126501 0.124821
1 0.216573 0.820660 0.076061 0.327116
1 0.345076 0.758250 0.126501 0.202296
1 0.652522 0.761119 0.019215 0.202296
1 0.731785 0.761119 0.129704 0.202296
1 0.878703 0.761119 0.154524 0.202296
