1 0.225712 0.200094 0.412898 0.338041
1 0.676298 0.070151 0.412898 0.078154
1 0.589196 0.200094 0.238693 0.168550
1 0.798157 0.200094 0.169179 0.168550
1 0.074958 0.275895 0.111390 0.186441
1 0.245394 0.270716 0.075377 0.076271
1 0.676298 0.330038 0.412898 0.078154
1 0.291457 0.341337 0.006700 0.055556
1 0.179229 0.418550 0.117253 0.076271
1 0.359715 0.449153 0.101340 0.084746
1 0.460218 0.670433 0.170017 0.337100
1 0.668760 0.670433 0.223618 0.337100
1 0.735762 0.554143 0.089615 0.104520
1 0.735762 0.663371 0.089615 0.102637
1 0.583752 0.754708 0.053601 0.049906
1 0.530570 0.882768 0.109715 0.074388
