1 0.139241 0.272046 0.215190 0.207231
1 0.284810 0.221340 0.050633 0.044092
1 0.381013 0.239859 0.134177 0.081129
1 0.532911 0.246473 0.162025 0.094356
1 0.284810 0.266314 0.050633 0.040564
1 0.303165 0.326279 0.087342 0.088183
1 0.412025 0.294533 0.122785 0.024691
1 0.534177 0.326720 0.159494 0.087302
1 0.410127 0.338624 0.126582 0.063492
1 0.401899 0.472222 0.451899 0.064374
1 0.141772 0.531746 0.210127 0.042328
1 0.281013 0.523810 0.043038 0.026455
1 0.302532 0.544974 0.086076 0.067019
1 0.403797 0.551146 0.111392 0.079365
1 0.539873 0.540564 0.153165 0.056437
1 0.141772 0.619489 0.210127 0.124339
1 0.558228 0.597002 0.116456 0.063492
1 0.403797 0.626543 0.179747 0.111993
1 0.302532 0.601411 0.081013 0.040564
1 0.285443 0.655644 0.051899 0.053792
1 0.543671 0.657848 0.145570 0.049383
1 0.436709 0.667549 0.063291 0.029982
1 0.362025 0.708995 0.083544 0.033510
