1 0.106962 0.171216 0.115104 0.126551
1 0.301797 0.225806 0.087030 0.228288
1 0.380404 0.331266 0.061202 0.439206
1 0.699607 0.214020 0.088714 0.204715
1 0.775688 0.415633 0.055587 0.607940
1 0.497193 0.317618 0.172375 0.337469
1 0.895284 0.320720 0.172375 0.341191
1 0.107524 0.421836 0.116227 0.347395
1 0.677990 0.372208 0.045480 0.096774
1 0.724031 0.372208 0.039865 0.096774
1 0.280460 0.388958 0.044357 0.083127
1 0.325379 0.388958 0.039865 0.083127
1 0.699607 0.539702 0.088714 0.223325
1 0.301797 0.517370 0.087030 0.158809
1 0.463223 0.582506 0.104436 0.266749
1 0.225435 0.631514 0.048849 0.362283
1 0.858226 0.586849 0.109489 0.265509
1 0.566255 0.611042 0.084784 0.219603
1 0.377316 0.637097 0.055025 0.157568
1 0.303481 0.656328 0.083661 0.106700
1 0.699607 0.733871 0.088714 0.227047
1 0.272880 0.775434 0.029197 0.116625
1 0.316676 0.775434 0.051656 0.116625
1 0.380966 0.787221 0.060079 0.105459
1 0.776530 0.795285 0.053902 0.114144
