1 0.219858 0.071217 0.127660 0.062315
1 0.352246 0.071217 0.118203 0.062315
1 0.291962 0.212908 0.238771 0.209199
1 0.800236 0.264837 0.205674 0.146884
1 0.431442 0.354599 0.517730 0.219585
1 0.800236 0.437685 0.205674 0.198813
1 0.329787 0.534866 0.314421 0.140950
1 0.617021 0.591246 0.241135 0.253709
1 0.544917 0.502967 0.096927 0.071217
1 0.823877 0.594955 0.158392 0.106825
1 0.242317 0.663947 0.139480 0.108309
1 0.429078 0.700297 0.215130 0.181009
1 0.800236 0.741098 0.205674 0.176558
1 0.248227 0.757418 0.127660 0.066766
1 0.618203 0.757418 0.144208 0.066766
1 0.223404 0.818991 0.073286 0.035608
1 0.477541 0.829377 0.406619 0.056380
1 0.159574 0.908754 0.200946 0.135015
