1 0.164106 0.271166 0.177374 0.230675
1 0.379888 0.288957 0.229050 0.266258
1 0.752095 0.272393 0.417598 0.228221
1 0.671089 0.500613 0.255587 0.228221
1 0.880587 0.474847 0.160615 0.176687
1 0.200419 0.457669 0.250000 0.120245
1 0.817737 0.409816 0.037709 0.024540
1 0.416201 0.474233 0.156425 0.087117
1 0.620112 0.568712 0.153631 0.092025
1 0.879888 0.634356 0.162011 0.142331
1 0.620112 0.664417 0.153631 0.082209
1 0.748603 0.664417 0.083799 0.082209
1 0.729749 0.765644 0.143855 0.098160
1 0.727654 0.897546 0.125698 0.143558
