1 0.091056 0.266709 0.136986 0.366961
1 0.587027 0.264817 0.058824 0.353090
1 0.741741 0.212484 0.234488 0.248424
1 0.914182 0.264817 0.100725 0.353090
1 0.252216 0.266078 0.165995 0.348045
1 0.366640 0.244641 0.078969 0.305170
1 0.461322 0.177806 0.100725 0.171501
1 0.675665 0.354351 0.102337 0.174023
1 0.296938 0.355612 0.089444 0.168979
1 0.461322 0.310845 0.100725 0.079445
1 0.763497 0.358134 0.062047 0.166456
1 0.829170 0.392812 0.059629 0.097100
1 0.427478 0.399117 0.033038 0.081967
1 0.480661 0.399117 0.062047 0.081967
1 0.376309 0.421816 0.059629 0.036570
1 0.375907 0.486129 0.042707 0.054224
1 0.464142 0.635561 0.161160 0.133670
1 0.668815 0.743380 0.095085 0.349306
1 0.582192 0.641236 0.060435 0.129887
1 0.448026 0.817150 0.128928 0.201765
1 0.566076 0.817150 0.092667 0.201765
