1 0.126814 0.278699 0.089007 0.184311
1 0.287528 0.335778 0.208984 0.271684
1 0.469029 0.297034 0.143415 0.194196
1 0.174526 0.525351 0.160993 0.282207
1 0.469029 0.465402 0.143415 0.130421
1 0.323521 0.526626 0.136998 0.110013
1 0.848493 0.579719 0.215960 0.191327
1 0.666434 0.579560 0.133650 0.183992
1 0.469029 0.601403 0.143415 0.130102
1 0.283064 0.626913 0.052734 0.079082
1 0.353237 0.626913 0.077567 0.079082
1 0.160017 0.731824 0.131975 0.116709
1 0.249023 0.731824 0.035993 0.116709
1 0.352260 0.790816 0.147042 0.221939
1 0.060686 0.731027 0.043248 0.057079
1 0.129883 0.846142 0.071708 0.098533
1 0.217494 0.844069 0.092913 0.094388
