1 0.473831 0.313375 0.471047 0.480560
1 0.791203 0.292379 0.226058 0.261275
1 0.609131 0.307932 0.129176 0.183515
1 0.937639 0.345257 0.124722 0.258165
1 0.412584 0.277605 0.083519 0.110420
1 0.496659 0.290047 0.075724 0.135303
1 0.454343 0.427683 0.167038 0.164852
1 0.672049 0.593313 0.255011 0.368585
1 0.944878 0.480560 0.072383 0.121306
1 0.851893 0.545879 0.104677 0.245723
1 0.085746 0.695179 0.171492 0.469673
1 0.277283 0.704510 0.184855 0.488336
1 0.954343 0.630638 0.091314 0.293935
1 0.405345 0.557543 0.077951 0.076205
1 0.521715 0.648523 0.141425 0.258165
1 0.408686 0.646190 0.084633 0.082426
1 0.851893 0.727061 0.104677 0.101089
1 0.406459 0.735614 0.080178 0.083981
1 0.840200 0.853810 0.125835 0.111975
1 0.875278 0.959565 0.060134 0.062208
