1 0.248897 0.553055 0.415441 0.655949
1 0.659926 0.596463 0.197794 0.327974
1 0.816544 0.596463 0.108088 0.327974
1 0.244485 0.530547 0.094853 0.183280
1 0.322059 0.500000 0.052941 0.122186
1 0.377941 0.500000 0.052941 0.122186
1 0.112500 0.542605 0.038235 0.078778
1 0.163971 0.575563 0.058824 0.144695
1 0.350000 0.668006 0.108824 0.200965
1 0.112500 0.653537 0.038235 0.127010
1 0.243382 0.695338 0.097059 0.146302
1 0.377941 0.695338 0.052941 0.146302
1 0.164706 0.698553 0.060294 0.139871
1 0.112500 0.745177 0.038235 0.046624
1 0.201838 0.746785 0.031618 0.043408
