1 0.745086 0.116895 0.077417 0.108864
1 0.862014 0.134146 0.146811 0.143367
1 0.275572 0.142475 0.109908 0.150506
1 0.394505 0.142475 0.117529 0.150506
1 0.132972 0.132957 0.164059 0.085068
1 0.625351 0.147829 0.092258 0.042237
1 0.559366 0.240036 0.081428 0.124331
1 0.730846 0.294468 0.252708 0.233195
1 0.099278 0.244497 0.120738 0.122546
1 0.197353 0.299524 0.064180 0.232600
1 0.888087 0.271565 0.094665 0.163593
1 0.823907 0.250446 0.024870 0.078525
1 0.246691 0.247769 0.022463 0.044616
1 0.273767 0.247769 0.022864 0.044616
1 0.315884 0.247769 0.051745 0.044616
1 0.400120 0.298632 0.106298 0.146341
1 0.613117 0.268590 0.017248 0.067222
1 0.654834 0.276919 0.057361 0.083879
1 0.288608 0.347412 0.106298 0.136823
1 0.586843 0.378941 0.113117 0.141582
1 0.105696 0.384593 0.107902 0.143367
1 0.678099 0.368233 0.060570 0.085663
1 0.877858 0.406306 0.115122 0.089233
1 0.367429 0.417906 0.040915 0.076740
1 0.422583 0.417906 0.061372 0.076740
1 0.194344 0.439917 0.059767 0.032719
1 0.319093 0.439917 0.044525 0.032719
1 0.586643 0.519334 0.029282 0.016657
1 0.511633 0.520226 0.027677 0.014872
1 0.408544 0.543129 0.029282 0.019036
1 0.311071 0.543427 0.031689 0.018441
1 0.493181 0.617490 0.101484 0.141582
1 0.607902 0.617490 0.108704 0.141582
1 0.291215 0.629982 0.070598 0.116597
1 0.383073 0.629982 0.093863 0.116597
1 0.519254 0.646639 0.049338 0.083284
1 0.410148 0.660619 0.039711 0.055324
1 0.410148 0.813504 0.308464 0.215943
1 0.482150 0.748662 0.092258 0.086258
1 0.597473 0.813504 0.131970 0.215943
1 0.559366 0.849197 0.010028 0.063653
