1 0.791424 0.160423 0.046512 0.076547
1 0.231105 0.478013 0.071221 0.516287
1 0.299782 0.362378 0.054506 0.285016
1 0.075945 0.301303 0.085029 0.159609
1 0.156613 0.301303 0.064680 0.159609
1 0.588663 0.538274 0.140988 0.627036
1 0.651526 0.263029 0.051599 0.076547
1 0.719477 0.368893 0.187500 0.288274
1 0.785247 0.263029 0.055959 0.076547
1 0.889172 0.373779 0.151890 0.298046
1 0.367006 0.367264 0.068314 0.275244
1 0.440044 0.277687 0.066134 0.096091
1 0.651526 0.358306 0.051599 0.094463
1 0.440044 0.417752 0.066134 0.157980
1 0.111192 0.621336 0.155523 0.454397
1 0.839026 0.491042 0.041424 0.040717
1 0.867006 0.682410 0.196221 0.338762
1 0.336846 0.683225 0.128634 0.330619
1 0.441860 0.570033 0.072674 0.104235
1 0.713299 0.688111 0.099564 0.327362
1 0.441860 0.741042 0.072674 0.214984
1 0.231105 0.798860 0.071221 0.099349
1 0.254724 0.926710 0.442587 0.097720
1 0.740916 0.925896 0.445494 0.096091
