1 0.185272 0.211340 0.211836 0.218786
1 0.045730 0.241695 0.043040 0.089347
1 0.367855 0.356816 0.127774 0.305842
1 0.495629 0.320733 0.114324 0.233677
1 0.658373 0.358534 0.197714 0.309278
1 0.841964 0.291523 0.158709 0.175258
1 0.185272 0.537228 0.211836 0.407789
1 0.882650 0.462772 0.067922 0.187858
1 0.801950 0.451890 0.078682 0.120275
1 0.498991 0.578465 0.121049 0.261168
1 0.673504 0.667239 0.227976 0.308133
1 0.333894 0.564147 0.059852 0.085911
1 0.400807 0.564147 0.061870 0.085911
1 0.857767 0.673540 0.127102 0.295533
1 0.381305 0.719359 0.154674 0.203895
1 0.559852 0.765750 0.000672 0.111111
1 0.509415 0.770332 0.088097 0.101947
1 0.157364 0.805269 0.123739 0.087056
1 0.259919 0.805269 0.053127 0.087056
1 0.412912 0.894044 0.229993 0.090493
