1 0.478701 0.179259 0.088392 0.275556
1 0.179979 0.132593 0.164004 0.140741
1 0.340256 0.239259 0.158679 0.354074
1 0.638978 0.137037 0.076677 0.137778
1 0.786475 0.147407 0.207668 0.158519
1 0.179446 0.309630 0.162939 0.213333
1 0.686368 0.269630 0.203408 0.112593
1 0.841853 0.279259 0.096912 0.093333
1 0.128328 0.374074 0.060703 0.084444
1 0.671991 0.441481 0.142705 0.213333
1 0.819489 0.441481 0.141640 0.213333
1 0.252396 0.484444 0.174654 0.118519
1 0.382322 0.484444 0.074547 0.118519
1 0.166667 0.531111 0.190628 0.188148
1 0.165602 0.686667 0.150160 0.096296
