1 0.135169 0.175153 0.210263 0.264766
1 0.396120 0.176171 0.291615 0.266802
1 0.658323 0.172098 0.215269 0.258656
1 0.869212 0.312627 0.188986 0.539715
1 0.396120 0.370672 0.291615 0.105906
1 0.658323 0.452138 0.215269 0.260692
1 0.135169 0.452138 0.210263 0.256619
1 0.359199 0.579430 0.137672 0.283096
1 0.461202 0.469450 0.053817 0.063136
1 0.516896 0.469450 0.050063 0.063136
1 0.267209 0.549898 0.033792 0.085540
1 0.488110 0.579430 0.107635 0.136456
1 0.668335 0.564155 0.032541 0.036660
1 0.708385 0.564155 0.040050 0.036660
1 0.749061 0.564155 0.033792 0.036660
1 0.302253 0.703666 0.103880 0.209776
1 0.707760 0.625255 0.053817 0.048880
1 0.464330 0.688391 0.060075 0.065173
1 0.488110 0.732179 0.107635 0.152749
1 0.393617 0.770876 0.068836 0.075356
1 0.397997 0.867617 0.102628 0.085540
