1 0.315574 0.189349 0.368852 0.210059
1 0.308197 0.098373 0.022951 0.028107
1 0.584426 0.105769 0.027869 0.036982
1 0.614754 0.105769 0.022951 0.036982
1 0.644262 0.105769 0.026230 0.036982
1 0.681967 0.105769 0.039344 0.036982
1 0.772131 0.223373 0.121311 0.272189
1 0.868852 0.104290 0.140984 0.034024
1 0.890164 0.194527 0.098361 0.134615
1 0.636066 0.227071 0.131148 0.193787
1 0.199180 0.287722 0.136066 0.137574
1 0.736066 0.245562 0.049180 0.026627
1 0.387705 0.311391 0.224590 0.090237
1 0.878689 0.314349 0.121311 0.090237
1 0.852459 0.338018 0.068852 0.042899
1 0.636066 0.344675 0.131148 0.029586
1 0.422951 0.406065 0.154098 0.081361
1 0.409836 0.477071 0.137705 0.042899
1 0.427049 0.702663 0.096721 0.251479
1 0.531967 0.621302 0.093443 0.088757
1 0.620492 0.613905 0.060656 0.073964
1 0.695902 0.613905 0.070492 0.073964
1 0.656557 0.748521 0.149180 0.177515
1 0.531967 0.750000 0.093443 0.156805
1 0.660656 0.884615 0.140984 0.076923
