1 0.767943 0.159555 0.081340 0.170686
1 0.639553 0.269017 0.287081 0.333952
1 0.340510 0.236549 0.298246 0.176252
1 0.208134 0.346939 0.033493 0.029685
1 0.245614 0.346939 0.031898 0.029685
1 0.288676 0.346939 0.044657 0.029685
1 0.333333 0.346939 0.035088 0.029685
1 0.371611 0.346939 0.031898 0.029685
1 0.443381 0.384045 0.092504 0.103896
1 0.289474 0.438776 0.196172 0.139147
1 0.492026 0.586271 0.189793 0.282004
1 0.688198 0.523191 0.189793 0.155844
1 0.768740 0.456401 0.028708 0.022263
1 0.609250 0.585343 0.031898 0.031540
1 0.646730 0.577922 0.030303 0.016698
1 0.688198 0.679963 0.189793 0.142857
