1 0.295938 0.109167 0.155625 0.161667
1 0.432188 0.109167 0.151875 0.161667
1 0.645000 0.147917 0.275000 0.239167
1 0.262813 0.227917 0.089375 0.062500
1 0.410313 0.270417 0.194375 0.147500
1 0.295000 0.344167 0.153750 0.153333
1 0.399375 0.305833 0.043750 0.076667
1 0.647813 0.344167 0.269375 0.153333
1 0.442500 0.386667 0.130000 0.068333
1 0.261875 0.480417 0.087500 0.104167
1 0.371563 0.513750 0.119375 0.170833
1 0.472500 0.467500 0.071250 0.078333
1 0.261875 0.586250 0.087500 0.092500
1 0.392188 0.596250 0.078125 0.072500
1 0.324688 0.680000 0.213125 0.080000
1 0.324688 0.807500 0.213125 0.160000
