1 0.862454 0.391975 0.189591 0.067901
1 0.330855 0.430041 0.052045 0.045267
1 0.382900 0.430041 0.040892 0.045267
1 0.502788 0.469136 0.191450 0.123457
1 0.750929 0.508230 0.178439 0.135802
1 0.896840 0.508230 0.113383 0.135802
1 0.354089 0.520576 0.098513 0.127572
1 0.493494 0.538066 0.094796 0.092593
1 0.571561 0.538066 0.053903 0.092593
1 0.424721 0.560700 0.035316 0.047325
1 0.711896 0.599794 0.100372 0.030864
1 0.860595 0.622428 0.185874 0.076132
1 0.432156 0.624486 0.061338 0.055556
1 0.550186 0.624486 0.096654 0.055556
1 0.711896 0.689300 0.100372 0.135802
1 0.549257 0.743827 0.113383 0.162551
1 0.786245 0.710905 0.037175 0.092593
1 0.882900 0.710905 0.141264 0.092593
