1 0.273296 0.191495 0.073013 0.109018
1 0.350545 0.208904 0.074223 0.143836
1 0.425575 0.208904 0.067769 0.143836
1 0.505446 0.210902 0.083905 0.147831
1 0.580274 0.171518 0.057685 0.069064
1 0.632916 0.171518 0.039532 0.069064
1 0.580274 0.246290 0.057685 0.069064
1 0.632916 0.246290 0.039532 0.069064
1 0.273296 0.350171 0.073013 0.198059
1 0.536103 0.367009 0.125857 0.164384
1 0.335821 0.309075 0.044776 0.043950
1 0.417709 0.351598 0.110932 0.128995
1 0.622428 0.327055 0.038725 0.066210
1 0.700282 0.354167 0.108915 0.120434
1 0.787818 0.315925 0.058895 0.043950
1 0.866277 0.335331 0.090762 0.082763
1 0.946753 0.384703 0.082291 0.181507
1 0.349334 0.392694 0.071803 0.113014
1 0.404599 0.363014 0.031464 0.053653
1 0.787818 0.410959 0.058895 0.134703
1 0.622428 0.390126 0.038725 0.048516
1 0.861234 0.428653 0.080678 0.093607
1 0.968132 0.428653 0.039532 0.093607
1 0.404599 0.422089 0.031464 0.054224
1 0.678903 0.479737 0.151674 0.119292
1 0.733159 0.452340 0.043163 0.064498
1 0.446954 0.435217 0.045180 0.027968
1 0.838241 0.473744 0.034691 0.044521
1 0.847519 0.652683 0.280758 0.348744
1 0.653086 0.611587 0.100040 0.132991
1 0.621622 0.707477 0.037112 0.047374
1 0.676482 0.755422 0.146833 0.143265
