1 0.654913 0.133504 0.160694 0.213094
1 0.856069 0.133504 0.225434 0.213094
1 0.082659 0.102696 0.084393 0.128370
1 0.227746 0.137356 0.166474 0.197689
1 0.420809 0.137356 0.201156 0.197689
1 0.594798 0.185494 0.040462 0.109114
1 0.082659 0.224647 0.084393 0.097561
1 0.227746 0.351733 0.166474 0.200257
1 0.420809 0.351733 0.201156 0.200257
1 0.594798 0.356226 0.040462 0.209243
1 0.772254 0.353017 0.282081 0.202824
1 0.949711 0.356226 0.038150 0.209243
1 0.454913 0.605905 0.158382 0.184852
1 0.654913 0.731065 0.218497 0.435173
1 0.450867 0.826701 0.150289 0.231065
1 0.424855 0.896021 0.098266 0.092426
