1 0.176842 0.192440 0.133333 0.169530
1 0.288421 0.203895 0.060351 0.153494
1 0.743158 0.360252 0.447719 0.127148
1 0.084211 0.445590 0.110877 0.288660
1 0.179649 0.412944 0.070175 0.223368
1 0.260702 0.356243 0.082105 0.109966
1 0.391579 0.387743 0.169825 0.172967
1 0.261404 0.469072 0.077895 0.099656
1 0.592982 0.553265 0.147368 0.222222
1 0.745263 0.624857 0.147368 0.365407
1 0.895439 0.552692 0.143158 0.221077
1 0.391579 0.643184 0.169825 0.337915
1 0.225614 0.672394 0.162105 0.279496
1 0.711930 0.623139 0.080702 0.082474
1 0.836842 0.622566 0.075088 0.081329
1 0.084211 0.705040 0.110877 0.214204
1 0.633333 0.745132 0.228070 0.124857
1 0.887719 0.745132 0.158596 0.124857
1 0.172982 0.760596 0.056842 0.103093
1 0.234035 0.886598 0.153684 0.100802
