1 0.271875 0.167917 0.375694 0.164167
1 0.667708 0.166667 0.221528 0.160833
1 0.857986 0.125000 0.134028 0.077500
1 0.859375 0.253958 0.143750 0.168750
1 0.121181 0.230833 0.074306 0.038333
1 0.667708 0.315208 0.221528 0.192917
1 0.271875 0.331250 0.375694 0.162500
1 0.786111 0.421458 0.290278 0.157917
1 0.197917 0.457292 0.227778 0.089583
1 0.598958 0.458750 0.084028 0.083333
1 0.390972 0.460417 0.137500 0.083333
1 0.272222 0.685833 0.380556 0.345833
1 0.663542 0.566250 0.222917 0.100000
1 0.201736 0.907708 0.239583 0.082917
