1 0.502778 0.100679 0.864815 0.147059
1 0.175926 0.335973 0.174074 0.269231
1 0.356481 0.335973 0.175926 0.269231
1 0.576852 0.507919 0.253704 0.613122
1 0.812037 0.334842 0.201852 0.266968
1 0.868519 0.505656 0.085185 0.133484
1 0.764815 0.554299 0.107407 0.153846
1 0.137963 0.528281 0.098148 0.097285
1 0.322222 0.647059 0.255556 0.334842
1 0.867593 0.626697 0.090741 0.090498
1 0.179630 0.699095 0.181481 0.230769
1 0.812037 0.728507 0.201852 0.171946
1 0.313889 0.740950 0.072222 0.147059
1 0.372222 0.886878 0.174074 0.090498
1 0.737963 0.878959 0.072222 0.074661
