1 0.143271 0.247549 0.026049 0.086601
1 0.702605 0.250000 0.134588 0.081699
1 0.192475 0.406046 0.214182 0.387255
1 0.307525 0.389706 0.143271 0.171569
1 0.659190 0.372549 0.209841 0.133987
1 0.809696 0.372549 0.079595 0.133987
1 0.392909 0.636438 0.276411 0.413399
1 0.900145 0.522876 0.075253 0.166667
1 0.425470 0.521242 0.075253 0.156863
1 0.620839 0.479575 0.133140 0.063725
1 0.701881 0.523693 0.295224 0.151961
1 0.304631 0.502451 0.149059 0.106209
1 0.342981 0.558007 0.072359 0.057190
1 0.251809 0.650327 0.101302 0.183007
1 0.327786 0.625817 0.102750 0.068627
1 0.139653 0.673203 0.108538 0.137255
1 0.627352 0.673203 0.146165 0.133987
1 0.777135 0.673203 0.144718 0.133987
1 0.340087 0.703431 0.075253 0.076797
1 0.175109 0.790850 0.133140 0.084967
