1 0.216342 0.212320 0.292607 0.275229
1 0.532296 0.279817 0.333074 0.410223
1 0.798444 0.222149 0.188327 0.203145
1 0.320233 0.547182 0.312062 0.512451
1 0.850195 0.406946 0.081712 0.148100
1 0.755642 0.408912 0.093385 0.144168
1 0.114397 0.429227 0.088716 0.137615
1 0.587549 0.644168 0.222568 0.318480
1 0.744747 0.522936 0.080934 0.065531
1 0.798444 0.646789 0.188327 0.313237
1 0.141245 0.633028 0.142412 0.249017
1 0.289105 0.633028 0.140856 0.249017
1 0.937354 0.671691 0.059922 0.211009
1 0.865759 0.739843 0.053696 0.127130
1 0.414008 0.903670 0.118288 0.150721
