1 0.817167 0.341944 0.225667 0.388333
1 0.544500 0.340556 0.219667 0.384444
1 0.202833 0.377778 0.222333 0.326667
1 0.111000 0.475000 0.038667 0.132222
1 0.325667 0.487222 0.121333 0.093333
1 0.878833 0.586111 0.102333 0.241111
1 0.763333 0.696389 0.118000 0.320556
1 0.477167 0.627778 0.093000 0.158889
1 0.593833 0.701667 0.121000 0.306667
1 0.167500 0.676944 0.151667 0.255000
1 0.325667 0.615556 0.121333 0.091111
1 0.248167 0.782778 0.143667 0.175556
1 0.453000 0.788889 0.049333 0.147778
1 0.503000 0.752778 0.041333 0.075556
1 0.876167 0.782500 0.097000 0.133889
1 0.503000 0.823333 0.041333 0.053333
1 0.131500 0.829167 0.079667 0.017222
1 0.452167 0.909167 0.060333 0.072778
