1 0.744832 0.126804 0.063307 0.072165
1 0.161499 0.128866 0.064599 0.068041
1 0.118217 0.277320 0.135659 0.208247
1 0.300388 0.330928 0.192506 0.278351
1 0.546512 0.330928 0.286822 0.278351
1 0.801034 0.330928 0.206718 0.278351
1 0.118217 0.606186 0.135659 0.428866
1 0.419897 0.571134 0.136951 0.202062
1 0.237080 0.520619 0.065891 0.080412
1 0.310078 0.520619 0.067183 0.080412
1 0.611111 0.641237 0.229974 0.321649
1 0.775840 0.554639 0.086563 0.148454
1 0.864987 0.590722 0.078811 0.220619
1 0.273902 0.687629 0.139535 0.228866
1 0.759690 0.720619 0.118863 0.162887
1 0.379199 0.742268 0.055556 0.119588
1 0.450904 0.742268 0.074935 0.119588
1 0.945736 0.751546 0.046512 0.101031
1 0.864987 0.756701 0.078811 0.090722
1 0.127261 0.903093 0.166667 0.144330
1 0.421835 0.903093 0.156331 0.144330
