1 0.184844 0.076389 0.155658 0.129630
1 0.594982 0.207755 0.152586 0.079861
1 0.717358 0.333333 0.071685 0.331019
1 0.835637 0.207755 0.144393 0.079861
1 0.058116 0.252315 0.065028 0.162037
1 0.136713 0.307870 0.084997 0.273148
1 0.330261 0.512153 0.293907 0.681713
1 0.597542 0.450810 0.157706 0.359954
1 0.832821 0.513310 0.150026 0.484954
1 0.058116 0.429398 0.065028 0.173611
1 0.949565 0.513889 0.061956 0.284722
1 0.136713 0.513310 0.084997 0.114583
1 0.221454 0.596065 0.076293 0.210648
1 0.717358 0.633102 0.071685 0.245370
1 0.272145 0.534722 0.004608 0.020833
1 0.769329 0.536458 0.004608 0.021991
1 0.102407 0.690972 0.153610 0.324074
1 0.597542 0.698495 0.157706 0.114583
1 0.218382 0.781829 0.070148 0.142361
1 0.713262 0.818866 0.389145 0.079861
1 0.216078 0.936343 0.097286 0.108796
