1 0.264995 0.124710 0.328244 0.156613
1 0.927481 0.124710 0.110142 0.149652
1 0.800164 0.521462 0.120502 0.609049
1 0.924482 0.424014 0.115049 0.414153
1 0.092148 0.291763 0.069793 0.140371
1 0.183479 0.347448 0.104144 0.251740
1 0.332879 0.367749 0.187023 0.292343
1 0.673119 0.407773 0.124864 0.228538
1 0.482279 0.530162 0.100872 0.387471
1 0.093511 0.488399 0.065976 0.236659
1 0.151036 0.546404 0.039258 0.118329
1 0.240731 0.663573 0.131407 0.352668
1 0.366412 0.676914 0.119956 0.325986
1 0.673119 0.645012 0.124864 0.229698
1 0.763631 0.717517 0.047437 0.216937
1 0.031080 0.705916 0.034896 0.184455
1 0.113959 0.727958 0.113413 0.223898
1 0.924482 0.698376 0.115049 0.116009
1 0.204198 0.791763 0.058342 0.096288
1 0.258997 0.904872 0.181025 0.092807
