1 0.347589 0.197100 0.385692 0.239028
1 0.660187 0.194749 0.143079 0.234326
1 0.781104 0.139107 0.137636 0.123041
1 0.914852 0.112069 0.117418 0.068966
1 0.891524 0.279781 0.164075 0.252351
1 0.762053 0.237853 0.046656 0.060345
1 0.461120 0.315439 0.158631 0.181034
1 0.340591 0.292712 0.069984 0.036834
1 0.695568 0.340517 0.213841 0.130878
1 0.101866 0.362853 0.082426 0.117555
1 0.263219 0.400078 0.224728 0.166928
1 0.420684 0.480016 0.264386 0.124608
1 0.101866 0.427508 0.082426 0.003918
1 0.440124 0.628135 0.118196 0.121473
1 0.554821 0.600313 0.097201 0.065831
1 0.689736 0.644201 0.158631 0.153605
1 0.554821 0.664577 0.097201 0.048589
1 0.405521 0.719044 0.048989 0.047806
1 0.520218 0.795063 0.166407 0.199843
1 0.554821 0.769592 0.097201 0.148903
1 0.689736 0.807994 0.158631 0.173981
1 0.405132 0.773511 0.049767 0.048589
1 0.438569 0.886755 0.116641 0.165361
