1 0.280807 0.106713 0.306199 0.111222
1 0.440254 0.106713 0.002240 0.111222
1 0.361837 0.401804 0.145631 0.436874
1 0.475728 0.422345 0.070202 0.477956
1 0.671023 0.422345 0.320388 0.477956
1 0.832338 0.299098 0.169529 0.231463
1 0.182226 0.241984 0.073189 0.111222
1 0.268484 0.245491 0.090366 0.112224
1 0.212845 0.361723 0.140403 0.106212
1 0.877147 0.471443 0.079910 0.099198
1 0.215833 0.525551 0.134429 0.205411
1 0.703883 0.644790 0.115758 0.231463
1 0.841673 0.644790 0.150859 0.231463
1 0.284167 0.694389 0.109783 0.132265
1 0.182972 0.694890 0.080657 0.131263
1 0.389470 0.694890 0.090366 0.131263
1 0.498133 0.710922 0.115011 0.099198
1 0.600822 0.714429 0.079910 0.092184
1 0.281180 0.837174 0.305452 0.113226
1 0.439134 0.837174 0.001494 0.113226
