1 0.271157 0.147465 0.148532 0.175115
1 0.448187 0.271889 0.167530 0.423963
1 0.605354 0.267281 0.132988 0.414747
1 0.741796 0.339862 0.126079 0.269585
1 0.276339 0.370968 0.158895 0.248848
1 0.659758 0.470046 0.024180 0.009217
1 0.542314 0.555300 0.355786 0.142857
1 0.765976 0.555300 0.077720 0.142857
1 0.233161 0.512673 0.072539 0.016129
1 0.316926 0.573733 0.077720 0.138249
1 0.233161 0.586406 0.072539 0.112903
1 0.712435 0.609447 0.015544 0.034562
1 0.303109 0.748848 0.212435 0.221198
1 0.448187 0.683180 0.060449 0.089862
1 0.448187 0.786866 0.060449 0.094470
1 0.448187 0.852535 0.060449 0.013825
