1 0.830377 0.230132 0.246120 0.344371
1 0.432927 0.341887 0.200665 0.365894
1 0.615854 0.322848 0.154102 0.241722
1 0.111419 0.346026 0.138581 0.284768
1 0.260532 0.309603 0.148559 0.211921
1 0.752217 0.596854 0.089800 0.372517
1 0.878049 0.596854 0.150776 0.372517
1 0.259424 0.560430 0.146341 0.273179
1 0.623614 0.518212 0.140798 0.129139
1 0.075942 0.544702 0.067627 0.092715
1 0.148559 0.544702 0.064302 0.092715
1 0.434035 0.678808 0.194013 0.291391
1 0.578160 0.604305 0.080931 0.142384
1 0.659091 0.633278 0.069845 0.084437
1 0.111419 0.711921 0.138581 0.225166
1 0.615854 0.754139 0.156319 0.140728
1 0.224501 0.764901 0.076497 0.119205
1 0.299889 0.764901 0.063193 0.119205
1 0.256652 0.908940 0.140798 0.125828
