1 0.397341 0.278407 0.217043 0.220380
1 0.545182 0.417105 0.121533 0.172665
1 0.678010 0.432268 0.126966 0.202992
1 0.219617 0.402548 0.133257 0.140315
1 0.358593 0.510716 0.135545 0.215932
1 0.455533 0.453093 0.049185 0.100687
1 0.192308 0.548726 0.078639 0.139911
1 0.250929 0.526082 0.070632 0.094622
1 0.539462 0.589365 0.217043 0.159725
1 0.678439 0.640113 0.126108 0.199757
1 0.256077 0.592398 0.040320 0.052568
1 0.556477 0.666397 0.100658 0.147190
1 0.329139 0.707643 0.194452 0.177922
1 0.190449 0.682572 0.074921 0.115649
1 0.131398 0.682976 0.023163 0.054185
1 0.466257 0.707845 0.070632 0.064294
1 0.475407 0.780024 0.079211 0.053376
