1 0.332551 0.040595 0.076682 0.056834
1 0.217527 0.145467 0.159624 0.128552
1 0.334116 0.304465 0.064163 0.446549
1 0.438185 0.153586 0.134585 0.144790
1 0.217527 0.276049 0.159624 0.121786
1 0.438185 0.303112 0.134585 0.146143
1 0.179969 0.390392 0.084507 0.096076
1 0.262911 0.378890 0.068858 0.073072
1 0.438185 0.453992 0.134585 0.147497
1 0.262911 0.441137 0.068858 0.040595
1 0.179969 0.485115 0.084507 0.085250
1 0.262911 0.496617 0.068858 0.062246
1 0.724570 0.562246 0.413146 0.066306
1 0.188576 0.634641 0.223787 0.200271
1 0.435055 0.669824 0.269171 0.270636
1 0.444444 0.617727 0.122066 0.166441
1 0.539906 0.623139 0.059468 0.036536
1 0.659624 0.663058 0.170579 0.116373
1 0.834116 0.663058 0.169014 0.116373
1 0.482003 0.667118 0.046948 0.067659
1 0.539906 0.682679 0.059468 0.077131
1 0.951487 0.750338 0.040689 0.063599
1 0.746479 0.753721 0.344288 0.056834
1 0.186228 0.818674 0.219092 0.167794
1 0.430360 0.813938 0.056338 0.055480
1 0.484351 0.813938 0.042254 0.055480
1 0.540689 0.825440 0.057903 0.078484
1 0.659624 0.844384 0.170579 0.116373
1 0.834898 0.844384 0.167449 0.116373
1 0.349765 0.855886 0.095462 0.093369
1 0.453834 0.874154 0.103286 0.056834
1 0.540689 0.885656 0.057903 0.033829
1 0.396714 0.952639 0.167449 0.075778
