1 0.198133 0.196701 0.263485 0.220812
1 0.439834 0.304569 0.199170 0.436548
1 0.199170 0.467005 0.265560 0.289340
1 0.650415 0.440355 0.184647 0.139594
1 0.830913 0.479695 0.155602 0.192893
1 0.338174 0.649746 0.161826 0.253807
1 0.523859 0.618020 0.192946 0.170051
1 0.681535 0.571066 0.101660 0.076142
1 0.830913 0.758883 0.155602 0.340102
1 0.681535 0.700508 0.101660 0.162437
1 0.156639 0.659898 0.180498 0.076142
1 0.156639 0.813452 0.180498 0.205584
1 0.523859 0.814721 0.192946 0.203046
1 0.289419 0.837563 0.064315 0.101523
1 0.374481 0.837563 0.089212 0.101523
1 0.681535 0.855330 0.101660 0.121827
