1 0.169658 0.282044 0.126496 0.206167
1 0.292949 0.282044 0.108120 0.206167
1 0.388889 0.282044 0.071795 0.206167
1 0.550427 0.280230 0.237607 0.202539
1 0.749145 0.386941 0.140171 0.159613
1 0.024145 0.405381 0.048291 0.113059
1 0.086325 0.405381 0.064957 0.113059
1 0.894872 0.501209 0.151282 0.298670
1 0.145513 0.428356 0.042308 0.067110
1 0.192308 0.419891 0.040171 0.050181
1 0.241453 0.428356 0.047863 0.067110
1 0.314744 0.428356 0.087607 0.067110
1 0.398932 0.428356 0.070513 0.067110
1 0.555556 0.437424 0.227350 0.085248
1 0.192308 0.453446 0.040171 0.016929
1 0.140812 0.495466 0.034615 0.045345
1 0.239530 0.494861 0.033761 0.044135
1 0.389103 0.493954 0.038889 0.042322
1 0.794444 0.568319 0.030769 0.176542
1 0.889530 0.619407 0.064530 0.062273
1 0.948077 0.619407 0.044872 0.062273
