1 0.220751 0.386503 0.251656 0.274029
1 0.481236 0.408998 0.247241 0.319018
1 0.708609 0.339468 0.207506 0.179959
1 0.895143 0.340491 0.090508 0.182004
1 0.209713 0.483640 0.026490 0.047035
1 0.290287 0.483640 0.112583 0.047035
1 0.220751 0.614519 0.251656 0.161554
1 0.322296 0.546012 0.048565 0.024540
1 0.402870 0.705521 0.090508 0.257669
1 0.502208 0.602249 0.081678 0.051125
1 0.321192 0.647239 0.050773 0.026585
1 0.520971 0.685072 0.119205 0.094070
1 0.321192 0.682004 0.050773 0.026585
1 0.220751 0.769939 0.251656 0.128834
