1 0.615311 0.093998 0.170335 0.092865
1 0.191866 0.253681 0.119617 0.192525
1 0.315311 0.253681 0.115789 0.192525
1 0.423445 0.212344 0.088995 0.109853
1 0.520096 0.253681 0.092823 0.192525
1 0.636842 0.253681 0.127273 0.192525
1 0.733014 0.193092 0.053589 0.071348
1 0.797608 0.193092 0.064115 0.071348
1 0.754545 0.323330 0.150239 0.175538
1 0.423445 0.312571 0.088995 0.074745
1 0.163636 0.391846 0.063158 0.070215
1 0.277512 0.450170 0.153110 0.186863
1 0.513876 0.509626 0.319617 0.305776
1 0.729665 0.515855 0.200000 0.195923
1 0.191866 0.525481 0.119617 0.183465
1 0.305742 0.583805 0.096651 0.066818
1 0.465550 0.764439 0.368421 0.269536
