1 0.459459 0.173706 0.464865 0.235480
1 0.786486 0.111404 0.189189 0.110876
1 0.791892 0.205913 0.178378 0.057022
1 0.786486 0.352165 0.189189 0.214361
1 0.322162 0.356917 0.190270 0.204857
1 0.560000 0.375396 0.263784 0.167899
1 0.468108 0.409715 0.080000 0.099261
1 0.645946 0.428722 0.091892 0.061246
1 0.370811 0.652587 0.289730 0.198522
1 0.707027 0.652587 0.356757 0.198522
1 0.800000 0.609293 0.170811 0.111932
1 0.310270 0.857973 0.168649 0.186906
1 0.461622 0.808342 0.108108 0.087645
1 0.615676 0.857973 0.174054 0.186906
1 0.800000 0.808342 0.170811 0.087645
1 0.558378 0.829989 0.059459 0.044351
1 0.497838 0.908131 0.180541 0.086589
1 0.800000 0.908131 0.170811 0.086589
