1 0.363835 0.138958 0.275832 0.121588
1 0.150613 0.143921 0.134851 0.111663
1 0.136165 0.282878 0.088441 0.124069
1 0.255692 0.346154 0.134851 0.250620
1 0.404553 0.386476 0.162872 0.331266
1 0.136165 0.418734 0.088441 0.125310
1 0.634413 0.547767 0.163748 0.227047
1 0.831436 0.547767 0.230298 0.227047
1 0.274518 0.621588 0.172504 0.275434
1 0.136165 0.554591 0.088441 0.124069
1 0.052977 0.544665 0.046410 0.096774
1 0.217601 0.587469 0.058669 0.058313
1 0.747373 0.611663 0.046410 0.099256
1 0.799475 0.626551 0.043783 0.129032
1 0.427320 0.710918 0.117338 0.295285
1 0.169440 0.743176 0.154991 0.230769
1 0.339317 0.773573 0.042907 0.169975
1 0.282399 0.814516 0.055166 0.088089
1 0.279335 0.917494 0.089317 0.073201
