1 0.557573 0.235294 0.102352 0.207897
1 0.243913 0.229654 0.079241 0.111201
1 0.497317 0.236906 0.067685 0.099919
1 0.336773 0.294521 0.085844 0.199033
1 0.418489 0.295729 0.070161 0.201450
1 0.497317 0.342466 0.067685 0.096696
1 0.629179 0.442385 0.124226 0.293312
1 0.253818 0.386785 0.072637 0.159549
1 0.579447 0.496374 0.231944 0.298147
1 0.355345 0.419017 0.130417 0.096696
1 0.438919 0.420226 0.029303 0.094279
1 0.763723 0.562047 0.099463 0.374698
1 0.824185 0.489122 0.020636 0.082192
1 0.848535 0.519339 0.069336 0.142627
1 0.879695 0.489525 0.026826 0.082998
1 0.934998 0.512087 0.076352 0.128122
1 0.278787 0.530218 0.021874 0.127317
1 0.325629 0.563255 0.063558 0.191781
1 0.338836 0.514504 0.036319 0.094279
1 0.106686 0.539484 0.058192 0.132957
1 0.241230 0.513296 0.047462 0.078969
1 0.351424 0.480661 0.011143 0.012087
1 0.406934 0.539081 0.092447 0.128928
1 0.175609 0.526591 0.069748 0.097502
1 0.906934 0.626511 0.078828 0.179694
1 0.242468 0.651894 0.096987 0.183723
1 0.061494 0.699436 0.061907 0.262691
1 0.154354 0.665189 0.071812 0.157131
1 0.970904 0.618050 0.030953 0.045125
1 0.838630 0.672844 0.050351 0.153102
1 0.385060 0.678082 0.083368 0.134569
1 0.096162 0.678485 0.037144 0.130540
1 0.316962 0.687349 0.045398 0.041902
1 0.327899 0.773570 0.057367 0.111201
