1 0.249469 0.112263 0.121019 0.143372
1 0.351911 0.112263 0.083864 0.143372
1 0.451699 0.094229 0.094480 0.107304
1 0.627389 0.145176 0.239915 0.209197
1 0.121550 0.094229 0.109342 0.101894
1 0.841295 0.252480 0.141189 0.394950
1 0.184713 0.250676 0.235669 0.191163
1 0.451699 0.202435 0.094480 0.094680
1 0.375796 0.380974 0.129512 0.379621
1 0.506369 0.329576 0.131635 0.141569
1 0.593949 0.458972 0.306794 0.400361
1 0.184183 0.426510 0.236730 0.146078
1 0.184183 0.582958 0.236730 0.152390
1 0.371019 0.619026 0.119958 0.080252
1 0.463376 0.814247 0.383227 0.270514
1 0.564756 0.721371 0.174098 0.084761
