1 0.112380 0.353997 0.145433 0.446982
1 0.328726 0.355628 0.268029 0.450245
1 0.558293 0.584013 0.174279 0.247961
1 0.692308 0.522838 0.076923 0.125612
1 0.828125 0.663948 0.175481 0.384992
1 0.227764 0.667210 0.066106 0.172920
1 0.112380 0.690049 0.145433 0.205546
1 0.299880 0.644372 0.058894 0.101142
1 0.400841 0.725122 0.123798 0.262643
1 0.692308 0.650897 0.076923 0.114192
1 0.515024 0.778140 0.087740 0.156607
1 0.606971 0.778140 0.076923 0.156607
1 0.299880 0.735726 0.058894 0.068515
1 0.692308 0.787928 0.076923 0.137031
1 0.227764 0.782219 0.066106 0.040783
1 0.299880 0.819739 0.058894 0.073409
