1 0.329564 0.105634 0.187399 0.079812
1 0.298061 0.262324 0.376414 0.207746
1 0.606624 0.237089 0.108239 0.157277
1 0.799677 0.274061 0.258481 0.231221
1 0.284330 0.418427 0.122779 0.191315
1 0.606624 0.356221 0.108239 0.066901
1 0.179321 0.451291 0.138934 0.247653
1 0.831987 0.472418 0.193861 0.205399
1 0.415994 0.393779 0.140549 0.045775
1 0.639742 0.485329 0.174475 0.179577
1 0.404685 0.498826 0.163166 0.152582
1 0.285945 0.546948 0.058158 0.056338
1 0.285945 0.616784 0.074313 0.059859
1 0.736672 0.627347 0.374798 0.073944
1 0.107431 0.922535 0.163166 0.077465
