1 0.636995 0.129677 0.102273 0.126701
1 0.709596 0.099490 0.035354 0.066327
1 0.726641 0.160289 0.101010 0.187925
1 0.810606 0.119898 0.061869 0.107143
1 0.893308 0.134779 0.095960 0.136905
1 0.475379 0.154762 0.092172 0.168367
1 0.101957 0.102466 0.059975 0.050170
1 0.153409 0.102466 0.036616 0.050170
1 0.193813 0.110544 0.037879 0.066327
1 0.225063 0.211310 0.100379 0.267857
1 0.257260 0.144133 0.000631 0.133503
1 0.305240 0.144133 0.087753 0.133503
1 0.338384 0.211310 0.162879 0.267857
1 0.121843 0.168793 0.099747 0.073980
1 0.810606 0.190901 0.061869 0.024660
1 0.637311 0.269133 0.101641 0.142007
1 0.830177 0.274235 0.106061 0.131803
1 0.914141 0.274235 0.054293 0.131803
1 0.121843 0.278061 0.099747 0.134354
1 0.293876 0.551446 0.461490 0.614796
1 0.713068 0.299745 0.042298 0.080782
1 0.773990 0.299745 0.071970 0.080782
1 0.196023 0.310374 0.042298 0.069728
1 0.690025 0.383078 0.215909 0.062075
1 0.118056 0.457908 0.090909 0.051871
1 0.189710 0.457908 0.044823 0.051871
1 0.142361 0.554847 0.139520 0.126701
1 0.797664 0.648810 0.164773 0.248299
1 0.631313 0.649660 0.146465 0.221088
1 0.142361 0.738946 0.139520 0.227891
1 0.733586 0.828656 0.119949 0.176020
1 0.627841 0.809099 0.080177 0.082483
1 0.627841 0.886054 0.080177 0.061224
