1 0.427158 0.212737 0.154676 0.094851
1 0.559802 0.301491 0.063849 0.058266
1 0.637590 0.338753 0.086331 0.132791
1 0.425809 0.340786 0.151978 0.134146
1 0.559802 0.370596 0.063849 0.069106
1 0.586331 0.443767 0.046763 0.139566
1 0.410522 0.443089 0.045863 0.070461
1 0.543615 0.436992 0.031475 0.055556
1 0.647032 0.443089 0.067446 0.067751
1 0.366457 0.442412 0.033273 0.063686
1 0.468525 0.444444 0.066547 0.067751
1 0.543615 0.491192 0.031475 0.044715
1 0.398381 0.510840 0.097122 0.065041
1 0.474371 0.547425 0.054856 0.138211
1 0.637140 0.548103 0.087230 0.131436
1 0.601619 0.525745 0.016187 0.013550
1 0.554856 0.573848 0.062950 0.093496
1 0.372752 0.574526 0.045863 0.054201
1 0.413219 0.581978 0.029676 0.069106
1 0.437950 0.581978 0.012590 0.069106
1 0.372752 0.651084 0.045863 0.090786
1 0.423112 0.762873 0.157374 0.271003
