1 0.525499 0.209955 0.350333 0.293213
1 0.808204 0.144796 0.199557 0.162896
1 0.808204 0.271946 0.199557 0.078733
1 0.614745 0.300452 0.240576 0.112217
1 0.808758 0.454751 0.198448 0.274208
1 0.415743 0.435747 0.130820 0.158371
1 0.680155 0.433484 0.109756 0.153846
1 0.519956 0.388235 0.062084 0.052489
1 0.588137 0.388235 0.060976 0.052489
1 0.553769 0.506335 0.129712 0.171041
1 0.679601 0.553846 0.108647 0.076018
1 0.390244 0.556561 0.079823 0.070588
1 0.482262 0.556561 0.088692 0.070588
1 0.295455 0.685973 0.455654 0.173756
1 0.157428 0.866516 0.179601 0.151131
1 0.437361 0.866516 0.364745 0.151131
