1 0.147900 0.317200 0.083400 0.042400
1 0.254000 0.353700 0.115600 0.106600
1 0.324800 0.402500 0.152800 0.204200
1 0.818800 0.367000 0.104000 0.133200
1 0.940800 0.328000 0.058000 0.055200
1 0.870200 0.343600 0.069200 0.080800
1 0.551900 0.424000 0.187800 0.151200
1 0.706300 0.419000 0.111000 0.141200
1 0.889300 0.464300 0.161000 0.209800
1 0.219800 0.458900 0.047200 0.091400
1 0.785900 0.461100 0.038200 0.047000
1 0.293900 0.490600 0.035800 0.076400
1 0.936200 0.561300 0.082000 0.168600
1 0.691800 0.529100 0.234000 0.080200
1 0.514200 0.580000 0.112400 0.151200
1 0.614300 0.601900 0.078200 0.107400
1 0.689200 0.601900 0.064800 0.107400
1 0.812100 0.616300 0.156600 0.069800
