1 0.200368 0.086139 0.052206 0.132673
1 0.273897 0.086139 0.090441 0.132673
1 0.340809 0.090099 0.038971 0.140594
1 0.310294 0.125743 0.017647 0.069307
1 0.452206 0.200000 0.052941 0.114851
1 0.500735 0.200000 0.044118 0.114851
1 0.522794 0.164356 0.033824 0.043564
1 0.542279 0.200000 0.034559 0.114851
1 0.586397 0.200000 0.047794 0.114851
1 0.263603 0.176238 0.028676 0.031683
1 0.287500 0.176238 0.014706 0.031683
1 0.200368 0.204950 0.052206 0.085149
1 0.250368 0.204950 0.043382 0.085149
1 0.305515 0.180198 0.008088 0.023762
1 0.316544 0.180198 0.009559 0.023762
1 0.336029 0.207921 0.048529 0.079208
1 0.291912 0.285149 0.032353 0.166337
1 0.200368 0.310891 0.052206 0.114851
1 0.250368 0.310891 0.043382 0.114851
1 0.336029 0.312871 0.048529 0.110891
1 0.300735 0.392079 0.017647 0.027723
1 0.193015 0.633663 0.059559 0.233663
1 0.262132 0.604950 0.072794 0.176238
1 0.325368 0.632673 0.049265 0.231683
1 0.466544 0.636634 0.078676 0.215842
1 0.535294 0.611881 0.051471 0.166337
1 0.586397 0.638614 0.043382 0.219802
1 0.622426 0.672277 0.015441 0.045545
1 0.553309 0.675248 0.015441 0.039604
1 0.240074 0.744554 0.043382 0.091089
1 0.281250 0.784158 0.034559 0.170297
1 0.535294 0.780198 0.051471 0.154455
1 0.225368 0.762376 0.013971 0.043564
1 0.325368 0.811881 0.049265 0.114851
1 0.189338 0.812871 0.050735 0.112871
1 0.575735 0.807921 0.064706 0.099010
1 0.448529 0.808911 0.042647 0.097030
1 0.497426 0.808911 0.047794 0.097030
1 0.240074 0.829703 0.043382 0.079208
1 0.289338 0.896040 0.021324 0.033663
