1 0.120109 0.063327 0.045496 0.032136
1 0.228389 0.172968 0.274795 0.126654
1 0.038672 0.293951 0.028207 0.073724
1 0.090992 0.293951 0.070974 0.073724
1 0.156506 0.342155 0.054595 0.170132
1 0.262056 0.342155 0.151046 0.170132
1 0.400819 0.342155 0.121019 0.170132
1 0.598726 0.275047 0.167425 0.032136
1 0.729299 0.275047 0.075523 0.032136
1 0.803458 0.376181 0.054595 0.234405
1 0.898089 0.275047 0.116470 0.032136
1 0.598726 0.479206 0.167425 0.361059
1 0.729299 0.457467 0.075523 0.317580
1 0.898089 0.479206 0.116470 0.361059
1 0.055505 0.381853 0.061874 0.090737
1 0.107825 0.381853 0.037307 0.090737
1 0.055505 0.475425 0.061874 0.085066
1 0.160601 0.545369 0.142857 0.224953
1 0.286169 0.545369 0.102821 0.224953
1 0.400819 0.545369 0.121019 0.224953
1 0.803458 0.580340 0.054595 0.158790
1 0.310737 0.596408 0.053685 0.122873
1 0.199727 0.673913 0.375796 0.258979
1 0.729299 0.641777 0.075523 0.035917
