1 0.326951 0.087114 0.200295 0.145191
1 0.613402 0.311252 0.222386 0.270417
1 0.811487 0.378403 0.159057 0.404719
1 0.248895 0.381125 0.388807 0.406534
1 0.131075 0.473684 0.153166 0.221416
1 0.572165 0.514519 0.139912 0.117967
1 0.770250 0.597096 0.241532 0.283122
1 0.572165 0.660617 0.139912 0.156080
1 0.284978 0.661525 0.316642 0.154265
1 0.087629 0.673321 0.066274 0.130672
1 0.374080 0.699637 0.138439 0.078040
1 0.402798 0.803993 0.081001 0.112523
1 0.289396 0.865699 0.116348 0.217786
1 0.402798 0.931034 0.092784 0.105263
