1 0.598306 0.146231 0.180412 0.177889
1 0.828056 0.178894 0.265832 0.243216
1 0.562224 0.300000 0.108247 0.111558
1 0.666789 0.329146 0.087629 0.169849
1 0.838733 0.420101 0.244477 0.239196
1 0.117452 0.456281 0.156848 0.190955
1 0.294183 0.462814 0.175994 0.204020
1 0.418999 0.422613 0.054492 0.123618
1 0.442931 0.456281 0.102356 0.190955
1 0.562224 0.451759 0.108247 0.175879
1 0.688513 0.481407 0.131075 0.116583
1 0.684462 0.592462 0.080265 0.077387
1 0.117452 0.685930 0.156848 0.242211
1 0.350147 0.685930 0.287923 0.242211
1 0.258837 0.859799 0.102356 0.071357
