1 0.572095 0.208027 0.231552 0.329097
1 0.346480 0.208361 0.206107 0.173244
1 0.791349 0.211037 0.191688 0.173244
1 0.188719 0.207358 0.082273 0.144482
1 0.192960 0.206689 0.073791 0.131104
1 0.638677 0.266555 0.098388 0.062207
1 0.494487 0.307023 0.076336 0.141806
1 0.614928 0.458194 0.076336 0.037458
1 0.339695 0.569565 0.190840 0.161204
1 0.434690 0.515719 0.000848 0.053512
1 0.488974 0.533110 0.094148 0.088294
1 0.614928 0.561204 0.145886 0.144482
1 0.790076 0.584281 0.190840 0.190635
1 0.142070 0.663880 0.173876 0.205351
1 0.651824 0.607023 0.072095 0.052843
1 0.488974 0.616054 0.094148 0.068227
1 0.614080 0.731773 0.147583 0.185953
1 0.392282 0.739799 0.296014 0.179264
1 0.790076 0.757191 0.190840 0.144482
1 0.561069 0.879933 0.194232 0.076923
