1 0.191040 0.225143 0.209637 0.333714
1 0.443364 0.277714 0.295013 0.438857
1 0.673711 0.212571 0.152156 0.308571
1 0.848690 0.254857 0.204565 0.393143
1 0.601014 0.534286 0.280642 0.323429
1 0.112849 0.444571 0.053254 0.105143
1 0.170752 0.444571 0.062553 0.105143
1 0.246830 0.444571 0.089603 0.105143
1 0.398563 0.529714 0.114117 0.156571
1 0.777261 0.493714 0.061708 0.070857
1 0.836433 0.489714 0.044801 0.062857
1 0.562975 0.573143 0.025359 0.065143
1 0.595097 0.573143 0.027050 0.065143
1 0.572697 0.653714 0.044801 0.084571
1 0.404057 0.776571 0.192730 0.300571
1 0.562130 0.814286 0.113271 0.225143
1 0.324176 0.905714 0.032967 0.042286
