1 0.682103 0.131481 0.077298 0.070370
1 0.506964 0.272222 0.084958 0.207407
1 0.244777 0.280556 0.250000 0.194444
1 0.598538 0.296296 0.078691 0.207407
1 0.683844 0.305556 0.086351 0.225926
1 0.768802 0.305556 0.076602 0.225926
1 0.394847 0.330556 0.036212 0.087037
1 0.652855 0.368519 0.050836 0.100000
1 0.206825 0.422222 0.054318 0.137037
1 0.507312 0.569444 0.085655 0.375926
1 0.238858 0.566667 0.100279 0.359259
1 0.276114 0.437037 0.025766 0.100000
1 0.331128 0.566667 0.077298 0.359259
1 0.417131 0.595370 0.080780 0.416667
1 0.121866 0.475926 0.128134 0.170370
1 0.152855 0.440741 0.043872 0.100000
1 0.624304 0.572222 0.254178 0.344444
1 0.768802 0.585185 0.076602 0.318519
1 0.152855 0.657407 0.066156 0.177778
1 0.254526 0.797222 0.061978 0.083333
1 0.692201 0.812037 0.071031 0.083333
1 0.254526 0.897222 0.075905 0.075926
