1 0.132280 0.074099 0.151414 0.094793
1 0.140599 0.274366 0.161398 0.284379
1 0.219634 0.401869 0.319468 0.539386
1 0.628952 0.257009 0.692180 0.246996
1 0.640599 0.498665 0.522463 0.348465
1 0.739601 0.455941 0.094842 0.132176
1 0.883527 0.490654 0.183028 0.201602
1 0.118136 0.537383 0.116473 0.118825
1 0.739601 0.575434 0.094842 0.096128
1 0.769551 0.545394 0.034942 0.036048
1 0.339434 0.594126 0.069884 0.056075
1 0.941764 0.634846 0.066556 0.073431
1 0.118136 0.644860 0.116473 0.085447
1 0.210483 0.644860 0.054908 0.085447
1 0.321963 0.698932 0.104825 0.054740
1 0.481697 0.793725 0.204659 0.244326
1 0.648918 0.752336 0.129784 0.158879
1 0.242928 0.700935 0.039933 0.050734
1 0.421797 0.694927 0.084859 0.038718
1 0.771215 0.766355 0.158070 0.176235
1 0.915973 0.766355 0.118136 0.176235
1 0.108153 0.741656 0.083195 0.094793
1 0.187188 0.746328 0.058236 0.085447
1 0.298669 0.824433 0.151414 0.182911
1 0.133111 0.864486 0.153078 0.121495
1 0.634775 0.857810 0.101498 0.041389
1 0.782862 0.903872 0.384359 0.080107
