1 0.300221 0.119774 0.249448 0.133333
1 0.790287 0.125989 0.196468 0.120904
1 0.133002 0.365537 0.160044 0.315254
1 0.318985 0.338983 0.196468 0.262147
1 0.700331 0.411299 0.365342 0.406780
1 0.294702 0.544068 0.245033 0.132203
1 0.108720 0.674011 0.111479 0.283616
1 0.597130 0.715254 0.158940 0.201130
1 0.784216 0.669492 0.197572 0.109605
1 0.294702 0.716949 0.245033 0.197740
1 0.360375 0.762147 0.113687 0.107345
1 0.724614 0.774011 0.069536 0.083616
1 0.825055 0.774011 0.115894 0.083616
1 0.594371 0.894350 0.157837 0.129944
1 0.727925 0.906780 0.084989 0.132203
