1 0.183318 0.141623 0.195361 0.127807
1 0.327832 0.148532 0.077609 0.117444
1 0.438894 0.202073 0.133809 0.224525
1 0.603033 0.471503 0.108831 0.749568
1 0.735950 0.471503 0.139161 0.749568
1 0.889831 0.471503 0.150758 0.749568
1 0.295272 0.417962 0.421053 0.400691
1 0.482605 0.291019 0.046387 0.046632
1 0.142284 0.620898 0.115076 0.170984
1 0.243533 0.693437 0.078501 0.316062
1 0.445138 0.693437 0.121320 0.316062
1 0.308207 0.667530 0.041927 0.081174
1 0.346566 0.739206 0.118644 0.224525
1 0.169938 0.760794 0.059768 0.181347
1 0.110169 0.784111 0.050847 0.134715
1 0.219893 0.885147 0.038359 0.050086
