1 0.428349 0.119551 0.102804 0.093791
1 0.670820 0.261559 0.178609 0.166446
1 0.854621 0.261559 0.176532 0.166446
1 0.428349 0.253633 0.127726 0.145310
1 0.180685 0.258256 0.091381 0.151915
1 0.270509 0.262880 0.069574 0.153236
1 0.332295 0.256275 0.053998 0.140026
1 0.402908 0.439894 0.178609 0.214003
1 0.224299 0.548217 0.178609 0.404227
1 0.647456 0.443857 0.131880 0.179657
1 0.830737 0.498679 0.224299 0.289300
1 0.890966 0.385733 0.103842 0.063408
1 0.083074 0.543593 0.074766 0.326288
1 0.890966 0.482166 0.103842 0.118890
1 0.673936 0.642008 0.184839 0.200793
1 0.403427 0.601717 0.177570 0.109643
1 0.857736 0.673712 0.170301 0.137384
1 0.350987 0.706737 0.072690 0.087186
1 0.442368 0.706737 0.099688 0.087186
1 0.769990 0.807133 0.167186 0.089828
1 0.311007 0.814399 0.167186 0.091149
