1 0.578298 0.196491 0.162762 0.277193
1 0.689889 0.138596 0.050555 0.161404
1 0.779285 0.138596 0.115906 0.161404
1 0.891492 0.138596 0.096178 0.161404
1 0.183724 0.308772 0.064118 0.157895
1 0.245993 0.286842 0.048089 0.114035
1 0.313810 0.308772 0.077682 0.157895
1 0.789149 0.293860 0.313194 0.117544
1 0.252158 0.455263 0.200986 0.205263
1 0.633785 0.500000 0.535142 0.094737
1 0.811344 0.707895 0.167694 0.300000
1 0.131936 0.707018 0.140567 0.277193
1 0.383477 0.707018 0.350185 0.277193
1 0.639334 0.707018 0.146732 0.277193
1 0.387176 0.921930 0.680641 0.110526
