1 0.182292 0.140962 0.197917 0.159204
1 0.343750 0.114428 0.108333 0.106136
1 0.570833 0.140962 0.329167 0.159204
1 0.352083 0.376451 0.125000 0.404643
1 0.182292 0.313433 0.197917 0.172471
1 0.580208 0.337479 0.310417 0.220564
1 0.857292 0.448590 0.197917 0.260365
1 0.182292 0.524876 0.197917 0.237148
1 0.580208 0.548922 0.310417 0.189055
1 0.405208 0.588723 0.072917 0.109453
1 0.325000 0.614428 0.070833 0.058043
1 0.866667 0.774461 0.154167 0.374793
1 0.770833 0.686567 0.112500 0.172471
1 0.469792 0.712272 0.177083 0.121061
1 0.634375 0.708955 0.131250 0.114428
1 0.310417 0.713101 0.104167 0.106136
1 0.453125 0.868988 0.352083 0.175788
1 0.710417 0.873134 0.141667 0.167496
