1 0.772460 0.171961 0.356003 0.117403
1 0.219563 0.269337 0.345088 0.273481
1 0.471872 0.387431 0.132662 0.401934
1 0.772460 0.390193 0.356003 0.299724
1 0.749790 0.288674 0.067170 0.096685
1 0.193115 0.425414 0.063812 0.085635
1 0.136020 0.520028 0.178002 0.269337
1 0.313602 0.538674 0.157011 0.232044
1 0.772460 0.606354 0.356003 0.116022
1 0.422754 0.634669 0.032746 0.048343
1 0.271620 0.736878 0.076406 0.131215
1 0.343409 0.766575 0.048699 0.179558
1 0.405961 0.766575 0.066331 0.179558
1 0.263644 0.870166 0.078925 0.088398
