1 0.348948 0.104268 0.632887 0.142683
1 0.130975 0.245122 0.173996 0.100000
1 0.447419 0.312195 0.439771 0.234146
1 0.809751 0.300000 0.265774 0.209756
1 0.130975 0.367073 0.173996 0.134146
1 0.809751 0.489634 0.265774 0.159756
1 0.447419 0.539024 0.439771 0.219512
1 0.130975 0.506707 0.173996 0.132927
1 0.730402 0.612195 0.107075 0.073171
1 0.868069 0.612195 0.149140 0.073171
1 0.130975 0.615854 0.173996 0.075610
1 0.587954 0.745732 0.158700 0.193902
1 0.363289 0.748171 0.271511 0.189024
1 0.809751 0.748780 0.265774 0.187805
1 0.130975 0.750610 0.173996 0.184146
1 0.336520 0.904878 0.608031 0.082927
