1 0.338631 0.160567 0.121434 0.214876
1 0.206194 0.210744 0.143439 0.194805
1 0.682152 0.221370 0.211899 0.194805
1 0.814181 0.221370 0.045640 0.194805
1 0.450285 0.424439 0.080685 0.454545
1 0.334148 0.502952 0.130399 0.458087
1 0.096577 0.422668 0.064385 0.219599
1 0.198859 0.438017 0.128769 0.250295
1 0.705786 0.432704 0.265689 0.218418
1 0.887123 0.431523 0.074165 0.213695
1 0.654034 0.376623 0.096985 0.011806
1 0.605542 0.464581 0.065200 0.154664
1 0.231051 0.530106 0.064385 0.066116
1 0.682152 0.645218 0.211899 0.197166
1 0.814996 0.645218 0.044010 0.197166
1 0.055420 0.756789 0.003260 0.417946
1 0.103097 0.756789 0.082315 0.417946
1 0.175224 0.709563 0.081500 0.283353
1 0.231051 0.602125 0.064385 0.068477
1 0.231051 0.686541 0.064385 0.090909
1 0.256316 0.788666 0.072535 0.113341
1 0.339446 0.795159 0.077425 0.107438
