1 0.463277 0.185225 0.101695 0.267666
1 0.650424 0.255889 0.247175 0.361884
1 0.873588 0.171306 0.187853 0.192719
1 0.873588 0.356531 0.187853 0.160600
1 0.088277 0.429336 0.137006 0.186296
1 0.248588 0.429336 0.172316 0.186296
1 0.433616 0.471092 0.175141 0.256959
1 0.649718 0.564240 0.248588 0.254818
1 0.873588 0.568522 0.187853 0.246253
1 0.435734 0.694861 0.179379 0.173448
1 0.571328 0.799786 0.088983 0.194861
1 0.670904 0.799786 0.096045 0.194861
1 0.745763 0.717345 0.039548 0.029979
1 0.902542 0.799786 0.129944 0.194861
1 0.778249 0.817987 0.104520 0.149893
1 0.378531 0.846895 0.064972 0.113490
1 0.468220 0.817987 0.097458 0.042827
1 0.863701 0.851178 0.052260 0.092077
1 0.468927 0.892934 0.084746 0.064240
