1 0.258483 0.078869 0.187625 0.122024
1 0.095309 0.106151 0.104790 0.091270
1 0.177146 0.282242 0.154691 0.247024
1 0.309381 0.282242 0.093812 0.247024
1 0.402196 0.223710 0.075848 0.129960
1 0.497505 0.207341 0.100798 0.097222
1 0.435629 0.367063 0.224551 0.206349
1 0.142216 0.446925 0.084830 0.068452
1 0.211078 0.547123 0.222555 0.268849
1 0.694112 0.447917 0.136727 0.066468
1 0.805389 0.447917 0.071856 0.066468
1 0.435130 0.620536 0.225549 0.284722
1 0.733533 0.538690 0.215569 0.101190
1 0.168164 0.747024 0.136727 0.301587
1 0.733533 0.680556 0.215569 0.168651
1 0.279441 0.725694 0.071856 0.074405
1 0.878743 0.833333 0.188623 0.107143
1 0.364770 0.847718 0.220559 0.133929
