1 0.588867 0.183594 0.142578 0.252604
1 0.785156 0.092448 0.238281 0.070312
1 0.203125 0.147135 0.214844 0.174479
1 0.400391 0.147135 0.171875 0.174479
1 0.716797 0.252604 0.101562 0.239583
1 0.837891 0.222656 0.132812 0.179688
1 0.148438 0.308594 0.105469 0.132812
1 0.276367 0.308594 0.138672 0.132812
1 0.417969 0.307292 0.136719 0.130208
1 0.588867 0.311198 0.142578 0.122396
1 0.837891 0.345052 0.132812 0.054688
1 0.215820 0.403646 0.017578 0.052083
1 0.247070 0.403646 0.037109 0.052083
1 0.290039 0.403646 0.037109 0.052083
1 0.330078 0.403646 0.031250 0.052083
1 0.695312 0.444010 0.144531 0.127604
1 0.276367 0.473958 0.138672 0.078125
1 0.268555 0.545573 0.052734 0.049479
1 0.488281 0.632812 0.230469 0.171875
1 0.423828 0.742188 0.101562 0.177083
1 0.457031 0.723958 0.035156 0.140625
1 0.510742 0.755208 0.060547 0.151042
1 0.589844 0.699219 0.027344 0.039062
1 0.574219 0.760417 0.058594 0.067708
1 0.574219 0.830729 0.058594 0.057292
1 0.423828 0.847656 0.101562 0.023438
1 0.510742 0.847656 0.060547 0.023438
