1 0.123810 0.142559 0.140952 0.173853
1 0.247619 0.194019 0.388571 0.276773
1 0.647619 0.142559 0.182857 0.171071
1 0.848571 0.142559 0.203810 0.171071
1 0.753333 0.284423 0.394286 0.098748
1 0.101905 0.344924 0.097143 0.105702
1 0.146667 0.401252 0.186667 0.137691
1 0.651429 0.404729 0.190476 0.127955
1 0.355238 0.422114 0.165714 0.134910
1 0.855238 0.418637 0.156190 0.127955
1 0.608571 0.430459 0.104762 0.076495
1 0.156190 0.520167 0.091429 0.052851
1 0.144762 0.673853 0.198095 0.059805
1 0.150476 0.841446 0.209524 0.255911
