1 0.320977 0.185404 0.330244 0.213018
1 0.797388 0.468442 0.265375 0.321499
1 0.104465 0.364892 0.062342 0.102564
1 0.175232 0.422091 0.067397 0.216963
1 0.249789 0.426036 0.074979 0.224852
1 0.384162 0.467456 0.193766 0.307692
1 0.113732 0.477318 0.080876 0.106509
1 0.088458 0.595661 0.030329 0.114398
1 0.131424 0.579882 0.045493 0.082840
1 0.222409 0.579882 0.129739 0.082840
1 0.051390 0.597633 0.025274 0.098619
1 0.573294 0.724852 0.105307 0.191321
1 0.645324 0.671598 0.032013 0.084813
1 0.724516 0.724852 0.190396 0.191321
1 0.876158 0.724852 0.107835 0.191321
1 0.160910 0.726824 0.104465 0.191321
1 0.247683 0.726824 0.060657 0.191321
1 0.334035 0.726824 0.103623 0.191321
1 0.435131 0.726824 0.091828 0.191321
1 0.088458 0.742604 0.030329 0.159763
1 0.248104 0.881657 0.267060 0.074951
