1 0.293537 0.009351 0.066427 0.018702
1 0.152603 0.172167 0.170557 0.254125
1 0.298474 0.172167 0.106822 0.254125
1 0.390485 0.108361 0.127469 0.126513
1 0.407540 0.239824 0.093357 0.114411
1 0.780521 0.245875 0.065530 0.071507
1 0.778725 0.379538 0.227110 0.158416
1 0.209156 0.437844 0.285458 0.259626
1 0.503142 0.438394 0.289946 0.260726
1 0.778725 0.633113 0.227110 0.331133
1 0.355925 0.606161 0.192998 0.140814
1 0.159336 0.682068 0.185817 0.213421
1 0.553860 0.682618 0.188510 0.212321
1 0.291293 0.736524 0.063734 0.104510
1 0.390934 0.736524 0.122980 0.104510
1 0.355027 0.883388 0.184022 0.134213
1 0.772890 0.857536 0.138241 0.082508
