1 0.215029 0.140042 0.325013 0.197044
1 0.726989 0.196692 0.176807 0.076707
1 0.619865 0.402182 0.138326 0.299085
1 0.805252 0.356087 0.213729 0.206897
1 0.238430 0.360310 0.234529 0.208304
1 0.420437 0.358198 0.129485 0.204082
1 0.385335 0.606615 0.199688 0.284307
1 0.731409 0.606263 0.361414 0.272343
1 0.836973 0.530260 0.150286 0.120338
1 0.409516 0.532020 0.151326 0.119634
1 0.459698 0.505278 0.050962 0.066151
1 0.198908 0.578466 0.155486 0.206897
1 0.835413 0.696341 0.153406 0.092189
1 0.198908 0.799789 0.155486 0.211823
1 0.627665 0.827586 0.153926 0.144968
1 0.340094 0.801900 0.100884 0.071077
