1 0.500733 0.117920 0.491575 0.177246
1 0.690842 0.078613 0.111355 0.083984
1 0.315385 0.377686 0.121612 0.325684
1 0.470330 0.425537 0.259341 0.421387
1 0.661538 0.304199 0.169231 0.178711
1 0.618864 0.467529 0.083883 0.132324
1 0.706227 0.467529 0.079853 0.132324
1 0.295055 0.547363 0.080952 0.162109
1 0.676007 0.676270 0.140293 0.270508
1 0.326923 0.757324 0.144689 0.243164
1 0.453297 0.723633 0.143956 0.175781
1 0.565201 0.691650 0.069597 0.110840
1 0.565201 0.783203 0.069597 0.056641
1 0.564103 0.852051 0.364835 0.067383
