1 0.226744 0.101911 0.095930 0.101911
1 0.341570 0.132166 0.122093 0.162420
1 0.226744 0.187898 0.095930 0.050955
1 0.260901 0.289809 0.164244 0.187898
1 0.445494 0.416401 0.190407 0.390127
1 0.253634 0.441879 0.178779 0.106688
1 0.748547 0.495223 0.107558 0.207006
1 0.854651 0.451433 0.090116 0.119427
1 0.592297 0.644108 0.178779 0.351911
1 0.253634 0.566879 0.178779 0.159236
1 0.797238 0.675159 0.204942 0.312102
1 0.422965 0.675159 0.145349 0.127389
1 0.253634 0.737261 0.178779 0.165605
1 0.373547 0.782643 0.046512 0.074841
1 0.449855 0.782643 0.091570 0.074841
