1 0.453557 0.158317 0.215415 0.144289
1 0.181324 0.386774 0.305336 0.549098
1 0.622036 0.180361 0.095850 0.136273
1 0.059289 0.308617 0.086957 0.148297
1 0.307312 0.459920 0.205534 0.402806
1 0.479743 0.390782 0.129447 0.264529
1 0.609684 0.333667 0.120553 0.150301
1 0.755435 0.444890 0.074111 0.368737
1 0.874012 0.402806 0.151186 0.284569
1 0.609684 0.547094 0.120553 0.256513
1 0.491107 0.677355 0.152174 0.288577
1 0.874012 0.691383 0.151186 0.268537
1 0.755435 0.733467 0.074111 0.184369
1 0.116601 0.788577 0.175889 0.254509
1 0.270751 0.747495 0.120553 0.148297
1 0.373518 0.747495 0.073123 0.148297
1 0.631917 0.775551 0.101779 0.148297
1 0.234684 0.873747 0.048419 0.084168
1 0.342391 0.896794 0.139328 0.094188
