1 0.356456 0.180366 0.185440 0.211670
1 0.443223 0.089012 0.020147 0.028961
1 0.531593 0.183986 0.145604 0.218910
1 0.608516 0.216567 0.423993 0.284072
1 0.473214 0.256601 0.028846 0.027683
1 0.324176 0.273424 0.120879 0.025554
1 0.473214 0.282581 0.028846 0.016610
1 0.196200 0.322402 0.163462 0.072402
1 0.338828 0.327513 0.100733 0.062181
1 0.447115 0.402257 0.048993 0.070273
1 0.509615 0.402257 0.059524 0.070273
1 0.569368 0.402257 0.047161 0.070273
1 0.645375 0.446763 0.087454 0.159284
1 0.177427 0.430153 0.106685 0.122658
1 0.279533 0.409284 0.104853 0.080920
1 0.378205 0.403109 0.071429 0.068569
1 0.706273 0.398211 0.025183 0.058773
1 0.770604 0.475724 0.183150 0.213799
1 0.467720 0.514055 0.250458 0.137138
1 0.560440 0.458475 0.065018 0.025980
1 0.285714 0.520230 0.092491 0.124787
1 0.177427 0.541099 0.106685 0.083049
1 0.635302 0.558135 0.067308 0.048978
1 0.228022 0.661840 0.207875 0.137990
1 0.393544 0.661840 0.105769 0.137990
1 0.633929 0.614140 0.081960 0.041738
1 0.486722 0.788969 0.060440 0.226150
1 0.285256 0.818143 0.322344 0.156729
