1 0.440738 0.282472 0.110751 0.325347
1 0.191710 0.259142 0.072539 0.152585
1 0.306995 0.313997 0.147668 0.262295
1 0.555376 0.314628 0.108161 0.261034
1 0.666775 0.314628 0.104275 0.261034
1 0.750324 0.277427 0.053756 0.186633
1 0.838407 0.313997 0.112047 0.259773
1 0.114961 0.258512 0.070596 0.143758
1 0.105246 0.392812 0.055052 0.097100
1 0.182642 0.472888 0.090674 0.257251
1 0.732189 0.517024 0.090026 0.272383
1 0.116904 0.526482 0.078368 0.150063
1 0.409326 0.676545 0.352332 0.445145
1 0.581606 0.644388 0.211140 0.380832
1 0.833549 0.510088 0.121762 0.112232
1 0.833549 0.672762 0.121762 0.192938
1 0.728303 0.715637 0.078368 0.107188
