1 0.340116 0.073634 0.052326 0.111639
1 0.416279 0.083135 0.083721 0.104513
1 0.159012 0.291568 0.271512 0.283848
1 0.343314 0.288005 0.090116 0.276722
1 0.747384 0.222684 0.450581 0.141330
1 0.433140 0.222090 0.080233 0.130641
1 0.427907 0.359857 0.089535 0.125891
1 0.577907 0.428741 0.111628 0.242280
1 0.738081 0.507126 0.201744 0.399050
1 0.907558 0.428741 0.130233 0.242280
1 0.651453 0.488717 0.051744 0.122328
1 0.268314 0.571853 0.177326 0.276722
1 0.101453 0.572447 0.156395 0.275534
1 0.418023 0.572447 0.115116 0.275534
1 0.597674 0.635986 0.151163 0.141330
1 0.881105 0.636580 0.183140 0.140143
1 0.332558 0.641924 0.048837 0.136580
1 0.250872 0.789786 0.112209 0.133017
1 0.249128 0.918052 0.092442 0.085511
