1 0.759392 0.115183 0.449016 0.083770
1 0.265653 0.404887 0.441860 0.467714
1 0.759392 0.305410 0.438283 0.268761
1 0.698569 0.543630 0.316637 0.190227
1 0.922182 0.489529 0.112701 0.082024
1 0.922182 0.637871 0.112701 0.197208
1 0.223614 0.719023 0.114490 0.160558
1 0.101968 0.682373 0.114490 0.073298
1 0.388193 0.767888 0.196780 0.244328
1 0.698569 0.768761 0.316637 0.242583
1 0.101968 0.808028 0.114490 0.164049
1 0.921288 0.818499 0.100179 0.136126
1 0.223614 0.849040 0.114490 0.082024
1 0.140429 0.946771 0.198569 0.075044
