1 0.861021 0.220399 0.206298 0.382181
1 0.622693 0.124853 0.140065 0.181712
1 0.698154 0.101993 0.095548 0.135991
1 0.159066 0.126612 0.205212 0.180539
1 0.317047 0.126612 0.102063 0.180539
1 0.427253 0.126612 0.111835 0.180539
1 0.752986 0.293083 0.181325 0.232122
1 0.800760 0.219226 0.085776 0.084408
1 0.604235 0.315944 0.103149 0.186401
1 0.147123 0.315944 0.137894 0.184056
1 0.326276 0.315944 0.207383 0.184056
1 0.458740 0.244431 0.048860 0.041032
1 0.817047 0.307151 0.053203 0.075029
1 0.341477 0.308324 0.057546 0.075029
1 0.410966 0.339390 0.070575 0.137163
1 0.469055 0.285463 0.028230 0.029308
1 0.475027 0.361079 0.029316 0.107855
1 0.220955 0.397421 0.070575 0.032825
1 0.762215 0.408558 0.032573 0.010551
1 0.761672 0.439039 0.083605 0.038687
1 0.247557 0.463072 0.130293 0.077374
1 0.350163 0.456038 0.051031 0.063306
1 0.473941 0.450176 0.048860 0.051583
1 0.643322 0.571512 0.170467 0.118406
1 0.760043 0.532825 0.054289 0.041032
1 0.870250 0.571512 0.155266 0.118406
1 0.760043 0.575615 0.054289 0.032825
1 0.592291 0.584994 0.066232 0.049238
1 0.659609 0.623095 0.057546 0.125440
1 0.760043 0.614302 0.054289 0.032825
1 0.592291 0.650059 0.066232 0.071512
1 0.736156 0.751465 0.082519 0.227433
1 0.824104 0.660610 0.078176 0.045721
1 0.909338 0.660610 0.077090 0.045721
1 0.624321 0.779015 0.128122 0.172333
1 0.806732 0.737397 0.043431 0.089097
1 0.874593 0.737397 0.083605 0.089097
1 0.934853 0.737397 0.026059 0.089097
1 0.866450 0.826495 0.162866 0.077374
1 0.754072 0.926729 0.187839 0.071512
