1 0.087246 0.227466 0.136928 0.317246
1 0.181915 0.129524 0.042714 0.121363
1 0.248864 0.343861 0.232960 0.550035
1 0.406543 0.224627 0.073917 0.311568
1 0.181915 0.259404 0.042714 0.117104
1 0.631930 0.494677 0.187822 0.471256
1 0.847622 0.402768 0.233869 0.287438
1 0.481824 0.506742 0.054226 0.486870
1 0.286580 0.562101 0.157528 0.347764
1 0.406543 0.470546 0.073917 0.158978
1 0.073160 0.566714 0.108755 0.338538
1 0.699182 0.491483 0.053317 0.110007
1 0.406543 0.650461 0.073917 0.171043
1 0.167828 0.683109 0.070888 0.105749
1 0.309149 0.836409 0.398970 0.155429
