1 0.214859 0.172840 0.161446 0.244170
1 0.382329 0.198903 0.173494 0.296296
1 0.688353 0.111797 0.330924 0.116598
1 0.599197 0.286694 0.152610 0.329218
1 0.723293 0.249657 0.082731 0.137174
1 0.793173 0.306584 0.121285 0.251029
1 0.144578 0.329218 0.020884 0.046639
1 0.211647 0.445816 0.155020 0.279835
1 0.731727 0.443759 0.146185 0.275720
1 0.325301 0.393690 0.057831 0.068587
1 0.382731 0.472565 0.172691 0.226337
1 0.599598 0.510974 0.153414 0.141289
1 0.793173 0.510974 0.121285 0.141289
1 0.144177 0.512346 0.020080 0.045267
1 0.144177 0.563786 0.020080 0.043896
1 0.396386 0.677641 0.145382 0.156379
1 0.448996 0.803841 0.056225 0.068587
