1 0.121531 0.167677 0.174163 0.270707
1 0.400478 0.222222 0.355024 0.137374
1 0.869856 0.227273 0.145455 0.131313
1 0.195215 0.526263 0.084211 0.446465
1 0.091866 0.459596 0.114833 0.296970
1 0.280383 0.479798 0.086124 0.337374
1 0.379904 0.479798 0.116746 0.337374
1 0.483254 0.395960 0.082297 0.169697
1 0.555981 0.375758 0.053589 0.129293
1 0.612440 0.395960 0.049761 0.169697
1 0.710526 0.524242 0.075598 0.422222
1 0.818182 0.472727 0.132057 0.319192
1 0.931100 0.543434 0.084211 0.460606
1 0.583254 0.541414 0.108134 0.181818
1 0.483254 0.590909 0.082297 0.200000
1 0.091866 0.719192 0.114833 0.282828
1 0.290909 0.740404 0.099522 0.240404
1 0.583254 0.750505 0.108134 0.220202
1 0.778469 0.688889 0.052632 0.092929
1 0.846411 0.688889 0.075598 0.092929
1 0.391388 0.759596 0.093780 0.202020
1 0.483254 0.779798 0.082297 0.161616
1 0.169856 0.809091 0.033493 0.103030
1 0.213397 0.809091 0.045933 0.103030
1 0.187081 0.932323 0.075598 0.098990
