1 0.323272 0.153503 0.247816 0.156688
1 0.730342 0.156051 0.126291 0.151592
1 0.859809 0.156051 0.123114 0.151592
1 0.155679 0.229299 0.061954 0.254777
1 0.247816 0.340764 0.095314 0.217834
1 0.370929 0.354777 0.152502 0.245860
1 0.823670 0.328662 0.195393 0.178344
1 0.685862 0.328025 0.056394 0.154140
1 0.417792 0.367516 0.058777 0.085350
1 0.858221 0.375159 0.057983 0.085350
1 0.794678 0.454777 0.253376 0.244586
1 0.397935 0.492994 0.098491 0.150318
1 0.241064 0.512102 0.080222 0.112102
1 0.314932 0.525478 0.061160 0.085350
1 0.418189 0.530573 0.057983 0.075159
1 0.134631 0.612102 0.142176 0.047134
1 0.247021 0.612102 0.073074 0.047134
1 0.173550 0.717834 0.220016 0.151592
