1 0.782362 0.082542 0.186980 0.095464
1 0.151779 0.108650 0.206662 0.126582
1 0.461393 0.142141 0.412566 0.193565
1 0.778198 0.258966 0.195307 0.227848
1 0.103331 0.200158 0.109765 0.042722
1 0.250568 0.245781 0.166540 0.133966
1 0.394777 0.275844 0.121877 0.194093
1 0.133611 0.316719 0.170326 0.176688
1 0.565102 0.309335 0.205148 0.127110
1 0.276306 0.345728 0.096896 0.054325
1 0.785011 0.561181 0.190765 0.101266
1 0.085541 0.602848 0.095382 0.150844
1 0.229750 0.602848 0.171840 0.150844
1 0.389099 0.548259 0.125662 0.041667
1 0.566238 0.613397 0.207419 0.171941
1 0.334595 0.706751 0.234671 0.260549
1 0.781226 0.709916 0.201363 0.168776
1 0.122256 0.779800 0.168812 0.188291
1 0.566238 0.771888 0.207419 0.130274
1 0.619985 0.750527 0.099924 0.087553
1 0.266465 0.785338 0.098410 0.103376
1 0.781226 0.819357 0.201363 0.035338
