1 0.360939 0.210093 0.192205 0.122405
1 0.778565 0.269864 0.047830 0.001432
1 0.624004 0.362921 0.208149 0.151754
1 0.826395 0.362921 0.184234 0.151754
1 0.246678 0.374732 0.397697 0.173944
1 0.361382 0.435576 0.168291 0.098067
1 0.653676 0.537938 0.267493 0.188261
1 0.856067 0.537938 0.124889 0.188261
1 0.140833 0.547244 0.186005 0.171081
1 0.282108 0.498568 0.082374 0.065140
1 0.387511 0.561203 0.116032 0.143164
1 0.694863 0.569435 0.140833 0.125268
1 0.282108 0.584109 0.082374 0.097351
1 0.751107 0.596278 0.069088 0.071582
1 0.201063 0.764853 0.102746 0.232641
1 0.326395 0.764853 0.169176 0.232641
1 0.754207 0.676092 0.254207 0.055118
