1 0.283250 0.213667 0.276500 0.173333
1 0.317500 0.509500 0.345000 0.382333
1 0.605625 0.434500 0.216750 0.232333
1 0.772500 0.362833 0.102500 0.089000
1 0.772500 0.480667 0.102500 0.126667
1 0.772500 0.632833 0.102500 0.158333
1 0.500375 0.690167 0.102250 0.261000
1 0.597125 0.618833 0.076250 0.117000
1 0.678375 0.618833 0.071250 0.117000
1 0.218750 0.789000 0.147500 0.259333
1 0.371250 0.789000 0.142500 0.259333
1 0.636500 0.803000 0.155000 0.231333
1 0.772500 0.820333 0.102500 0.196667
1 0.500625 0.852333 0.101750 0.044000
1 0.501000 0.933833 0.090000 0.083000
