1 0.269795 0.209583 0.170088 0.280833
1 0.421554 0.209583 0.111437 0.280833
1 0.172654 0.170833 0.003666 0.065000
1 0.244135 0.276667 0.046921 0.065000
1 0.676686 0.464167 0.381232 0.293333
1 0.330279 0.496667 0.292522 0.175000
1 0.121334 0.579583 0.104839 0.244167
1 0.271994 0.612083 0.175953 0.155833
1 0.754032 0.603333 0.157625 0.138333
1 0.242302 0.621250 0.116569 0.137500
1 0.269795 0.601667 0.052786 0.098333
1 0.419721 0.639167 0.119501 0.110000
1 0.539956 0.669167 0.107771 0.111667
1 0.389296 0.737500 0.049853 0.075000
1 0.442815 0.736667 0.045455 0.073333
1 0.493402 0.736667 0.048387 0.073333
1 0.265762 0.755833 0.182551 0.108333
1 0.285557 0.747500 0.013930 0.076667
