1 0.448366 0.442039 0.181699 0.322626
1 0.590196 0.345670 0.095425 0.129888
1 0.327451 0.329609 0.053595 0.094972
1 0.770588 0.432263 0.175163 0.280726
1 0.897386 0.432263 0.071895 0.280726
1 0.327124 0.445531 0.054248 0.125698
1 0.113072 0.498603 0.087582 0.217877
1 0.213072 0.498603 0.103268 0.217877
1 0.590196 0.510475 0.095425 0.185754
1 0.328758 0.558659 0.057516 0.089385
1 0.383660 0.560056 0.052288 0.092179
1 0.894118 0.631983 0.035294 0.096369
1 0.826471 0.632682 0.034641 0.094972
1 0.370261 0.676676 0.084314 0.127095
