1 0.570344 0.160480 0.130567 0.189956
1 0.597672 0.086245 0.021255 0.041485
1 0.622470 0.086245 0.022267 0.041485
1 0.679656 0.195415 0.088057 0.259825
1 0.765688 0.171397 0.075911 0.211790
1 0.873482 0.195415 0.131579 0.259825
1 0.352227 0.197598 0.222672 0.242358
1 0.083502 0.169214 0.084008 0.172489
1 0.183198 0.200873 0.101215 0.235808
1 0.592105 0.409389 0.174089 0.307860
1 0.102227 0.365721 0.121457 0.189956
1 0.740385 0.304585 0.025304 0.041485
1 0.767206 0.304585 0.022267 0.041485
1 0.792510 0.304585 0.022267 0.041485
1 0.272267 0.475983 0.204453 0.283843
1 0.422065 0.479258 0.082996 0.290393
1 0.764170 0.437773 0.157895 0.203057
1 0.866903 0.356987 0.037449 0.041485
1 0.899798 0.356987 0.022267 0.041485
1 0.926619 0.356987 0.025304 0.041485
1 0.893725 0.509825 0.091093 0.251092
1 0.757591 0.550218 0.049595 0.170306
1 0.815283 0.550218 0.055668 0.170306
1 0.346154 0.543668 0.056680 0.148472
1 0.148785 0.617904 0.220648 0.275109
1 0.706478 0.591703 0.042510 0.087336
1 0.614879 0.684498 0.235830 0.216157
