1 0.501477 0.126365 0.926145 0.202808
1 0.124077 0.325273 0.127031 0.151326
1 0.325702 0.368175 0.264402 0.237129
1 0.618168 0.372075 0.305761 0.244930
1 0.861152 0.381435 0.162482 0.263651
1 0.414328 0.419657 0.087149 0.134165
1 0.124077 0.446958 0.127031 0.079563
1 0.124077 0.583463 0.127031 0.177847
1 0.283604 0.640406 0.180207 0.291732
1 0.401034 0.640406 0.113737 0.291732
1 0.614476 0.640406 0.313146 0.291732
1 0.861152 0.653666 0.162482 0.265211
1 0.124077 0.733229 0.127031 0.106084
1 0.135894 0.861154 0.156573 0.121685
1 0.406204 0.875195 0.348597 0.131045
