1 0.399306 0.180556 0.141204 0.092593
1 0.818287 0.182870 0.141204 0.087963
1 0.208333 0.324074 0.224537 0.356481
1 0.628472 0.328704 0.224537 0.363426
1 0.396991 0.303241 0.138889 0.134259
1 0.811921 0.370370 0.142361 0.268519
1 0.396991 0.473380 0.138889 0.192130
1 0.369213 0.512153 0.078704 0.114583
1 0.590856 0.605324 0.149306 0.196759
1 0.174190 0.606481 0.156250 0.194444
1 0.289931 0.539352 0.061343 0.060185
1 0.746528 0.554977 0.148148 0.089120
1 0.854745 0.542245 0.056713 0.063657
1 0.813657 0.685185 0.138889 0.208333
1 0.705440 0.635417 0.065972 0.055556
1 0.701389 0.734954 0.057870 0.131944
1 0.813657 0.888310 0.138889 0.181713
