1 0.568380 0.199338 0.259014 0.206782
1 0.831123 0.261373 0.168670 0.294458
1 0.349565 0.256410 0.173643 0.276261
1 0.183382 0.307279 0.149606 0.239041
1 0.489225 0.429280 0.105678 0.224979
1 0.571695 0.416046 0.050974 0.198511
1 0.643804 0.394127 0.084956 0.154673
1 0.320348 0.468156 0.223788 0.147229
1 0.400539 0.414392 0.063407 0.033085
1 0.831123 0.541770 0.168670 0.249793
1 0.156237 0.552936 0.095317 0.234078
1 0.643804 0.543838 0.084956 0.124897
1 0.571695 0.564930 0.050974 0.082713
1 0.425818 0.653433 0.232491 0.206782
1 0.228761 0.610422 0.040613 0.119107
1 0.279320 0.610422 0.051388 0.119107
1 0.171156 0.688586 0.254455 0.227461
1 0.574389 0.665012 0.042271 0.071133
