1 0.123047 0.213542 0.058594 0.031250
1 0.187500 0.213542 0.058594 0.031250
1 0.364258 0.213542 0.052734 0.031250
1 0.117188 0.311198 0.093750 0.143229
1 0.204102 0.311198 0.068359 0.143229
1 0.283203 0.278646 0.078125 0.078125
1 0.375977 0.345052 0.091797 0.210938
1 0.547852 0.364583 0.236328 0.250000
1 0.729492 0.345052 0.115234 0.210938
1 0.863281 0.372396 0.140625 0.265625
1 0.795898 0.304688 0.005859 0.057292
1 0.283203 0.371094 0.078125 0.091146
1 0.784180 0.395833 0.005859 0.109375
1 0.154297 0.561198 0.167969 0.335938
1 0.204102 0.415365 0.068359 0.044271
1 0.283203 0.457031 0.078125 0.065104
1 0.360352 0.457031 0.060547 0.065104
1 0.511719 0.589844 0.226562 0.278646
1 0.700195 0.535156 0.197266 0.169271
1 0.317383 0.614583 0.146484 0.229167
1 0.869141 0.622396 0.128906 0.213542
1 0.656250 0.615885 0.050781 0.117188
1 0.744141 0.651042 0.109375 0.046875
1 0.714844 0.752604 0.167969 0.140625
