1 0.650515 0.147268 0.331959 0.067696
1 0.242784 0.355404 0.328866 0.470903
1 0.562113 0.312945 0.155155 0.229216
1 0.728608 0.333432 0.165464 0.270190
1 0.344330 0.433492 0.125773 0.313539
1 0.609794 0.503860 0.250515 0.152613
1 0.759536 0.529394 0.103608 0.101544
1 0.562113 0.698931 0.155155 0.225653
1 0.728608 0.698931 0.165464 0.225653
1 0.213918 0.677850 0.120619 0.173990
1 0.112629 0.635095 0.068557 0.075416
1 0.344845 0.649644 0.124742 0.104513
1 0.112629 0.745249 0.068557 0.131829
1 0.347165 0.763064 0.120103 0.096200
1 0.213918 0.792458 0.120619 0.037411
1 0.330670 0.884798 0.159278 0.110451
