1 0.299864 0.095488 0.572592 0.119622
1 0.155360 0.278069 0.232022 0.201469
1 0.424695 0.352571 0.287653 0.350472
1 0.770692 0.413431 0.350068 0.100735
1 0.092266 0.432319 0.105834 0.094439
1 0.213026 0.449633 0.116689 0.129066
1 0.781547 0.632739 0.371777 0.306401
1 0.155360 0.577125 0.232022 0.180483
1 0.424695 0.597587 0.287653 0.139559
1 0.218453 0.654250 0.105834 0.095488
1 0.299186 0.760756 0.126187 0.186779
1 0.155360 0.764428 0.232022 0.179433
1 0.470149 0.764428 0.196744 0.179433
1 0.297829 0.924449 0.194030 0.098636
