1 0.188811 0.250281 0.263403 0.345332
1 0.465035 0.263780 0.249417 0.140607
1 0.691725 0.277278 0.171329 0.133858
1 0.843823 0.277278 0.114219 0.133858
1 0.522145 0.474691 0.403263 0.240720
1 0.815851 0.388639 0.170163 0.068616
1 0.188228 0.550619 0.262238 0.244094
1 0.282051 0.478065 0.074592 0.094488
1 0.554196 0.552306 0.201632 0.240720
1 0.782051 0.552306 0.237762 0.240720
1 0.365967 0.637233 0.074592 0.070866
1 0.427739 0.637233 0.034965 0.070866
1 0.365385 0.782902 0.075758 0.186727
1 0.467949 0.777840 0.108392 0.176603
