1 0.823925 0.203532 0.123656 0.206320
1 0.823925 0.486989 0.123656 0.342007
1 0.187500 0.473978 0.235215 0.260223
1 0.433468 0.471190 0.245968 0.254647
1 0.620296 0.471190 0.127688 0.254647
1 0.444220 0.723048 0.479839 0.275093
1 0.149866 0.778810 0.159946 0.349442
1 0.225806 0.649628 0.043011 0.061338
1 0.418683 0.819703 0.165323 0.267658
1 0.595430 0.750000 0.177419 0.128253
1 0.553091 0.887546 0.092742 0.131970
1 0.644489 0.887546 0.079301 0.131970
1 0.245968 0.910781 0.083333 0.085502
1 0.327285 0.910781 0.068548 0.085502
