1 0.739759 0.428118 0.051406 0.649049
1 0.952209 0.280127 0.050602 0.353066
1 0.084337 0.189218 0.118876 0.158562
1 0.180723 0.282241 0.059438 0.344609
1 0.247791 0.282241 0.058635 0.344609
1 0.419277 0.283298 0.110843 0.342495
1 0.551406 0.283298 0.142169 0.342495
1 0.844578 0.285412 0.150201 0.342495
1 0.083936 0.361522 0.119679 0.186047
1 0.934137 0.422833 0.014458 0.067653
1 0.373092 0.431290 0.018474 0.046512
1 0.432129 0.431290 0.027309 0.046512
1 0.783534 0.432347 0.028112 0.048626
1 0.424096 0.606765 0.120482 0.274841
1 0.512048 0.512685 0.044177 0.086681
1 0.556225 0.606765 0.132530 0.274841
1 0.752610 0.561311 0.024096 0.183932
1 0.870683 0.605708 0.204016 0.272727
1 0.116466 0.608879 0.184739 0.266385
1 0.246988 0.608879 0.060241 0.266385
1 0.373092 0.663848 0.018474 0.042283
1 0.559438 0.700846 0.042570 0.086681
1 0.752610 0.701903 0.024096 0.080338
1 0.499197 0.717759 0.021687 0.052854
1 0.523695 0.717759 0.019277 0.052854
1 0.373092 0.718816 0.018474 0.050740
1 0.608032 0.826638 0.160643 0.219873
1 0.265863 0.826638 0.151004 0.181818
