1 0.684100 0.198031 0.351464 0.115974
1 0.216527 0.199125 0.311715 0.109409
1 0.107741 0.388403 0.131799 0.225383
1 0.287657 0.388403 0.211297 0.225383
1 0.606695 0.390591 0.188285 0.229759
1 0.783473 0.410284 0.148536 0.269147
1 0.265690 0.578775 0.255230 0.155361
1 0.089958 0.565646 0.096234 0.115974
1 0.627615 0.568928 0.230126 0.113786
1 0.803347 0.589716 0.108787 0.072210
1 0.086820 0.672867 0.089958 0.080963
1 0.597280 0.683807 0.169456 0.094092
1 0.774059 0.738512 0.167364 0.203501
1 0.191423 0.747265 0.102510 0.181619
1 0.321130 0.747265 0.144351 0.181619
1 0.086820 0.778993 0.089958 0.118162
1 0.563808 0.789934 0.102510 0.100656
1 0.652720 0.789934 0.058577 0.100656
1 0.057531 0.925602 0.048117 0.135667
1 0.165272 0.919037 0.138075 0.122538
