1 0.546478 0.212702 0.254063 0.169758
1 0.354719 0.302823 0.187054 0.237903
1 0.765754 0.391935 0.237525 0.416129
1 0.128743 0.318750 0.079555 0.114113
1 0.171229 0.504637 0.164528 0.485887
1 0.547904 0.442944 0.199316 0.263306
1 0.651269 0.528831 0.124323 0.284274
1 0.762903 0.420565 0.086969 0.067742
1 0.399344 0.498185 0.080696 0.136694
1 0.307385 0.498589 0.092387 0.122984
1 0.339179 0.680040 0.155974 0.210887
1 0.490875 0.680040 0.196464 0.210887
1 0.801967 0.696976 0.165098 0.177016
1 0.615483 0.731855 0.052752 0.107258
1 0.680211 0.731855 0.066439 0.107258
1 0.608497 0.846976 0.137439 0.077823
