1 0.227977 0.014874 0.033882 0.029748
1 0.538238 0.450801 0.054211 0.796339
1 0.636012 0.437071 0.127783 0.764302
1 0.770087 0.153318 0.128751 0.196796
1 0.905131 0.232265 0.129719 0.354691
1 0.114714 0.159039 0.059051 0.203661
1 0.177638 0.159039 0.057115 0.203661
1 0.230397 0.375286 0.036786 0.636156
1 0.364956 0.437071 0.220716 0.759725
1 0.729429 0.350114 0.047435 0.173913
1 0.779284 0.350114 0.042594 0.173913
1 0.770087 0.458810 0.128751 0.391304
1 0.136980 0.335240 0.103582 0.130435
1 0.148112 0.458810 0.125847 0.217391
1 0.938045 0.419908 0.063892 0.089245
1 0.905131 0.620137 0.129719 0.398169
1 0.148112 0.636156 0.125847 0.114416
1 0.772991 0.668192 0.041626 0.073227
1 0.793320 0.725400 0.082285 0.187643
1 0.726525 0.742563 0.041626 0.153318
1 0.281220 0.760870 0.130687 0.112128
1 0.116167 0.766590 0.061955 0.100686
1 0.181510 0.766590 0.059051 0.100686
1 0.726525 0.876430 0.043562 0.054920
