1 0.192393 0.113580 0.230430 0.185185
1 0.651047 0.116049 0.217200 0.182716
1 0.176957 0.383333 0.228225 0.307407
1 0.379272 0.383333 0.160970 0.307407
1 0.610254 0.343827 0.162073 0.228395
1 0.808159 0.385185 0.233738 0.311111
1 0.609151 0.643210 0.159868 0.353086
1 0.807056 0.625926 0.235943 0.170370
1 0.131202 0.613580 0.136714 0.135802
1 0.333517 0.613580 0.252481 0.135802
1 0.333517 0.754321 0.252481 0.128395
1 0.870452 0.754938 0.109151 0.129630
1 0.133958 0.751852 0.131202 0.118519
1 0.749724 0.769753 0.116869 0.100000
1 0.746417 0.890741 0.123484 0.095062
