1 0.137081 0.198450 0.155819 0.207752
1 0.401381 0.297674 0.349112 0.368992
1 0.720907 0.227132 0.266272 0.227907
1 0.137081 0.470543 0.155819 0.299225
1 0.637081 0.494574 0.122288 0.269767
1 0.714990 0.436434 0.063116 0.153488
1 0.806213 0.433333 0.095661 0.147287
1 0.312623 0.649612 0.171598 0.300775
1 0.402860 0.571318 0.071992 0.144186
1 0.490631 0.649612 0.170611 0.300775
1 0.714990 0.624806 0.063116 0.198450
1 0.806213 0.586822 0.095661 0.122481
1 0.137081 0.719380 0.155819 0.161240
1 0.629191 0.686822 0.082840 0.074419
1 0.785996 0.733333 0.136095 0.130233
1 0.647436 0.819380 0.119329 0.153488
