1 0.140376 0.201807 0.205634 0.238956
1 0.449765 0.236948 0.174648 0.289157
1 0.639437 0.266064 0.289202 0.347390
1 0.867136 0.238956 0.158685 0.293173
1 0.393427 0.448795 0.061972 0.114458
1 0.460563 0.448795 0.061033 0.114458
1 0.907512 0.511044 0.072300 0.222892
1 0.826761 0.484940 0.072300 0.158635
1 0.539906 0.566265 0.090141 0.253012
1 0.684507 0.645582 0.199061 0.411647
1 0.427700 0.656627 0.130516 0.281124
1 0.867136 0.687751 0.158685 0.218876
1 0.980282 0.682731 0.039437 0.120482
1 0.540376 0.751004 0.087324 0.092369
1 0.547887 0.893574 0.107981 0.132530
