1 0.684086 0.060367 0.047506 0.078740
1 0.435273 0.192913 0.077197 0.154856
1 0.578979 0.259843 0.108076 0.272966
1 0.725059 0.259843 0.172209 0.272966
1 0.884798 0.471129 0.137767 0.695538
1 0.115796 0.221785 0.136580 0.097113
1 0.101544 0.377953 0.108076 0.167979
1 0.213183 0.446194 0.103325 0.304462
1 0.302257 0.341207 0.062945 0.094488
1 0.354513 0.514436 0.074822 0.440945
1 0.437648 0.367454 0.081948 0.146982
1 0.407957 0.438320 0.022565 0.099738
1 0.727435 0.500000 0.176960 0.207349
1 0.282067 0.444882 0.112827 0.086614
1 0.554632 0.480315 0.059382 0.141732
1 0.611639 0.506562 0.042755 0.194226
1 0.437648 0.587927 0.081948 0.293963
1 0.101544 0.536745 0.108076 0.123360
1 0.250594 0.657480 0.178147 0.312336
1 0.605701 0.691601 0.161520 0.254593
1 0.101544 0.712598 0.108076 0.202100
1 0.135392 0.670604 0.040380 0.118110
1 0.751781 0.717848 0.118765 0.202100
1 0.356888 0.796588 0.070071 0.081365
1 0.132423 0.871391 0.046318 0.068241
