1 0.365196 0.045024 0.223039 0.090047
1 0.597426 0.045024 0.224265 0.090047
1 0.318015 0.283175 0.116422 0.343602
1 0.428309 0.214455 0.096814 0.206161
1 0.532475 0.214455 0.096814 0.206161
1 0.643382 0.283175 0.117647 0.343602
1 0.177083 0.349526 0.143382 0.101896
1 0.785539 0.349526 0.144608 0.101896
1 0.404412 0.389810 0.049020 0.130332
1 0.454657 0.372038 0.044118 0.094787
1 0.506127 0.372038 0.044118 0.094787
1 0.556373 0.389810 0.049020 0.130332
1 0.173407 0.573460 0.150735 0.312796
1 0.789216 0.573460 0.151961 0.312796
1 0.428309 0.518957 0.096814 0.184834
1 0.532475 0.518957 0.096814 0.184834
1 0.318015 0.533175 0.116422 0.156398
1 0.643382 0.533175 0.117647 0.156398
1 0.401961 0.598341 0.044118 0.097156
1 0.558824 0.598341 0.044118 0.097156
1 0.592525 0.687204 0.052696 0.222749
1 0.367647 0.688389 0.051471 0.220379
1 0.299020 0.708531 0.078431 0.180095
1 0.428309 0.708531 0.096814 0.180095
1 0.532475 0.708531 0.096814 0.180095
1 0.662377 0.708531 0.079657 0.180095
1 0.367647 0.873223 0.080882 0.106635
1 0.592525 0.872038 0.079657 0.104265
1 0.254289 0.862559 0.011029 0.014218
1 0.707721 0.864929 0.011029 0.014218
