1 0.457204 0.252033 0.062192 0.230352
1 0.838054 0.252033 0.059113 0.230352
1 0.213670 0.202575 0.080049 0.123306
1 0.293103 0.247967 0.072660 0.214092
1 0.373153 0.247967 0.087438 0.214092
1 0.675185 0.210027 0.070813 0.135501
1 0.756773 0.248645 0.084975 0.212737
1 0.674877 0.199864 0.025862 0.012195
1 0.232143 0.313008 0.043103 0.084011
1 0.189039 0.313686 0.030788 0.082656
1 0.670567 0.320461 0.061576 0.069106
1 0.640086 0.649051 0.254310 0.327913
1 0.682266 0.598916 0.084975 0.214092
1 0.740764 0.598916 0.054187 0.214092
1 0.847599 0.541328 0.159483 0.098916
1 0.103756 0.571138 0.123768 0.155827
1 0.236145 0.604336 0.121305 0.208672
1 0.383621 0.604336 0.153941 0.208672
1 0.798645 0.651084 0.060345 0.101626
1 0.854064 0.651084 0.043103 0.101626
1 0.902094 0.650407 0.045567 0.097561
1 0.147783 0.688347 0.036946 0.059621
