1 0.507607 0.178592 0.218534 0.171379
1 0.549793 0.201096 0.302905 0.216388
1 0.774896 0.127813 0.134855 0.069821
1 0.774896 0.238892 0.134855 0.140796
1 0.119640 0.254472 0.147994 0.131564
1 0.232711 0.283612 0.068465 0.189844
1 0.330567 0.248990 0.117566 0.120600
1 0.330567 0.386036 0.117566 0.144259
1 0.130014 0.391229 0.168741 0.133872
1 0.243430 0.420369 0.047026 0.075591
1 0.515560 0.603578 0.221992 0.166186
1 0.653527 0.640219 0.102351 0.239469
1 0.776625 0.595499 0.132780 0.150029
1 0.167012 0.675418 0.224758 0.127525
1 0.279046 0.633872 0.000692 0.044432
1 0.341978 0.675418 0.125173 0.127525
1 0.816044 0.690710 0.053942 0.069244
1 0.746542 0.700519 0.072614 0.049625
1 0.502075 0.764282 0.188105 0.143681
1 0.449516 0.734276 0.082988 0.075591
1 0.776625 0.784189 0.132780 0.109636
1 0.118257 0.808425 0.127248 0.130410
1 0.230636 0.783612 0.086445 0.080785
1 0.337483 0.783612 0.116183 0.080785
1 0.653527 0.786497 0.102351 0.043855
1 0.655602 0.858627 0.106501 0.076168
1 0.259682 0.851125 0.144537 0.045009
1 0.366528 0.851125 0.058091 0.045009
1 0.200207 0.916907 0.107192 0.061166
