1 0.216617 0.096907 0.195846 0.101031
1 0.912463 0.076289 0.050445 0.039175
1 0.430762 0.191753 0.297725 0.228866
1 0.653808 0.200515 0.136499 0.186598
1 0.841246 0.175773 0.228487 0.137113
1 0.203759 0.226289 0.158259 0.135052
1 0.783383 0.382990 0.112760 0.267010
1 0.900099 0.382990 0.110781 0.267010
1 0.170623 0.365464 0.091988 0.135052
1 0.258655 0.321134 0.046489 0.046392
1 0.619189 0.324742 0.067260 0.053608
1 0.689911 0.324742 0.064293 0.053608
1 0.375371 0.411340 0.186944 0.210309
1 0.524233 0.375258 0.110781 0.138144
1 0.237883 0.390722 0.076162 0.084536
1 0.653808 0.436082 0.136499 0.160825
1 0.200297 0.477835 0.151335 0.077320
1 0.524233 0.482990 0.110781 0.067010
1 0.501978 0.567526 0.153314 0.081443
1 0.882295 0.822165 0.154303 0.287629
