1 0.721354 0.129721 0.401042 0.114943
1 0.149306 0.317734 0.197917 0.254516
1 0.354167 0.337438 0.194444 0.293924
1 0.721354 0.392447 0.401042 0.377668
1 0.189236 0.518062 0.277778 0.126437
1 0.394965 0.536946 0.112847 0.088670
1 0.814236 0.654351 0.215278 0.146141
1 0.613715 0.714286 0.185764 0.249589
1 0.157118 0.708539 0.213542 0.234811
1 0.361111 0.708539 0.180556 0.234811
1 0.398438 0.770936 0.105903 0.110016
1 0.757812 0.788998 0.085069 0.100164
1 0.865451 0.788998 0.112847 0.100164
1 0.861979 0.889984 0.123264 0.072250
