1 0.873558 0.143844 0.070098 0.076633
1 0.203638 0.193467 0.149956 0.128141
1 0.331854 0.189698 0.099379 0.120603
1 0.416149 0.188442 0.058563 0.118090
1 0.078083 0.219849 0.070985 0.135678
1 0.478261 0.204146 0.049689 0.066583
1 0.541704 0.206658 0.068323 0.071608
1 0.612689 0.246859 0.059450 0.152010
1 0.665040 0.190327 0.036380 0.038945
1 0.679681 0.356784 0.193434 0.371859
1 0.869565 0.235553 0.101154 0.086683
1 0.348270 0.324749 0.199645 0.207286
1 0.503549 0.335427 0.144632 0.185930
1 0.186779 0.334171 0.116238 0.143216
1 0.869565 0.406407 0.101154 0.242462
1 0.367791 0.460427 0.238687 0.194724
1 0.345164 0.395729 0.058563 0.065327
1 0.186779 0.480528 0.116238 0.136935
1 0.566992 0.503141 0.133097 0.111809
1 0.186779 0.626884 0.116238 0.138191
1 0.287933 0.744347 0.318545 0.373116
1 0.473824 0.823492 0.161491 0.239950
