1 0.666452 0.469486 0.125161 0.129550
1 0.838710 0.456638 0.185806 0.080300
1 0.192903 0.567987 0.282581 0.255889
1 0.234194 0.666488 0.267097 0.236617
1 0.441935 0.616702 0.138065 0.137045
1 0.554839 0.616702 0.136774 0.137045
1 0.665806 0.646681 0.193548 0.197002
1 0.737419 0.589400 0.050323 0.082441
1 0.737419 0.660064 0.050323 0.052463
1 0.466452 0.758565 0.194839 0.140257
1 0.290968 0.834047 0.150968 0.179872
1 0.560645 0.820128 0.109677 0.141328
1 0.660645 0.786938 0.077419 0.074946
1 0.744516 0.774090 0.056774 0.032120
1 0.829032 0.857066 0.225806 0.198073
1 0.134839 0.855996 0.153548 0.135974
1 0.473548 0.847430 0.054194 0.086724
1 0.660645 0.860278 0.077419 0.061028
1 0.406452 0.861349 0.069677 0.058887
1 0.212258 0.888651 0.050323 0.070664
1 0.519355 0.935225 0.393548 0.061028
