1 0.264453 0.170833 0.142969 0.219444
1 0.393359 0.170833 0.114844 0.219444
1 0.516406 0.170833 0.131250 0.219444
1 0.616016 0.188194 0.057031 0.254167
1 0.731641 0.156944 0.161719 0.191667
1 0.587891 0.489583 0.203906 0.454167
1 0.751172 0.438889 0.122656 0.352778
1 0.376953 0.447917 0.238281 0.334722
1 0.222266 0.452778 0.060156 0.325000
1 0.541797 0.395833 0.080469 0.211111
1 0.616016 0.380556 0.057031 0.111111
1 0.616016 0.474306 0.057031 0.054167
1 0.640234 0.563194 0.019531 0.104167
1 0.751563 0.740278 0.121875 0.230556
