1 0.616604 0.045312 0.106343 0.068750
1 0.249067 0.164062 0.132463 0.143750
1 0.385261 0.164062 0.125000 0.143750
1 0.510261 0.164062 0.106343 0.143750
1 0.472015 0.196875 0.395522 0.209375
1 0.750933 0.178906 0.162313 0.173437
1 0.720149 0.264844 0.481343 0.345313
1 0.225746 0.290625 0.085821 0.093750
1 0.573694 0.394531 0.792910 0.226562
1 0.326493 0.372656 0.287313 0.129688
1 0.281716 0.746094 0.197761 0.342187
1 0.475746 0.624219 0.167910 0.098437
1 0.604478 0.702344 0.126866 0.254688
1 0.716418 0.603125 0.074627 0.056250
1 0.861940 0.660937 0.197761 0.171875
1 0.904851 0.619531 0.111940 0.089063
1 0.716418 0.691406 0.074627 0.110937
1 0.099813 0.678125 0.139925 0.081250
1 0.469216 0.800000 0.188433 0.234375
1 0.098881 0.827344 0.141791 0.201563
1 0.761194 0.835938 0.164179 0.162500
1 0.567164 0.875000 0.794776 0.231250
1 0.620336 0.878125 0.095149 0.078125
