1 0.120541 0.211623 0.154595 0.282895
1 0.425405 0.212719 0.154595 0.285088
1 0.240541 0.143640 0.061622 0.103070
1 0.468649 0.319079 0.217297 0.453947
1 0.794054 0.233553 0.174054 0.274123
1 0.117838 0.379386 0.127568 0.350877
1 0.226486 0.286184 0.089730 0.164474
1 0.244865 0.250000 0.052973 0.092105
1 0.214595 0.466009 0.059459 0.177632
1 0.276216 0.466009 0.063784 0.177632
1 0.487027 0.563596 0.107027 0.372807
1 0.571892 0.461623 0.092973 0.168860
1 0.711351 0.464912 0.090811 0.171053
1 0.778919 0.464912 0.078919 0.171053
1 0.836757 0.464912 0.028108 0.171053
1 0.887027 0.464912 0.063784 0.171053
1 0.234595 0.526316 0.043243 0.057018
1 0.434054 0.648026 0.063784 0.203947
1 0.552432 0.607456 0.051892 0.100877
1 0.793514 0.654605 0.175135 0.190789
1 0.425946 0.725877 0.155676 0.311404
1 0.182162 0.662281 0.174054 0.179825
1 0.120000 0.731360 0.153514 0.313596
1 0.547027 0.762061 0.062703 0.195175
1 0.238378 0.813596 0.061622 0.105263
1 0.792973 0.824561 0.176216 0.100877
