1 0.527146 0.103361 0.604798 0.169748
1 0.304924 0.337815 0.157828 0.258824
1 0.519571 0.337815 0.263889 0.258824
1 0.742424 0.324370 0.171717 0.231933
1 0.174242 0.366387 0.095960 0.121008
1 0.878157 0.373950 0.099747 0.132773
1 0.206439 0.502521 0.160354 0.141176
1 0.663510 0.563866 0.329545 0.240336
1 0.880051 0.493277 0.095960 0.095798
1 0.395202 0.623529 0.207071 0.312605
1 0.256313 0.577311 0.060606 0.068908
1 0.697601 0.663866 0.150253 0.231933
1 0.852273 0.663866 0.151515 0.231933
1 0.206439 0.679832 0.160354 0.200000
1 0.071338 0.651261 0.079545 0.075630
1 0.557449 0.734454 0.119949 0.090756
1 0.525884 0.867227 0.228535 0.131092
