1 0.176759 0.148752 0.186579 0.147793
1 0.375614 0.212092 0.201309 0.274472
1 0.742226 0.354127 0.391162 0.558541
1 0.110475 0.288868 0.054010 0.120921
1 0.208674 0.288868 0.132570 0.120921
1 0.179214 0.431862 0.191489 0.145873
1 0.379705 0.496161 0.193126 0.274472
1 0.179214 0.572937 0.191489 0.120921
1 0.446809 0.611324 0.058920 0.044146
1 0.742226 0.699616 0.253682 0.163148
1 0.841244 0.699616 0.193126 0.163148
1 0.179214 0.714971 0.191489 0.132438
1 0.379705 0.714971 0.193126 0.132438
1 0.428805 0.673704 0.094926 0.049904
1 0.575286 0.714971 0.057283 0.132438
1 0.115385 0.741843 0.063830 0.078695
1 0.319967 0.767754 0.073650 0.026871
1 0.373159 0.767754 0.022913 0.026871
1 0.335516 0.836852 0.121113 0.076775
