1 0.191384 0.038364 0.162429 0.058179
1 0.191384 0.178752 0.216102 0.205734
1 0.362994 0.549747 0.214689 0.086003
1 0.819209 0.553963 0.217514 0.079258
1 0.276130 0.692243 0.382768 0.175379
1 0.618644 0.683811 0.163842 0.155143
1 0.815678 0.665683 0.216102 0.118887
1 0.164548 0.748314 0.159605 0.107083
1 0.815678 0.784570 0.216102 0.110455
1 0.866525 0.748314 0.114407 0.037943
1 0.618644 0.843592 0.163842 0.155987
1 0.355932 0.828836 0.223164 0.097808
1 0.161017 0.862985 0.152542 0.113828
1 0.762006 0.862142 0.108757 0.112142
1 0.415254 0.881535 0.104520 0.076728
1 0.870056 0.881535 0.090395 0.073356
1 0.295904 0.900927 0.103107 0.037943
1 0.318503 0.950675 0.117232 0.037943
