1 0.672911 0.156805 0.400576 0.120316
1 0.337176 0.412229 0.472622 0.358974
1 0.731988 0.327416 0.293948 0.189349
1 0.731988 0.457594 0.293948 0.055227
1 0.649856 0.525641 0.129683 0.072978
1 0.801153 0.543393 0.155620 0.108481
1 0.731988 0.631164 0.293948 0.126233
1 0.249280 0.642012 0.291066 0.100592
1 0.488473 0.676529 0.170029 0.169625
1 0.275216 0.768245 0.342939 0.132150
1 0.731988 0.768245 0.293948 0.132150
1 0.488473 0.800789 0.170029 0.067061
1 0.580692 0.894477 0.250720 0.084813
1 0.828530 0.889546 0.210375 0.074951
