1 0.791389 0.241473 0.132778 0.307752
1 0.913611 0.143023 0.102778 0.109302
1 0.481389 0.250775 0.295000 0.293798
1 0.919722 0.311628 0.102778 0.198450
1 0.159167 0.500775 0.117222 0.176744
1 0.308333 0.526357 0.302222 0.227907
1 0.517500 0.489922 0.116111 0.155039
1 0.050556 0.501163 0.078889 0.155814
1 0.630000 0.585271 0.086667 0.094574
1 0.517500 0.591085 0.116111 0.096899
1 0.099444 0.629070 0.107778 0.070543
1 0.535833 0.712791 0.152778 0.146512
1 0.203889 0.717054 0.093333 0.137984
1 0.304167 0.717054 0.099444 0.137984
1 0.377500 0.675194 0.040556 0.054264
1 0.451944 0.717054 0.101667 0.137984
1 0.522778 0.678295 0.032222 0.060465
1 0.071389 0.725194 0.051667 0.121705
1 0.126667 0.727907 0.051111 0.116279
1 0.377500 0.746512 0.040556 0.079070
1 0.560556 0.825581 0.072222 0.051163
