1 0.259027 0.163144 0.401884 0.143989
1 0.258242 0.391678 0.381476 0.281374
1 0.628728 0.359974 0.196232 0.212682
1 0.824176 0.393659 0.175824 0.280053
1 0.589482 0.517173 0.117739 0.085865
1 0.784929 0.566050 0.254317 0.183620
1 0.258242 0.647952 0.381476 0.231176
1 0.128728 0.571995 0.122449 0.066050
1 0.589482 0.674373 0.117739 0.186262
1 0.323391 0.762880 0.251177 0.199472
1 0.784929 0.764201 0.254317 0.196830
1 0.128728 0.816380 0.122449 0.092470
1 0.589482 0.818362 0.117739 0.088507
1 0.149922 0.916116 0.202512 0.075297
