1 0.215505 0.300268 0.085383 0.294906
1 0.245902 0.183646 0.024590 0.061662
1 0.310109 0.272118 0.095628 0.238606
1 0.425546 0.337131 0.127049 0.368633
1 0.572063 0.272118 0.079918 0.233244
1 0.667350 0.276810 0.102459 0.242627
1 0.783811 0.305630 0.130464 0.300268
1 0.714481 0.537534 0.269126 0.356568
1 0.554303 0.435657 0.044399 0.080429
1 0.265369 0.597185 0.185109 0.395442
1 0.554303 0.510724 0.044399 0.056300
1 0.289959 0.588472 0.055328 0.117962
1 0.405738 0.662198 0.166667 0.265416
1 0.808060 0.669571 0.081967 0.261394
1 0.581626 0.672922 0.099044 0.254692
1 0.727801 0.672922 0.078552 0.254692
1 0.455601 0.711796 0.066940 0.166220
1 0.289959 0.725871 0.055328 0.138070
1 0.659836 0.762064 0.050546 0.076408
1 0.659495 0.840483 0.051230 0.056300
