1 0.740057 0.189979 0.139205 0.275574
1 0.885417 0.211900 0.140152 0.319415
1 0.493371 0.216075 0.285985 0.319415
1 0.133049 0.385177 0.196023 0.632568
1 0.256155 0.174322 0.122159 0.210856
1 0.768939 0.486430 0.196970 0.430063
1 0.276989 0.402923 0.080492 0.221294
1 0.379261 0.352818 0.057765 0.121086
1 0.725379 0.393528 0.109848 0.106472
1 0.579072 0.538622 0.114583 0.329854
1 0.436080 0.539666 0.171402 0.327766
1 0.847538 0.542797 0.215909 0.317328
1 0.075758 0.545929 0.081439 0.311065
1 0.407670 0.401879 0.000947 0.002088
1 0.401042 0.414405 0.000947 0.002088
1 0.398201 0.420668 0.000947 0.002088
1 0.276515 0.613779 0.073864 0.162839
1 0.426136 0.588727 0.032197 0.070981
1 0.205019 0.635699 0.052083 0.131524
1 0.462595 0.784969 0.101326 0.129436
1 0.147254 0.786013 0.097538 0.114823
1 0.785985 0.831942 0.140152 0.206681
1 0.463068 0.902923 0.125000 0.056367
