1 0.822813 0.105594 0.272425 0.087900
1 0.754153 0.188927 0.135105 0.053653
1 0.906423 0.206050 0.105205 0.087900
1 0.764120 0.345320 0.155039 0.236301
1 0.906423 0.324772 0.105205 0.128995
1 0.870986 0.561073 0.176080 0.320776
1 0.123477 0.521689 0.158361 0.212329
1 0.344961 0.603881 0.426357 0.367580
1 0.665559 0.569635 0.214839 0.175799
1 0.519380 0.650685 0.066445 0.050228
1 0.083056 0.696918 0.077519 0.115297
1 0.627353 0.727169 0.138427 0.121005
1 0.739756 0.694064 0.066445 0.054795
1 0.739756 0.760274 0.066445 0.054795
1 0.870986 0.772831 0.178295 0.079909
1 0.122924 0.868151 0.157254 0.202055
1 0.298450 0.883562 0.167220 0.171233
1 0.421927 0.883562 0.064230 0.171233
1 0.535437 0.883562 0.145072 0.171233
1 0.691584 0.883562 0.149502 0.171233
