1 0.251783 0.136134 0.203994 0.077311
1 0.373039 0.226891 0.446505 0.104202
1 0.226106 0.400840 0.215407 0.203361
1 0.490728 0.415126 0.299572 0.231933
1 0.753210 0.404202 0.205421 0.210084
1 0.155492 0.562185 0.074180 0.099160
1 0.240371 0.562185 0.081312 0.099160
1 0.345934 0.655462 0.115549 0.285714
1 0.696862 0.577311 0.092725 0.115966
1 0.802425 0.597479 0.101284 0.156303
1 0.522111 0.664706 0.236805 0.267227
1 0.199715 0.708403 0.162625 0.179832
1 0.753923 0.721849 0.206847 0.152941
1 0.905849 0.722689 0.062767 0.090756
1 0.370185 0.862185 0.166904 0.084034
