1 0.755025 0.088144 0.097990 0.120125
1 0.865578 0.106084 0.105528 0.156006
1 0.755025 0.197348 0.097990 0.078003
1 0.812186 0.308112 0.212312 0.226209
1 0.185616 0.491420 0.140075 0.296412
1 0.374686 0.577223 0.221734 0.291732
1 0.580088 0.519891 0.191583 0.177067
1 0.695352 0.480499 0.079146 0.098284
1 0.637877 0.639626 0.304648 0.416537
1 0.858354 0.519891 0.119975 0.177067
1 0.709485 0.574103 0.050879 0.068643
1 0.826633 0.655226 0.056533 0.073323
1 0.890704 0.655226 0.055276 0.073323
1 0.154209 0.686427 0.077261 0.073323
1 0.228329 0.686427 0.054648 0.073323
1 0.660176 0.813963 0.153266 0.223869
1 0.819410 0.813963 0.197864 0.223869
1 0.154209 0.829563 0.077261 0.192668
1 0.261621 0.829563 0.121231 0.192668
1 0.404209 0.829563 0.147613 0.192668
1 0.530779 0.891966 0.089196 0.067863
