1 0.829587 0.149351 0.265492 0.072727
1 0.446841 0.347403 0.131835 0.455844
1 0.506987 0.188961 0.034629 0.138961
1 0.582017 0.270779 0.126367 0.302597
1 0.088092 0.194156 0.063183 0.136364
1 0.160085 0.194156 0.066221 0.136364
1 0.253949 0.219481 0.111786 0.187013
1 0.763366 0.344156 0.133050 0.296104
1 0.856318 0.283117 0.041920 0.174026
1 0.919806 0.308442 0.085055 0.224675
1 0.102066 0.351948 0.091130 0.158442
1 0.233597 0.442208 0.160996 0.237662
1 0.898846 0.477273 0.126974 0.190909
1 0.615431 0.502597 0.059538 0.140260
1 0.582017 0.570130 0.126367 0.272727
1 0.120292 0.497403 0.127582 0.109091
1 0.204131 0.497403 0.029162 0.109091
1 0.763366 0.537013 0.133050 0.071429
1 0.253341 0.700649 0.138518 0.245455
1 0.547084 0.765584 0.050425 0.092208
1 0.611482 0.765584 0.067436 0.092208
1 0.542831 0.869481 0.060146 0.074026
