1 0.363263 0.125869 0.210094 0.240612
1 0.852113 0.130737 0.208920 0.228095
1 0.686620 0.156467 0.208920 0.176634
1 0.548709 0.328929 0.066901 0.229485
1 0.771714 0.333797 0.360329 0.236439
1 0.223005 0.333797 0.241784 0.233658
1 0.379108 0.336579 0.169014 0.161335
1 0.866784 0.498609 0.170188 0.179416
1 0.330986 0.458275 0.072770 0.090403
1 0.417254 0.463143 0.092723 0.080668
1 0.649648 0.528512 0.259390 0.152990
1 0.096244 0.534771 0.133803 0.157163
1 0.267606 0.557719 0.199531 0.203060
1 0.417254 0.531989 0.092723 0.045897
1 0.799883 0.663421 0.303991 0.216968
1 0.417254 0.588317 0.092723 0.058414
1 0.906103 0.622392 0.091549 0.054242
1 0.580986 0.690542 0.122066 0.162726
1 0.096244 0.696106 0.133803 0.157163
1 0.378521 0.698887 0.170188 0.151599
1 0.870892 0.757302 0.161972 0.204451
1 0.228286 0.719750 0.120892 0.109875
1 0.755282 0.728095 0.057512 0.087622
1 0.380869 0.822670 0.165493 0.084840
1 0.113263 0.824757 0.073944 0.080668
1 0.201291 0.858136 0.177230 0.147427
1 0.661972 0.821975 0.234742 0.075104
1 0.661972 0.900556 0.234742 0.057024
