1 0.717063 0.075847 0.073434 0.060383
1 0.711663 0.140648 0.269978 0.139912
1 0.805616 0.131811 0.159827 0.119293
1 0.541037 0.158321 0.058315 0.095729
1 0.287257 0.273196 0.285097 0.134021
1 0.480562 0.209867 0.049676 0.001473
1 0.640389 0.310015 0.369330 0.198822
1 0.262419 0.441826 0.334773 0.191458
1 0.521598 0.463918 0.131749 0.108984
1 0.719222 0.469072 0.250540 0.113402
1 0.466523 0.528719 0.060475 0.032401
1 0.593952 0.681885 0.259179 0.106038
1 0.598272 0.816642 0.276458 0.275405
1 0.682505 0.738586 0.051836 0.036819
1 0.294816 0.808542 0.295896 0.153166
1 0.813175 0.823270 0.153348 0.123711
1 0.389849 0.834315 0.105832 0.089838
1 0.766739 0.884389 0.159827 0.081001
