1 0.514671 0.079670 0.181925 0.082418
1 0.112089 0.148352 0.142019 0.208791
1 0.217136 0.116300 0.058685 0.144689
1 0.308685 0.151099 0.115023 0.214286
1 0.657277 0.152015 0.075117 0.205128
1 0.757042 0.152015 0.110329 0.205128
1 0.877934 0.098901 0.117371 0.098901
1 0.594484 0.474359 0.369718 0.750916
1 0.877934 0.204212 0.117371 0.100733
1 0.203638 0.469780 0.325117 0.547619
1 0.099178 0.369048 0.116197 0.221612
1 0.778169 0.499084 0.316901 0.470696
1 0.311033 0.430403 0.110329 0.098901
1 0.877347 0.445055 0.111502 0.109890
1 0.662559 0.611722 0.085681 0.245421
1 0.820423 0.542125 0.049296 0.062271
1 0.866197 0.622711 0.140845 0.223443
1 0.864437 0.854396 0.144366 0.195971
1 0.295775 0.860806 0.164319 0.197802
