1 0.168029 0.190984 0.199183 0.240984
1 0.298264 0.136885 0.051073 0.132787
1 0.412155 0.148361 0.166496 0.155738
1 0.486721 0.289344 0.240041 0.437705
1 0.319714 0.405738 0.093973 0.388525
1 0.189990 0.381148 0.155260 0.211475
1 0.576609 0.556557 0.152196 0.211475
1 0.189990 0.577869 0.155260 0.165574
1 0.816139 0.660656 0.320735 0.304918
1 0.362104 0.581967 0.035751 0.134426
1 0.440245 0.588525 0.112360 0.147541
1 0.751277 0.702459 0.144025 0.221311
1 0.305924 0.634426 0.066394 0.055738
1 0.286006 0.749180 0.073544 0.150820
1 0.672114 0.744262 0.230848 0.137705
1 0.390194 0.742623 0.118488 0.131148
1 0.500000 0.740164 0.082737 0.126230
