1 0.453986 0.218529 0.237848 0.386139
1 0.724887 0.108911 0.116008 0.155587
1 0.846079 0.070721 0.116008 0.079208
1 0.046986 0.118105 0.058976 0.162659
1 0.104342 0.118105 0.046662 0.162659
1 0.187622 0.379774 0.112119 0.685997
1 0.725211 0.353607 0.116656 0.458274
1 0.846079 0.275813 0.116008 0.302687
1 0.071938 0.463932 0.108879 0.503536
1 0.151977 0.271570 0.040830 0.118812
1 0.393390 0.375530 0.116656 0.270156
1 0.268957 0.402405 0.029812 0.111740
1 0.546338 0.647808 0.178872 0.472419
1 0.836358 0.585573 0.135450 0.294201
1 0.227155 0.542433 0.033052 0.157001
1 0.190538 0.594059 0.024627 0.257426
1 0.393390 0.623055 0.116656 0.210750
1 0.800065 0.628006 0.062865 0.209335
1 0.715165 0.657709 0.096565 0.149929
1 0.477641 0.656294 0.041478 0.144272
1 0.903759 0.734795 0.130266 0.301273
1 0.556384 0.835926 0.033052 0.096181
1 0.519119 0.836634 0.029812 0.094767
