1 0.652637 0.252800 0.329615 0.374400
1 0.898073 0.252800 0.140974 0.342400
1 0.139959 0.208800 0.223124 0.241600
1 0.397059 0.260800 0.278905 0.345600
1 0.631846 0.308000 0.180527 0.235200
1 0.866126 0.341600 0.077079 0.164800
1 0.113590 0.474400 0.170385 0.270400
1 0.209939 0.390400 0.083164 0.102400
1 0.264199 0.564000 0.120690 0.260800
1 0.586714 0.504000 0.090264 0.137600
1 0.631846 0.542400 0.180527 0.214400
1 0.430527 0.627200 0.211968 0.380800
1 0.856998 0.640000 0.243408 0.400000
1 0.113590 0.776800 0.170385 0.315200
1 0.631846 0.738400 0.180527 0.158400
1 0.263692 0.760800 0.119675 0.113600
1 0.290061 0.897600 0.156187 0.115200
