1 0.549932 0.127262 0.566347 0.148190
1 0.144665 0.246606 0.214090 0.332579
1 0.873803 0.335973 0.138851 0.346154
1 0.297538 0.232466 0.071135 0.136878
1 0.387483 0.337104 0.100547 0.346154
1 0.509576 0.337104 0.134063 0.346154
1 0.688098 0.347285 0.222982 0.325792
1 0.112175 0.407240 0.149111 0.395928
1 0.297196 0.410068 0.071819 0.200226
1 0.410739 0.464932 0.054036 0.090498
1 0.221614 0.472285 0.058824 0.098416
1 0.734268 0.599548 0.130643 0.178733
1 0.873803 0.682692 0.138851 0.331448
1 0.429549 0.683258 0.184679 0.330317
1 0.595759 0.683258 0.139535 0.330317
1 0.172709 0.707014 0.298906 0.330317
1 0.700410 0.752262 0.062927 0.110860
1 0.769494 0.752262 0.067031 0.110860
1 0.734610 0.903846 0.196990 0.142534
