1 0.336585 0.120507 0.286179 0.181818
1 0.593496 0.219873 0.149593 0.355180
1 0.251220 0.371036 0.430894 0.649049
1 0.708130 0.274841 0.053659 0.084567
1 0.850407 0.382664 0.214634 0.300211
1 0.630081 0.469345 0.209756 0.279070
1 0.850407 0.643763 0.214634 0.285412
1 0.360976 0.645877 0.211382 0.276956
1 0.560976 0.563425 0.071545 0.090909
1 0.582114 0.701903 0.113821 0.169133
1 0.691057 0.701903 0.087805 0.169133
1 0.085366 0.745243 0.099187 0.078224
1 0.195122 0.745243 0.104065 0.078224
1 0.100000 0.852008 0.138211 0.101480
1 0.212195 0.856237 0.069919 0.109937
