1 0.271717 0.398428 0.412121 0.765417
1 0.157071 0.087062 0.142424 0.106409
1 0.188384 0.159613 0.178788 0.195889
1 0.236869 0.276300 0.178788 0.192261
1 0.285859 0.389964 0.179798 0.192261
1 0.773737 0.701935 0.387879 0.436518
1 0.304040 0.644498 0.113131 0.116082
1 0.337879 0.665659 0.180808 0.158404
1 0.562121 0.704353 0.267677 0.235792
1 0.749495 0.662031 0.125253 0.151149
1 0.872222 0.683192 0.110101 0.193470
1 0.747475 0.782346 0.129293 0.079807
1 0.337879 0.828295 0.180808 0.166868
1 0.872222 0.831923 0.110101 0.152358
1 0.496970 0.883313 0.129293 0.110036
1 0.598485 0.883313 0.063636 0.110036
1 0.686869 0.870012 0.105051 0.083434
1 0.777778 0.868198 0.068687 0.079807
1 0.770707 0.948609 0.256566 0.049577
