1 0.898773 0.221281 0.116564 0.273070
1 0.176687 0.417137 0.203681 0.408663
1 0.391411 0.368173 0.225767 0.310734
1 0.523926 0.307910 0.085890 0.190207
1 0.623926 0.285311 0.094479 0.145009
1 0.709202 0.274953 0.061350 0.124294
1 0.658282 0.445386 0.163190 0.148776
1 0.857055 0.640301 0.200000 0.538606
1 0.539877 0.467043 0.053988 0.105461
1 0.446626 0.630885 0.338650 0.214689
1 0.277914 0.526365 0.001227 0.001883
1 0.680982 0.588512 0.117791 0.118644
1 0.154601 0.758945 0.159509 0.252354
1 0.268098 0.759887 0.052761 0.250471
1 0.375460 0.759887 0.149693 0.250471
1 0.640491 0.772128 0.198773 0.225989
1 0.500000 0.806968 0.082209 0.107345
1 0.552147 0.806968 0.022086 0.107345
