1 0.583065 0.196892 0.059677 0.067009
1 0.246976 0.295694 0.181855 0.100371
1 0.433770 0.345880 0.171169 0.200741
1 0.584980 0.305674 0.121169 0.120331
1 0.697681 0.299259 0.095363 0.104648
1 0.831149 0.357713 0.161895 0.218705
1 0.124798 0.310379 0.052823 0.083547
1 0.246976 0.532364 0.181855 0.360422
1 0.697883 0.406758 0.090121 0.098375
1 0.587399 0.542772 0.126008 0.339607
1 0.393750 0.492586 0.091129 0.078985
1 0.481754 0.492586 0.075202 0.078985
1 0.781250 0.589820 0.261694 0.245509
1 0.433770 0.625749 0.171169 0.173653
1 0.586895 0.798118 0.154435 0.156259
