1 0.404882 0.191805 0.186869 0.155582
1 0.582492 0.191805 0.151515 0.155582
1 0.713805 0.150238 0.097643 0.072447
1 0.830808 0.150238 0.119529 0.072447
1 0.777778 0.252969 0.225589 0.121140
1 0.488215 0.318290 0.353535 0.087886
1 0.777778 0.421615 0.225589 0.206651
1 0.540404 0.475059 0.235690 0.225653
1 0.363636 0.390736 0.104377 0.049881
1 0.480640 0.390736 0.116162 0.049881
1 0.256734 0.574822 0.287879 0.396675
1 0.777778 0.598575 0.225589 0.147268
1 0.207071 0.619359 0.185185 0.084323
1 0.540404 0.633017 0.235690 0.078385
1 0.207071 0.783848 0.185185 0.228029
1 0.518519 0.718527 0.181818 0.083135
1 0.683502 0.718527 0.121212 0.083135
1 0.822391 0.720903 0.136364 0.087886
1 0.805556 0.798100 0.069024 0.040380
