1 0.218004 0.344913 0.157267 0.441687
1 0.354664 0.261787 0.116052 0.275434
1 0.822668 0.207196 0.275488 0.163772
1 0.822668 0.387097 0.275488 0.357320
1 0.462581 0.512407 0.084599 0.260546
1 0.547451 0.438586 0.074295 0.112903
1 0.623644 0.461538 0.067245 0.158809
1 0.354664 0.606700 0.116052 0.384615
1 0.072397 0.556452 0.081887 0.169975
1 0.547451 0.575682 0.074295 0.136476
1 0.623644 0.674938 0.067245 0.245658
1 0.193330 0.688586 0.107918 0.220844
1 0.273319 0.633375 0.035792 0.110422
1 0.757050 0.666873 0.144252 0.174938
1 0.897234 0.666873 0.126356 0.174938
1 0.072397 0.723945 0.081887 0.147643
1 0.443872 0.691067 0.047180 0.071960
1 0.528742 0.726427 0.111714 0.142680
1 0.271963 0.750000 0.038503 0.098015
1 0.443330 0.781017 0.045011 0.073201
1 0.072397 0.852357 0.081887 0.094293
1 0.216377 0.850496 0.046638 0.065757
