1 0.325718 0.095161 0.271540 0.129032
1 0.812337 0.106452 0.266971 0.122581
1 0.235313 0.287097 0.072454 0.209677
1 0.321475 0.435484 0.093342 0.506452
1 0.411880 0.266935 0.082245 0.169355
1 0.720627 0.288710 0.077023 0.206452
1 0.852154 0.313710 0.179504 0.256452
1 0.411880 0.403226 0.082245 0.090323
1 0.235313 0.433065 0.072454 0.069355
1 0.700718 0.445968 0.037206 0.091935
1 0.740535 0.445968 0.037206 0.091935
1 0.586815 0.479839 0.176240 0.108065
1 0.809726 0.567742 0.094648 0.251613
1 0.899478 0.567742 0.084856 0.251613
1 0.103786 0.490323 0.172324 0.087097
1 0.411880 0.534677 0.082245 0.159677
1 0.235313 0.585484 0.072454 0.206452
1 0.720627 0.595968 0.077023 0.195161
1 0.567232 0.711290 0.122715 0.319355
1 0.653721 0.589516 0.042428 0.075806
1 0.105418 0.710484 0.169060 0.304839
1 0.288838 0.628226 0.028068 0.120968
1 0.428198 0.637903 0.049608 0.101613
1 0.384791 0.654839 0.028068 0.067742
1 0.653721 0.752419 0.042428 0.237097
1 0.809073 0.761290 0.082898 0.119355
1 0.321475 0.762097 0.080287 0.101613
1 0.809073 0.871774 0.090731 0.062903
