1 0.132091 0.239698 0.087520 0.281593
1 0.251621 0.243132 0.122366 0.271978
1 0.418963 0.255495 0.197731 0.296703
1 0.469206 0.432005 0.341977 0.649725
1 0.724878 0.227335 0.154781 0.240385
1 0.878849 0.278846 0.138574 0.343407
1 0.721232 0.458104 0.162075 0.199176
1 0.242301 0.495192 0.097245 0.210165
1 0.878849 0.609203 0.138574 0.295330
1 0.685170 0.662775 0.075365 0.188187
1 0.766207 0.620879 0.072123 0.104396
1 0.241086 0.684066 0.099676 0.145604
1 0.766207 0.719093 0.072123 0.075549
1 0.712318 0.866758 0.179903 0.167582
