1 0.113849 0.204890 0.137638 0.288364
1 0.211130 0.354132 0.097706 0.586847
1 0.375531 0.135750 0.074766 0.146712
1 0.299065 0.134064 0.062872 0.136594
1 0.590909 0.215852 0.135089 0.300169
1 0.700935 0.225126 0.073067 0.318718
1 0.816907 0.220067 0.146984 0.308600
1 0.338997 0.292580 0.147833 0.150084
1 0.631266 0.325464 0.054376 0.097808
1 0.113849 0.504216 0.137638 0.286678
1 0.658454 0.510961 0.270178 0.290051
1 0.290994 0.449410 0.051827 0.143339
1 0.405268 0.534570 0.142736 0.279933
1 0.878929 0.537943 0.143585 0.276560
1 0.290994 0.589376 0.051827 0.116358
1 0.081138 0.761383 0.072218 0.183811
1 0.209856 0.767285 0.156330 0.185497
