1 0.840874 0.052239 0.046802 0.084577
1 0.496100 0.141791 0.296412 0.099502
1 0.868175 0.252488 0.166927 0.271144
1 0.123245 0.274876 0.174727 0.300995
1 0.258970 0.274876 0.143526 0.300995
1 0.716849 0.256219 0.117005 0.263682
1 0.490640 0.381841 0.319813 0.335821
1 0.713729 0.473881 0.113885 0.151741
1 0.868175 0.595771 0.166927 0.395522
1 0.070203 0.491294 0.068643 0.116915
1 0.219969 0.549751 0.221529 0.233831
1 0.109984 0.721393 0.148206 0.328358
1 0.490640 0.721393 0.319813 0.328358
1 0.716849 0.723881 0.117005 0.323383
1 0.222309 0.731343 0.067083 0.114428
1 0.293292 0.731343 0.068643 0.114428
1 0.256630 0.860697 0.123245 0.104478
