1 0.160697 0.065301 0.087393 0.082689
1 0.351480 0.066074 0.081184 0.081144
1 0.066619 0.134853 0.092168 0.173879
1 0.266237 0.136399 0.097899 0.175425
1 0.352674 0.169629 0.074976 0.113601
1 0.158548 0.168083 0.088825 0.107419
1 0.039876 0.188176 0.038682 0.064142
1 0.074260 0.178903 0.027221 0.045595
1 0.054202 0.245750 0.067335 0.081917
1 0.233047 0.253091 0.031519 0.065688
1 0.264565 0.253091 0.027698 0.065688
1 0.335244 0.288640 0.109838 0.129057
1 0.146371 0.255796 0.113181 0.061824
1 0.247851 0.345054 0.061127 0.112056
1 0.355778 0.346213 0.068768 0.109737
1 0.299666 0.378671 0.038682 0.044822
