1 0.730653 0.195101 0.487102 0.319257
1 0.257208 0.278716 0.417299 0.459459
1 0.383156 0.350507 0.165402 0.302365
1 0.529590 0.463682 0.109256 0.173986
1 0.690440 0.508446 0.200303 0.263514
1 0.881639 0.440878 0.160850 0.128378
1 0.110774 0.574324 0.124431 0.131757
1 0.385432 0.574324 0.409712 0.131757
1 0.881639 0.577703 0.160850 0.125000
1 0.086495 0.694257 0.075873 0.087838
1 0.208649 0.694257 0.153263 0.087838
1 0.406677 0.788007 0.227618 0.275338
1 0.624431 0.788007 0.192716 0.275338
1 0.845220 0.788007 0.233687 0.275338
1 0.150986 0.854730 0.244310 0.189189
