1 0.416333 0.238000 0.120667 0.254667
1 0.601500 0.262333 0.241000 0.303333
1 0.807833 0.261333 0.163000 0.300000
1 0.845333 0.403000 0.079333 0.059333
1 0.387833 0.419667 0.063667 0.091333
1 0.450333 0.443000 0.052667 0.138000
1 0.129667 0.588333 0.147333 0.418000
1 0.258167 0.588667 0.098333 0.417333
1 0.601500 0.601333 0.241000 0.374667
1 0.644167 0.596333 0.155667 0.363333
1 0.765500 0.505000 0.071667 0.158000
1 0.845333 0.516333 0.079333 0.148667
1 0.415833 0.626333 0.119667 0.303333
1 0.810500 0.688333 0.168333 0.179333
1 0.918500 0.680667 0.037000 0.096000
1 0.539833 0.866000 0.147000 0.133333
