1 0.903824 0.117308 0.171495 0.211538
1 0.111240 0.145192 0.176130 0.221154
1 0.286790 0.196154 0.156431 0.323077
1 0.496524 0.198077 0.251448 0.326923
1 0.716107 0.169231 0.178447 0.269231
1 0.768830 0.373077 0.098494 0.257692
1 0.901506 0.373077 0.152955 0.257692
1 0.106605 0.489423 0.178447 0.425000
1 0.670336 0.407692 0.086906 0.188462
1 0.689455 0.520192 0.361530 0.317308
1 0.254345 0.524038 0.091541 0.313462
1 0.406721 0.524038 0.203940 0.313462
1 0.926999 0.595192 0.101970 0.167308
1 0.556199 0.685577 0.108922 0.186538
1 0.630359 0.822115 0.141367 0.267308
1 0.783893 0.822115 0.156431 0.267308
1 0.508111 0.841346 0.079954 0.275000
