1 0.438065 0.285229 0.130323 0.488964
1 0.618065 0.228353 0.203871 0.341256
1 0.790968 0.164686 0.131613 0.213922
1 0.756129 0.314092 0.061935 0.071307
1 0.824516 0.314092 0.064516 0.071307
1 0.756129 0.410017 0.061935 0.106961
1 0.824516 0.410017 0.064516 0.106961
1 0.618710 0.482173 0.202581 0.166384
1 0.910323 0.533956 0.078710 0.151104
1 0.288387 0.497453 0.047742 0.064516
1 0.790968 0.517827 0.131613 0.095076
1 0.069677 0.575552 0.064516 0.132428
1 0.618710 0.679117 0.202581 0.288625
1 0.170323 0.575552 0.116129 0.064516
1 0.274839 0.650255 0.064516 0.203735
1 0.336129 0.615450 0.047742 0.134126
1 0.435484 0.615450 0.138065 0.134126
1 0.743226 0.616299 0.038710 0.088285
1 0.812258 0.616299 0.089032 0.088285
1 0.133548 0.732598 0.189677 0.219015
1 0.665806 0.745331 0.108387 0.156197
1 0.790968 0.745331 0.131613 0.156197
1 0.336129 0.756367 0.047742 0.134126
1 0.435484 0.756367 0.138065 0.134126
1 0.274839 0.791171 0.064516 0.064516
1 0.566452 0.892190 0.105806 0.100170
