1 0.320312 0.126302 0.113281 0.195312
1 0.431641 0.096354 0.101562 0.135417
1 0.541992 0.117188 0.044922 0.177083
1 0.628906 0.117188 0.117188 0.177083
1 0.714844 0.127604 0.046875 0.197917
1 0.545898 0.188802 0.037109 0.096354
1 0.431641 0.187500 0.101562 0.036458
1 0.426758 0.287760 0.111328 0.153646
1 0.521484 0.223958 0.003906 0.026042
1 0.673828 0.286458 0.128906 0.151042
1 0.567383 0.287760 0.095703 0.148438
1 0.323242 0.296875 0.119141 0.135417
1 0.553711 0.286458 0.005859 0.005208
1 0.298828 0.287760 0.003906 0.002604
1 0.538086 0.347656 0.037109 0.028646
1 0.286133 0.408854 0.033203 0.078125
1 0.339844 0.408854 0.066406 0.078125
1 0.322266 0.496094 0.035156 0.085938
1 0.464844 0.571615 0.109375 0.190104
1 0.574219 0.522135 0.097656 0.091146
1 0.574219 0.615885 0.097656 0.080729
1 0.568359 0.696615 0.109375 0.070312
1 0.425781 0.736979 0.031250 0.130208
1 0.476562 0.736979 0.066406 0.130208
1 0.568359 0.755208 0.109375 0.093750
1 0.465820 0.848958 0.103516 0.083333
1 0.544922 0.833333 0.046875 0.052083
