1 0.817849 0.101027 0.305779 0.138128
1 0.167520 0.163813 0.185808 0.156393
1 0.359912 0.242580 0.166789 0.300228
1 0.551939 0.319064 0.207023 0.453196
1 0.727505 0.320205 0.144111 0.234018
1 0.877103 0.320205 0.144843 0.234018
1 0.159839 0.573630 0.192392 0.610731
1 0.408559 0.396119 0.069495 0.082192
1 0.321873 0.475457 0.090710 0.142694
1 0.398683 0.547374 0.089247 0.204338
1 0.760790 0.604452 0.210680 0.318493
1 0.910388 0.493721 0.078274 0.097032
1 0.549744 0.699201 0.202634 0.307078
1 0.857352 0.656963 0.184345 0.213470
1 0.312729 0.603881 0.072421 0.091324
1 0.359912 0.755137 0.166789 0.195205
1 0.817849 0.854452 0.305779 0.117580
