1 0.267956 0.217762 0.104972 0.304136
1 0.373849 0.164234 0.073665 0.163017
1 0.440147 0.131387 0.044199 0.097324
1 0.474217 0.164234 0.112339 0.163017
1 0.577348 0.155718 0.075506 0.145985
1 0.686924 0.239659 0.125230 0.313869
1 0.782689 0.266423 0.195212 0.367397
1 0.577348 0.281022 0.075506 0.080292
1 0.434622 0.319951 0.195212 0.133820
1 0.622468 0.517032 0.165746 0.367397
1 0.432781 0.605839 0.383057 0.418491
1 0.530387 0.508516 0.162063 0.223844
1 0.796501 0.593674 0.167587 0.267640
1 0.648250 0.762774 0.114180 0.104623
1 0.804788 0.794404 0.165746 0.090024
1 0.588398 0.905109 0.241252 0.136253
