1 0.560950 0.185526 0.233471 0.102632
1 0.639463 0.319737 0.448347 0.239474
1 0.303719 0.350000 0.206612 0.200000
1 0.776860 0.374342 0.173554 0.130263
1 0.509298 0.521053 0.345041 0.163158
1 0.776860 0.479605 0.173554 0.069737
1 0.264463 0.488816 0.128099 0.067105
1 0.776860 0.556579 0.173554 0.073684
1 0.363636 0.603289 0.326446 0.151316
1 0.774793 0.638816 0.161157 0.075000
1 0.539256 0.643421 0.103306 0.071053
1 0.640496 0.643421 0.082645 0.071053
1 0.728306 0.744737 0.274793 0.100000
1 0.790289 0.869737 0.150826 0.136842
