1 0.346351 0.119086 0.231754 0.133768
1 0.141485 0.310767 0.165173 0.213703
1 0.348271 0.511419 0.227913 0.615008
1 0.528809 0.367047 0.133163 0.326264
1 0.775928 0.448613 0.361076 0.489396
1 0.141485 0.541599 0.165173 0.231648
1 0.537132 0.673736 0.113956 0.287113
1 0.875160 0.677814 0.162612 0.278956
1 0.654289 0.577488 0.097311 0.075041
1 0.348912 0.606036 0.039693 0.125612
1 0.425736 0.606036 0.090909 0.125612
1 0.699104 0.721860 0.186940 0.190865
1 0.141485 0.741436 0.165173 0.154976
1 0.402689 0.749592 0.137004 0.138662
1 0.279770 0.871126 0.116517 0.075041
1 0.560179 0.862153 0.075544 0.053834
