1 0.384731 0.121597 0.097092 0.212946
1 0.470701 0.204779 0.170659 0.352692
1 0.586826 0.070478 0.093242 0.084090
1 0.665740 0.048699 0.056886 0.040532
1 0.655902 0.141258 0.076561 0.131276
1 0.576775 0.163339 0.073139 0.087114
1 0.625107 0.300363 0.138152 0.197822
1 0.542344 0.496370 0.067579 0.230490
1 0.444825 0.474592 0.118905 0.174834
1 0.637511 0.474289 0.113345 0.134301
1 0.637511 0.618270 0.113345 0.137931
1 0.416809 0.598306 0.062874 0.059286
1 0.478614 0.598306 0.051326 0.059286
1 0.542344 0.652753 0.067579 0.068966
1 0.444397 0.722928 0.118050 0.175439
1 0.483319 0.661222 0.042772 0.052027
1 0.612275 0.852995 0.191189 0.294011
1 0.474337 0.904719 0.177930 0.163944
