1 0.640952 0.130000 0.367619 0.106667
1 0.233810 0.148667 0.197143 0.078667
1 0.585238 0.344000 0.576190 0.345333
1 0.214286 0.275000 0.152381 0.139333
1 0.389048 0.429333 0.183810 0.174667
1 0.214286 0.388667 0.152381 0.088000
1 0.722381 0.481667 0.301905 0.134000
1 0.214286 0.477000 0.152381 0.078000
1 0.496190 0.574667 0.135238 0.116000
1 0.279524 0.608667 0.282857 0.176000
1 0.625238 0.551333 0.107619 0.061333
1 0.722381 0.625000 0.301905 0.143333
1 0.494762 0.668333 0.132381 0.056667
1 0.512857 0.744000 0.168571 0.074667
1 0.200476 0.799333 0.124762 0.166667
