1 0.331311 0.522222 0.373772 0.828148
1 0.643847 0.237037 0.143847 0.242963
1 0.778741 0.237037 0.155979 0.242963
1 0.921433 0.410370 0.107452 0.589630
1 0.102542 0.237778 0.146158 0.241481
1 0.303293 0.326667 0.249567 0.419259
1 0.140092 0.535556 0.221259 0.336296
1 0.714616 0.453333 0.284229 0.171852
1 0.251011 0.620000 0.000578 0.167407
1 0.341421 0.620000 0.173310 0.167407
1 0.599365 0.625185 0.052571 0.154074
1 0.743790 0.625185 0.225881 0.154074
1 0.068169 0.626667 0.076256 0.154074
1 0.142981 0.626667 0.067591 0.154074
