1 0.285607 0.130172 0.382309 0.218966
1 0.748126 0.138793 0.371814 0.208621
1 0.800600 0.236207 0.263868 0.210345
1 0.275112 0.209483 0.121439 0.150000
1 0.405547 0.175862 0.127436 0.082759
1 0.374063 0.330172 0.190405 0.215517
1 0.681409 0.318966 0.145427 0.127586
1 0.211394 0.343966 0.122939 0.167241
1 0.307346 0.319828 0.056972 0.060345
1 0.083208 0.446552 0.088456 0.234483
1 0.110945 0.368103 0.044978 0.077586
1 0.548726 0.450000 0.083958 0.231034
1 0.574963 0.374138 0.046477 0.079310
1 0.843328 0.436207 0.178411 0.189655
1 0.679160 0.459483 0.140930 0.143103
1 0.180660 0.476724 0.061469 0.087931
1 0.263118 0.476724 0.094453 0.087931
1 0.353073 0.476724 0.079460 0.087931
1 0.434783 0.482759 0.068966 0.075862
1 0.775862 0.497414 0.043478 0.067241
1 0.810345 0.601724 0.094453 0.117241
1 0.899550 0.601724 0.068966 0.117241
1 0.936282 0.646552 0.040480 0.027586
1 0.879310 0.800862 0.124438 0.267241
