1 0.246212 0.155367 0.412879 0.096045
1 0.696023 0.198446 0.077652 0.012712
1 0.251894 0.322034 0.409091 0.206215
1 0.645833 0.324859 0.250000 0.209040
1 0.855114 0.275424 0.149621 0.110169
1 0.855114 0.420904 0.149621 0.166667
1 0.157197 0.562147 0.219697 0.274011
1 0.365530 0.604520 0.181818 0.358757
1 0.645833 0.508475 0.250000 0.144068
1 0.606061 0.508475 0.022727 0.042373
1 0.855114 0.545904 0.149621 0.069209
1 0.090909 0.615819 0.087121 0.062147
1 0.609848 0.686441 0.178030 0.197740
1 0.819129 0.686441 0.221591 0.197740
1 0.090909 0.718220 0.087121 0.131356
1 0.205492 0.744350 0.123106 0.079096
1 0.099432 0.853814 0.119318 0.114407
1 0.318182 0.859463 0.303030 0.125706
