1 0.203674 0.235239 0.153431 0.358013
1 0.299298 0.105904 0.037817 0.099344
1 0.361426 0.125586 0.074554 0.138707
1 0.451108 0.125586 0.094003 0.138707
1 0.087250 0.360825 0.067531 0.607310
1 0.555916 0.357076 0.069152 0.406748
1 0.675041 0.201968 0.156132 0.096532
1 0.901675 0.296626 0.131821 0.285848
1 0.792815 0.321931 0.072934 0.235239
1 0.400054 0.309747 0.069692 0.208997
1 0.469476 0.287254 0.057266 0.164011
1 0.310103 0.375820 0.098325 0.337395
1 0.673420 0.410965 0.152890 0.298969
1 0.431659 0.522962 0.132901 0.286785
1 0.193949 0.545923 0.133982 0.240862
1 0.792815 0.505623 0.072934 0.109653
1 0.901675 0.505623 0.131821 0.109653
1 0.289303 0.611059 0.043760 0.110590
1 0.338466 0.611059 0.041599 0.110590
1 0.308482 0.746017 0.090762 0.140581
