1 0.504639 0.173549 0.121272 0.157366
1 0.221007 0.532924 0.244533 0.570312
1 0.158383 0.373326 0.103380 0.224330
1 0.438701 0.338170 0.127237 0.142857
1 0.599072 0.377790 0.185553 0.222098
1 0.761763 0.310826 0.131875 0.088170
1 0.875746 0.419643 0.080186 0.187500
1 0.761763 0.440848 0.131875 0.158482
1 0.392975 0.452009 0.035785 0.071429
1 0.431412 0.452009 0.034460 0.071429
1 0.477137 0.452009 0.050364 0.071429
1 0.522531 0.567522 0.070908 0.157366
1 0.624917 0.603795 0.133863 0.229911
1 0.438701 0.569754 0.127237 0.152902
1 0.159046 0.573661 0.103380 0.149554
1 0.782969 0.622768 0.174288 0.191964
1 0.892313 0.565290 0.036448 0.077009
1 0.822068 0.664062 0.060305 0.109375
1 0.883366 0.664062 0.054341 0.109375
1 0.521869 0.729353 0.070908 0.141741
