1 0.806740 0.140984 0.232462 0.098361
1 0.051582 0.190164 0.037139 0.193443
1 0.107290 0.190984 0.063274 0.195082
1 0.226616 0.159836 0.063961 0.132787
1 0.442572 0.198361 0.101100 0.209836
1 0.498624 0.158197 0.001376 0.129508
1 0.560867 0.328689 0.123109 0.470492
1 0.157497 0.157377 0.055021 0.118033
1 0.741747 0.274590 0.102476 0.211475
1 0.819120 0.209836 0.039890 0.078689
1 0.876204 0.317213 0.093535 0.293443
1 0.177098 0.296721 0.029574 0.118033
1 0.226616 0.296721 0.063961 0.118033
1 0.818088 0.326230 0.041953 0.137705
1 0.083563 0.431967 0.101100 0.263934
1 0.149243 0.327869 0.017882 0.055738
1 0.399243 0.345082 0.014443 0.060656
1 0.428817 0.345082 0.033700 0.060656
1 0.474897 0.442623 0.048831 0.255738
1 0.308116 0.463115 0.078404 0.224590
1 0.199450 0.460656 0.118294 0.183607
1 0.368638 0.422951 0.026135 0.081967
1 0.053989 0.474590 0.041953 0.178689
1 0.418845 0.475410 0.053645 0.177049
1 0.717331 0.482787 0.053645 0.181967
1 0.787139 0.435246 0.076341 0.083607
1 0.772696 0.521311 0.105227 0.104918
1 0.876204 0.523770 0.093535 0.100000
1 0.081155 0.642623 0.096286 0.131148
1 0.564993 0.778689 0.121733 0.380328
1 0.475241 0.767213 0.044017 0.065574
