1 0.485915 0.197436 0.333333 0.292308
1 0.216745 0.197436 0.192488 0.210256
1 0.770736 0.247863 0.236307 0.191453
1 0.166667 0.329060 0.092332 0.100855
1 0.266041 0.344444 0.093897 0.070085
1 0.443662 0.495726 0.248826 0.304274
1 0.626761 0.437607 0.117371 0.188034
1 0.787167 0.429915 0.190923 0.158974
1 0.216745 0.497436 0.192488 0.222222
1 0.895149 0.449573 0.103286 0.119658
1 0.700313 0.541026 0.076682 0.135043
1 0.848983 0.694017 0.198748 0.345299
1 0.611894 0.572650 0.084507 0.068376
1 0.707355 0.743590 0.084507 0.246154
