1 0.448179 0.065606 0.131653 0.107356
1 0.296919 0.339960 0.252101 0.389662
1 0.483894 0.284294 0.211485 0.278330
1 0.678571 0.223658 0.166667 0.157058
1 0.930672 0.249503 0.113445 0.172962
1 0.592437 0.432406 0.338936 0.248509
1 0.635154 0.366799 0.079832 0.113320
1 0.825630 0.448310 0.096639 0.204771
1 0.934174 0.448310 0.106443 0.204771
1 0.085434 0.459245 0.134454 0.131213
1 0.897759 0.532803 0.033613 0.035785
1 0.469888 0.546720 0.082633 0.043738
1 0.639356 0.631213 0.245098 0.208748
1 0.165266 0.635189 0.165266 0.200795
1 0.330532 0.635189 0.184874 0.200795
1 0.887255 0.753479 0.214286 0.385686
1 0.469888 0.651093 0.077031 0.149105
