1 0.692828 0.101256 0.500677 0.164835
1 0.428281 0.347724 0.493911 0.287284
1 0.812585 0.346939 0.258457 0.285714
1 0.288227 0.576923 0.327470 0.230769
1 0.566982 0.630298 0.216509 0.277865
1 0.623816 0.551020 0.102842 0.103611
1 0.756428 0.587127 0.146143 0.175824
1 0.885656 0.562794 0.093369 0.127159
1 0.812585 0.755887 0.258457 0.237049
1 0.378890 0.664050 0.056834 0.043956
1 0.309878 0.783359 0.284168 0.182104
1 0.520974 0.826531 0.124493 0.095761
1 0.632612 0.826531 0.085250 0.095761
1 0.502706 0.943485 0.085250 0.087912
