1 0.091859 0.277586 0.080308 0.289655
1 0.865237 0.283621 0.170517 0.260345
1 0.227723 0.295690 0.160616 0.281034
1 0.376788 0.295690 0.122112 0.281034
1 0.523652 0.295690 0.158416 0.281034
1 0.647965 0.237931 0.074807 0.165517
1 0.727173 0.323276 0.072607 0.336207
1 0.647965 0.411207 0.074807 0.160345
1 0.871287 0.624138 0.173817 0.382759
1 0.508251 0.632759 0.189219 0.393103
1 0.158966 0.637931 0.194719 0.382759
1 0.334433 0.566379 0.158416 0.239655
1 0.687019 0.645690 0.152915 0.287931
1 0.289329 0.742241 0.055006 0.087931
1 0.365237 0.742241 0.083608 0.087931
1 0.254675 0.765517 0.001100 0.041379
