1 0.478616 0.248227 0.095645 0.315603
1 0.580482 0.248227 0.098756 0.315603
1 0.129471 0.248227 0.097201 0.308511
1 0.265552 0.253546 0.174961 0.319149
1 0.391913 0.330674 0.055988 0.455674
1 0.117807 0.473404 0.073872 0.120567
1 0.190902 0.453014 0.048989 0.079787
1 0.244557 0.605496 0.048989 0.384752
1 0.442068 0.484043 0.022551 0.138298
1 0.476283 0.484043 0.038103 0.138298
1 0.564541 0.484043 0.130638 0.138298
1 0.606143 0.520390 0.047434 0.065603
1 0.187014 0.580674 0.056765 0.154255
1 0.117807 0.600177 0.073872 0.115248
1 0.311042 0.676418 0.083981 0.242908
1 0.478616 0.682624 0.095645 0.237589
1 0.580482 0.682624 0.098756 0.237589
1 0.148134 0.733156 0.134526 0.129433
1 0.195179 0.871454 0.147745 0.101064
