1 0.247016 0.357362 0.452918 0.680982
1 0.344828 0.326687 0.244032 0.358896
1 0.805371 0.327454 0.118700 0.357362
1 0.551061 0.509969 0.037135 0.388037
1 0.090849 0.365798 0.045093 0.087423
1 0.175729 0.408742 0.116711 0.173313
1 0.636273 0.395706 0.118700 0.147239
1 0.720822 0.365798 0.041114 0.087423
1 0.921088 0.414877 0.106101 0.185583
1 0.090849 0.465491 0.045093 0.096626
1 0.771552 0.604294 0.191645 0.368098
1 0.848806 0.456288 0.026525 0.035276
1 0.656830 0.599693 0.159814 0.242331
1 0.829244 0.494632 0.008621 0.023006
1 0.143899 0.580521 0.151194 0.154908
1 0.415451 0.647239 0.102785 0.285276
1 0.293435 0.648006 0.141247 0.283742
1 0.923408 0.618098 0.101459 0.205521
1 0.775862 0.675613 0.071618 0.090491
1 0.097812 0.726994 0.059019 0.122699
1 0.168435 0.723926 0.074271 0.116564
1 0.232427 0.726994 0.047082 0.122699
1 0.282493 0.727761 0.043767 0.124233
1 0.296419 0.854294 0.128647 0.092025
