1 0.813433 0.089825 0.206823 0.103339
1 0.253731 0.205087 0.413646 0.130366
1 0.813433 0.192369 0.206823 0.089030
1 0.813433 0.364865 0.206823 0.246423
1 0.863539 0.278219 0.106610 0.073132
1 0.301706 0.406995 0.471215 0.162162
1 0.624733 0.406995 0.157783 0.162162
1 0.169510 0.592210 0.206823 0.208267
1 0.534115 0.556439 0.522388 0.127186
1 0.859275 0.523847 0.115139 0.062003
1 0.706823 0.622417 0.420043 0.141494
1 0.706823 0.581876 0.066098 0.060413
1 0.305970 0.590620 0.061834 0.058824
1 0.434968 0.646264 0.106610 0.046105
1 0.324094 0.661367 0.098081 0.069952
1 0.169510 0.827504 0.206823 0.246423
