1 0.246085 0.207547 0.198359 0.222222
1 0.099553 0.229560 0.139448 0.178197
1 0.404549 0.229560 0.163311 0.178197
1 0.246085 0.273585 0.085011 0.090147
1 0.740492 0.275681 0.089485 0.090147
1 0.077181 0.433962 0.088740 0.192872
1 0.230052 0.483229 0.211037 0.291405
1 0.410142 0.562893 0.141685 0.450734
1 0.607383 0.383648 0.170768 0.088050
1 0.740492 0.471698 0.087994 0.264151
1 0.824012 0.564990 0.071588 0.450734
1 0.917599 0.564990 0.106637 0.450734
1 0.565996 0.574423 0.087994 0.255765
1 0.653244 0.503145 0.079045 0.113208
1 0.806861 0.570231 0.037286 0.247379
1 0.077181 0.664570 0.088740 0.247379
1 0.637211 0.595388 0.046980 0.050314
1 0.700969 0.645702 0.073080 0.150943
1 0.746831 0.702306 0.075317 0.176101
1 0.293065 0.771488 0.085011 0.285115
1 0.637211 0.676101 0.046980 0.090147
1 0.186055 0.775681 0.123043 0.276730
1 0.777032 0.737945 0.014914 0.104822
1 0.605518 0.755765 0.167040 0.069182
1 0.699851 0.761006 0.014169 0.058700
1 0.113348 0.860587 0.040268 0.106918
1 0.148397 0.860587 0.022371 0.106918
1 0.343400 0.860587 0.043997 0.106918
1 0.384415 0.860587 0.024609 0.106918
1 0.415362 0.860587 0.031320 0.106918
