1 0.403500 0.232000 0.231667 0.163000
1 0.734167 0.179875 0.150333 0.058250
1 0.589167 0.233375 0.123000 0.160250
1 0.734167 0.312000 0.150333 0.193500
1 0.523500 0.364125 0.254333 0.089250
1 0.338333 0.364000 0.096000 0.084500
1 0.163500 0.579125 0.199667 0.270750
1 0.402500 0.542625 0.231000 0.178750
1 0.735333 0.520250 0.148000 0.134000
1 0.590167 0.544125 0.126333 0.175750
1 0.731333 0.652500 0.156000 0.118000
1 0.392333 0.674625 0.210667 0.073750
1 0.573833 0.676500 0.137000 0.070000
1 0.358000 0.766750 0.160000 0.073000
1 0.562167 0.770625 0.220333 0.080750
