1 0.080952 0.142366 0.119048 0.111417
1 0.169048 0.324622 0.042857 0.462173
1 0.490079 0.250344 0.142063 0.165062
1 0.080952 0.378267 0.119048 0.343879
1 0.669048 0.368638 0.158730 0.060523
1 0.754365 0.484869 0.210317 0.273728
1 0.843254 0.398900 0.032540 0.101788
1 0.911111 0.468363 0.095238 0.240715
1 0.455159 0.488996 0.205556 0.279230
1 0.250000 0.520633 0.103175 0.207703
1 0.328968 0.471802 0.043651 0.110041
1 0.619048 0.475928 0.049206 0.115543
1 0.701587 0.482806 0.106349 0.129298
1 0.319444 0.628611 0.065873 0.189821
1 0.618651 0.582531 0.050000 0.078404
1 0.892460 0.695323 0.132540 0.199450
1 0.458730 0.711829 0.198413 0.166437
1 0.240476 0.712517 0.084127 0.165062
1 0.654365 0.712517 0.121429 0.165062
1 0.760317 0.712517 0.122222 0.165062
1 0.167857 0.702201 0.034127 0.100413
1 0.318651 0.762724 0.064286 0.064649
1 0.323810 0.845942 0.068254 0.068776
