1 0.236867 0.048013 0.450812 0.096026
1 0.175263 0.233996 0.287488 0.229581
1 0.387297 0.223510 0.136581 0.208609
1 0.642311 0.202539 0.226361 0.166667
1 0.860554 0.224614 0.192932 0.210817
1 0.612225 0.339404 0.166189 0.089404
1 0.830468 0.374724 0.253104 0.160044
1 0.340497 0.466887 0.230181 0.258278
1 0.091213 0.476821 0.119389 0.238411
1 0.191977 0.387417 0.066858 0.059603
1 0.612225 0.495585 0.166189 0.205298
1 0.196275 0.511038 0.075454 0.169978
1 0.783190 0.530905 0.158548 0.134658
1 0.913563 0.527594 0.081184 0.128035
1 0.405444 0.535872 0.100287 0.140177
1 0.393505 0.651214 0.124164 0.090508
1 0.236390 0.693709 0.148042 0.146799
1 0.726361 0.692605 0.176695 0.140177
1 0.386342 0.855408 0.151862 0.271523
