1 0.495420 0.121658 0.172519 0.176471
1 0.696947 0.121658 0.206107 0.176471
1 0.899237 0.121658 0.177099 0.176471
1 0.187786 0.266711 0.149618 0.255348
1 0.335878 0.191845 0.119084 0.105615
1 0.558015 0.288102 0.251908 0.143048
1 0.841985 0.326203 0.291603 0.219251
1 0.335878 0.318850 0.119084 0.132353
1 0.439695 0.320187 0.061069 0.078877
1 0.622901 0.377005 0.122137 0.117647
1 0.480153 0.402406 0.141985 0.066845
1 0.290840 0.588904 0.346565 0.391711
1 0.187786 0.470588 0.149618 0.139037
1 0.371756 0.492647 0.047328 0.092246
1 0.574046 0.498663 0.332824 0.101604
1 0.371756 0.568850 0.047328 0.046791
1 0.433588 0.568850 0.061069 0.046791
1 0.202290 0.866979 0.169466 0.188503
1 0.359542 0.800134 0.129771 0.054813
1 0.380916 0.897727 0.172519 0.127005
