1 0.735420 0.136438 0.244666 0.187908
1 0.375533 0.308007 0.449502 0.318627
1 0.704125 0.321078 0.182077 0.155229
1 0.829303 0.321078 0.054054 0.155229
1 0.364865 0.551471 0.254623 0.285948
1 0.586771 0.522876 0.192034 0.228758
1 0.742532 0.453431 0.108108 0.089869
1 0.770982 0.493464 0.165007 0.169935
1 0.143670 0.535131 0.165007 0.106209
1 0.773115 0.639706 0.169275 0.106209
1 0.143670 0.724673 0.165007 0.259804
1 0.891892 0.640523 0.045519 0.075163
1 0.587482 0.697712 0.190612 0.120915
1 0.773115 0.776144 0.169275 0.153595
1 0.310811 0.776961 0.146515 0.151961
1 0.465149 0.776961 0.150782 0.151961
1 0.575391 0.799020 0.058321 0.107843
1 0.646515 0.808824 0.072546 0.088235
1 0.607397 0.906046 0.182077 0.073529
