1 0.266735 0.092147 0.411946 0.115183
1 0.729145 0.097906 0.414006 0.105759
1 0.266735 0.394241 0.411946 0.463874
1 0.630278 0.316230 0.216272 0.305759
1 0.844490 0.316230 0.183316 0.305759
1 0.668898 0.548168 0.293512 0.132984
1 0.882595 0.548168 0.107106 0.132984
1 0.370752 0.756021 0.203913 0.272251
1 0.158599 0.705236 0.195675 0.158115
1 0.579300 0.682199 0.114315 0.109948
1 0.630278 0.759686 0.216272 0.264921
1 0.843460 0.759686 0.185376 0.264921
1 0.116375 0.844503 0.111226 0.095288
1 0.220906 0.844503 0.071061 0.095288
1 0.204428 0.947120 0.145211 0.084817
