1 0.297310 0.234857 0.490652 0.395324
1 0.768582 0.171626 0.027816 0.005313
1 0.659143 0.364506 0.187415 0.348565
1 0.833789 0.295962 0.155495 0.211477
1 0.230734 0.474495 0.217966 0.560043
1 0.364341 0.281615 0.104879 0.174283
1 0.442544 0.249203 0.045144 0.103082
1 0.443456 0.425080 0.046968 0.231668
1 0.745554 0.539851 0.077519 0.425080
1 0.333333 0.426674 0.042864 0.098831
1 0.379845 0.459086 0.073871 0.163656
1 0.813041 0.471307 0.049248 0.122210
1 0.857501 0.471307 0.033288 0.122210
1 0.894437 0.471307 0.034200 0.122210
1 0.508436 0.586079 0.068399 0.343252
1 0.849977 0.646121 0.123119 0.212540
1 0.302326 0.648247 0.074783 0.212540
1 0.634291 0.649309 0.137711 0.206164
1 0.224350 0.651435 0.081167 0.206164
1 0.397173 0.651966 0.139535 0.205101
1 0.280438 0.850159 0.047424 0.159405
1 0.324441 0.846440 0.035112 0.151966
