1 0.751758 0.247164 0.409283 0.341977
1 0.234177 0.183144 0.195499 0.184765
1 0.450070 0.320097 0.222222 0.458671
1 0.237693 0.385737 0.202532 0.204214
1 0.692686 0.537277 0.263010 0.244733
1 0.887482 0.544571 0.112518 0.223663
1 0.234177 0.573744 0.195499 0.155592
1 0.439522 0.586710 0.066104 0.129660
1 0.518284 0.570502 0.074543 0.097245
1 0.349508 0.604538 0.099859 0.094003
1 0.516174 0.761750 0.135021 0.265802
1 0.825598 0.777147 0.236287 0.235008
1 0.278481 0.788493 0.312236 0.244733
1 0.635021 0.726094 0.085795 0.116694
1 0.666667 0.844408 0.149086 0.100486
1 0.210267 0.955429 0.172996 0.089141
