1 0.741906 0.217433 0.070144 0.285441
1 0.314748 0.156130 0.183453 0.147510
1 0.433453 0.136015 0.043165 0.107280
1 0.529676 0.136015 0.134892 0.107280
1 0.542266 0.252874 0.303957 0.340996
1 0.303058 0.331418 0.160072 0.183908
1 0.423561 0.471264 0.077338 0.065134
1 0.340827 0.609195 0.221223 0.137931
1 0.549460 0.719349 0.303957 0.346743
1 0.310252 0.733716 0.160072 0.091954
1 0.507194 0.767241 0.068345 0.063218
1 0.625000 0.814176 0.152878 0.157088
1 0.276079 0.839080 0.091727 0.107280
1 0.359712 0.837165 0.061151 0.099617
1 0.507194 0.849617 0.068345 0.086207
