1 0.695231 0.077697 0.478390 0.129799
1 0.602086 0.304388 0.292101 0.283364
1 0.841282 0.351920 0.186289 0.378428
1 0.198957 0.657221 0.287630 0.524680
1 0.394933 0.530165 0.089419 0.248629
1 0.692250 0.634369 0.096870 0.376600
1 0.494784 0.527422 0.077496 0.144424
1 0.588674 0.522852 0.095380 0.135283
1 0.791356 0.592322 0.086438 0.084095
1 0.888227 0.592322 0.092399 0.084095
1 0.588674 0.624314 0.095380 0.049360
1 0.494784 0.627971 0.077496 0.042048
1 0.841282 0.772395 0.186289 0.257770
1 0.546200 0.779707 0.180328 0.243144
1 0.394933 0.787020 0.089419 0.246801
1 0.677347 0.866545 0.067064 0.069470
1 0.729508 0.866545 0.022355 0.069470
