1 0.168896 0.179275 0.239688 0.227979
1 0.372910 0.101036 0.157191 0.071503
1 0.633222 0.179275 0.332219 0.227979
1 0.372910 0.270466 0.157191 0.254922
1 0.415831 0.246632 0.071349 0.093264
1 0.135452 0.552332 0.172798 0.219689
1 0.320513 0.524352 0.183946 0.163731
1 0.552397 0.553368 0.268673 0.221762
1 0.746934 0.537306 0.107023 0.189637
1 0.888517 0.691710 0.138239 0.338860
1 0.323300 0.745078 0.189521 0.267358
1 0.632664 0.694301 0.105909 0.107772
1 0.743590 0.713990 0.100334 0.145078
1 0.473802 0.771503 0.189521 0.214508
1 0.093088 0.708290 0.088071 0.075648
1 0.182832 0.708290 0.078038 0.075648
1 0.135452 0.815544 0.172798 0.126425
1 0.686734 0.817617 0.225195 0.122280
1 0.297659 0.936788 0.185061 0.078756
