1 0.102326 0.243707 0.079070 0.340961
1 0.366860 0.243707 0.233721 0.340961
1 0.626163 0.245995 0.184884 0.340961
1 0.838372 0.245995 0.227907 0.340961
1 0.192442 0.160183 0.101163 0.164760
1 0.194186 0.334096 0.097674 0.160183
1 0.366860 0.549199 0.233721 0.270023
1 0.152907 0.600686 0.180233 0.350114
1 0.605233 0.600686 0.143023 0.345538
1 0.802326 0.517162 0.300000 0.178490
1 0.722674 0.617849 0.080233 0.173913
1 0.860465 0.695652 0.183721 0.155606
1 0.260465 0.697941 0.055814 0.155606
1 0.437791 0.697941 0.091860 0.155606
1 0.340116 0.736842 0.091860 0.077803
1 0.722674 0.742563 0.080233 0.061785
1 0.341279 0.879863 0.122093 0.144165
