1 0.646570 0.472973 0.045738 0.854470
1 0.893451 0.200624 0.111227 0.309771
1 0.190229 0.254678 0.320166 0.405405
1 0.754158 0.259875 0.148649 0.411642
1 0.474012 0.264033 0.232848 0.378378
1 0.893451 0.634096 0.111227 0.507277
1 0.399168 0.483368 0.083160 0.160083
1 0.295738 0.674636 0.109148 0.434511
1 0.529106 0.565489 0.122661 0.195426
1 0.131497 0.682952 0.202703 0.417879
1 0.754158 0.686071 0.148649 0.403326
1 0.399168 0.664241 0.083160 0.172557
1 0.496881 0.738046 0.095634 0.274428
1 0.570686 0.776507 0.039501 0.197505
1 0.399168 0.788981 0.083160 0.043659
1 0.398649 0.863825 0.077963 0.064449
