1 0.726101 0.189756 0.103774 0.093132
1 0.855660 0.262515 0.127673 0.196740
1 0.108805 0.467986 0.090566 0.605355
1 0.224214 0.328289 0.120126 0.314319
1 0.355346 0.328289 0.119497 0.314319
1 0.454088 0.233411 0.064151 0.124563
1 0.572327 0.328871 0.172327 0.315483
1 0.723899 0.375437 0.111950 0.222352
1 0.454088 0.350990 0.064151 0.091967
1 0.855975 0.571013 0.127044 0.399302
1 0.453774 0.526775 0.064780 0.240978
1 0.562893 0.624563 0.142138 0.275902
1 0.223899 0.629802 0.119497 0.265425
1 0.335849 0.629802 0.171069 0.265425
1 0.672013 0.556461 0.066038 0.118743
1 0.744340 0.558789 0.067296 0.123399
1 0.710377 0.696158 0.141509 0.132712
1 0.453145 0.710710 0.064780 0.103609
1 0.471384 0.864959 0.105031 0.144354
