1 0.860829 0.120275 0.109461 0.084765
1 0.098905 0.237686 0.121188 0.150057
1 0.283425 0.321306 0.218139 0.271478
1 0.451525 0.344215 0.118061 0.317297
1 0.690774 0.462199 0.225958 0.553265
1 0.842455 0.321879 0.135262 0.272623
1 0.105942 0.396334 0.110242 0.114548
1 0.342455 0.599084 0.336200 0.284078
1 0.105942 0.520046 0.110242 0.112257
1 0.246677 0.604238 0.144644 0.273769
1 0.862783 0.603093 0.094605 0.271478
1 0.888194 0.536082 0.043784 0.137457
1 0.358483 0.684422 0.064894 0.113402
1 0.431196 0.684422 0.066458 0.113402
1 0.411259 0.834479 0.226740 0.140893
