1 0.268750 0.133880 0.402500 0.202186
1 0.618750 0.081967 0.117500 0.094718
1 0.825000 0.124772 0.275000 0.180328
1 0.620000 0.211293 0.120000 0.149362
1 0.825000 0.268670 0.275000 0.092896
1 0.268750 0.337887 0.402500 0.205829
1 0.663750 0.387978 0.207500 0.193078
1 0.360000 0.403461 0.220000 0.162113
1 0.868750 0.403461 0.187500 0.162113
1 0.102500 0.432605 0.070000 0.103825
1 0.191250 0.466302 0.087500 0.036430
1 0.267500 0.731330 0.420000 0.464481
1 0.635000 0.536430 0.170000 0.074681
1 0.105000 0.877049 0.095000 0.173042
