1 0.121678 0.092105 0.159441 0.098086
1 0.834266 0.101675 0.241958 0.107656
1 0.300699 0.191388 0.173427 0.253589
1 0.444755 0.191388 0.100699 0.253589
1 0.527273 0.102871 0.039161 0.076555
1 0.174825 0.321770 0.240559 0.318182
1 0.576224 0.315789 0.151049 0.306220
1 0.834266 0.321770 0.227972 0.294258
1 0.338462 0.398325 0.075524 0.141148
1 0.439161 0.398325 0.111888 0.141148
1 0.533566 0.410287 0.065734 0.117225
1 0.292308 0.575359 0.148252 0.193780
1 0.755245 0.551435 0.069930 0.145933
1 0.883217 0.551435 0.174825 0.145933
1 0.123077 0.648325 0.179021 0.334928
1 0.430769 0.696172 0.128671 0.430622
1 0.576224 0.637560 0.151049 0.313397
1 0.834266 0.773923 0.227972 0.275120
1 0.255245 0.748804 0.074126 0.133971
1 0.330070 0.796651 0.061538 0.229665
1 0.252448 0.882775 0.068531 0.095694
