1 0.320055 0.336026 0.162088 0.216478
1 0.179945 0.328756 0.107143 0.079160
1 0.547390 0.398223 0.292582 0.218094
1 0.771291 0.419225 0.130495 0.189015
1 0.179945 0.427302 0.107143 0.105008
1 0.268544 0.490307 0.059066 0.075929
1 0.350962 0.490307 0.089286 0.075929
1 0.206044 0.561389 0.159341 0.150242
1 0.080357 0.640549 0.067308 0.282714
1 0.392857 0.575929 0.203297 0.137318
1 0.560440 0.620355 0.118132 0.210016
1 0.691621 0.620355 0.133242 0.210016
1 0.326236 0.706785 0.144231 0.192246
1 0.186813 0.678514 0.120879 0.074313
1 0.449176 0.688207 0.090659 0.074313
1 0.186813 0.763328 0.120879 0.079160
1 0.464286 0.778675 0.112637 0.077544
