1 0.821017 0.372560 0.257030 0.172216
1 0.597693 0.372560 0.183129 0.098737
1 0.577866 0.524684 0.034607 0.176808
1 0.620224 0.524684 0.043619 0.176808
1 0.673035 0.481056 0.055516 0.089552
1 0.887527 0.527555 0.120404 0.180253
1 0.387707 0.621412 0.161139 0.359931
1 0.150144 0.556831 0.133021 0.229621
1 0.722783 0.499139 0.037491 0.053387
1 0.784247 0.542767 0.079668 0.140643
1 0.244232 0.516648 0.050108 0.081515
1 0.286590 0.516648 0.028839 0.081515
1 0.671954 0.572044 0.053353 0.082090
1 0.721521 0.572044 0.040014 0.082090
1 0.260094 0.584960 0.081831 0.047072
1 0.244773 0.709529 0.112473 0.183697
1 0.845890 0.710677 0.203677 0.185993
1 0.155912 0.692308 0.048666 0.148106
1 0.651947 0.693169 0.183490 0.149828
1 0.118061 0.701493 0.020548 0.059701
1 0.702415 0.737945 0.076784 0.131458
1 0.604722 0.809989 0.101298 0.056257
