1 0.554291 0.194316 0.323993 0.103248
1 0.289842 0.371810 0.211909 0.214617
1 0.563923 0.379930 0.318739 0.230858
1 0.822242 0.379350 0.197898 0.229698
1 0.289842 0.545244 0.211909 0.120650
1 0.546410 0.610789 0.283713 0.230858
1 0.753940 0.531323 0.113835 0.062645
1 0.870403 0.544664 0.101576 0.089327
1 0.809107 0.675174 0.224168 0.213457
1 0.440455 0.677494 0.215412 0.208817
1 0.253940 0.649652 0.140105 0.076566
1 0.253065 0.737819 0.138354 0.088167
1 0.622592 0.756381 0.131349 0.051044
1 0.174256 0.853248 0.152364 0.105568
1 0.645359 0.834107 0.113835 0.067285
