1 0.868140 0.103448 0.160061 0.113300
1 0.391006 0.293103 0.102134 0.226601
1 0.532774 0.293103 0.172256 0.226601
1 0.682165 0.342365 0.214939 0.325123
1 0.825457 0.229064 0.062500 0.098522
1 0.900915 0.229064 0.079268 0.098522
1 0.867378 0.423645 0.146341 0.275862
1 0.900915 0.349754 0.079268 0.128079
1 0.166159 0.447044 0.204268 0.155172
1 0.371951 0.455665 0.064024 0.083744
1 0.491616 0.530788 0.166159 0.233990
1 0.682165 0.633005 0.214939 0.270936
1 0.396341 0.636700 0.112805 0.263547
1 0.132622 0.706897 0.137195 0.339901
1 0.867378 0.668719 0.146341 0.199507
1 0.490091 0.711823 0.065549 0.113300
1 0.551067 0.711823 0.047256 0.113300
1 0.484756 0.843596 0.106707 0.110837
