1 0.099409 0.238133 0.137795 0.375000
1 0.404035 0.294304 0.461614 0.487342
1 0.796752 0.346519 0.308071 0.591772
1 0.904035 0.113133 0.093504 0.125000
1 0.904035 0.280063 0.093504 0.186709
1 0.099409 0.560127 0.137795 0.243671
1 0.541831 0.567247 0.065945 0.115506
1 0.607776 0.567247 0.054134 0.115506
1 0.461614 0.673259 0.082677 0.273734
1 0.286417 0.723892 0.267717 0.371835
1 0.571850 0.772152 0.125984 0.275316
1 0.676181 0.780854 0.066929 0.257911
1 0.833169 0.780854 0.235236 0.257911
1 0.088091 0.799842 0.115157 0.219937
1 0.675689 0.823576 0.062008 0.052215
1 0.462106 0.867089 0.081693 0.085443
1 0.675689 0.881329 0.062008 0.050633
