1 0.668458 0.066837 0.267383 0.027551
1 0.867573 0.214286 0.185209 0.322449
1 0.112832 0.143367 0.114412 0.166327
1 0.243363 0.143367 0.139064 0.166327
1 0.392225 0.220918 0.183944 0.319388
1 0.590708 0.211735 0.111884 0.250000
1 0.727244 0.231122 0.153603 0.288776
1 0.664665 0.265306 0.028445 0.077551
1 0.112832 0.307143 0.114412 0.146939
1 0.243363 0.307143 0.139064 0.146939
1 0.298040 0.291327 0.000632 0.001020
1 0.799305 0.336224 0.048673 0.078571
1 0.326169 0.341327 0.051833 0.078571
1 0.664665 0.341327 0.028445 0.068367
1 0.194690 0.348469 0.041719 0.064286
1 0.590708 0.359184 0.111884 0.032653
1 0.725980 0.429082 0.086599 0.080612
1 0.253161 0.447449 0.116941 0.107143
1 0.353982 0.631122 0.122630 0.168367
1 0.446903 0.605102 0.049305 0.116327
1 0.513590 0.606633 0.071429 0.119388
1 0.637168 0.707143 0.169406 0.320408
1 0.459229 0.769898 0.180152 0.194898
1 0.326169 0.797449 0.067004 0.139796
1 0.677623 0.830612 0.088496 0.073469
