1 0.061130 0.066489 0.063238 0.064894
1 0.072091 0.113830 0.085160 0.159574
1 0.226813 0.098404 0.217538 0.128723
1 0.396712 0.103191 0.115514 0.138298
1 0.752530 0.178191 0.424115 0.286170
1 0.190135 0.241489 0.157673 0.157447
1 0.320405 0.205851 0.102867 0.086170
1 0.414840 0.248404 0.079258 0.143617
1 0.735245 0.252128 0.086003 0.138298
1 0.798061 0.255319 0.029511 0.131915
1 0.068718 0.256383 0.078415 0.127660
1 0.048904 0.219681 0.038786 0.041489
1 0.295531 0.251064 0.046374 0.051064
1 0.322091 0.286702 0.099494 0.067021
1 0.381535 0.346809 0.218381 0.172340
1 0.072934 0.381383 0.085160 0.103191
1 0.193929 0.381383 0.138280 0.103191
1 0.502108 0.565426 0.424115 0.137234
1 0.335582 0.712234 0.091062 0.141489
1 0.443086 0.767021 0.150927 0.251064
1 0.619309 0.767021 0.189713 0.251064
