1 0.195438 0.132689 0.237978 0.121265
1 0.377312 0.101933 0.115906 0.059754
1 0.525277 0.132689 0.167694 0.121265
1 0.697904 0.132689 0.165228 0.121265
1 0.869914 0.132689 0.163995 0.121265
1 0.358816 0.162566 0.152898 0.061511
1 0.260173 0.297452 0.471023 0.197715
1 0.638101 0.324253 0.284834 0.251318
1 0.709001 0.219684 0.069051 0.042179
1 0.734279 0.237698 0.092478 0.078207
1 0.869914 0.259227 0.163995 0.121265
1 0.547472 0.348418 0.088779 0.048330
1 0.856967 0.381371 0.189889 0.114236
1 0.220099 0.442443 0.304562 0.123902
1 0.480271 0.523726 0.215783 0.286467
1 0.889026 0.511863 0.125771 0.137961
1 0.709618 0.518014 0.218249 0.125659
1 0.815660 0.552285 0.067818 0.057118
1 0.714550 0.620826 0.228113 0.067663
1 0.893342 0.620826 0.117139 0.067663
1 0.805795 0.708260 0.292232 0.082601
1 0.805795 0.860281 0.292232 0.212654
