1 0.341611 0.109053 0.219647 0.135802
1 0.150662 0.415638 0.201987 0.460905
1 0.269868 0.220165 0.036424 0.069959
1 0.374172 0.311728 0.172185 0.253086
1 0.657285 0.313786 0.219647 0.236626
1 0.269868 0.265432 0.036424 0.041152
1 0.289183 0.272634 0.002208 0.026749
1 0.251104 0.276749 0.001104 0.018519
1 0.269868 0.463992 0.036424 0.343621
1 0.517108 0.451646 0.045254 0.318930
1 0.838300 0.508230 0.131347 0.395062
1 0.906181 0.379630 0.088300 0.137860
1 0.374172 0.542181 0.172185 0.207819
1 0.610927 0.541152 0.126932 0.193416
1 0.724614 0.606996 0.087196 0.325103
1 0.930464 0.497942 0.039735 0.074074
1 0.907285 0.626543 0.086093 0.158436
1 0.332781 0.676955 0.087196 0.106996
1 0.242274 0.723251 0.084989 0.154321
1 0.137417 0.771605 0.113687 0.242798
1 0.610927 0.765432 0.126932 0.230453
1 0.332230 0.839506 0.086093 0.201646
1 0.724614 0.831276 0.087196 0.098765
1 0.221302 0.851852 0.043046 0.082305
1 0.266556 0.851852 0.036424 0.082305
