1 0.153802 0.240573 0.155530 0.110106
1 0.308180 0.285822 0.194700 0.200603
1 0.508641 0.355204 0.192396 0.339367
1 0.724078 0.304676 0.238479 0.238311
1 0.107719 0.388386 0.063364 0.167421
1 0.175115 0.388386 0.057604 0.167421
1 0.254608 0.448718 0.087558 0.107089
1 0.354839 0.490950 0.101382 0.191554
1 0.036290 0.445701 0.049539 0.085973
1 0.651498 0.575415 0.093318 0.303167
1 0.773618 0.507541 0.139401 0.167421
1 0.139977 0.635747 0.127880 0.309201
1 0.276498 0.650075 0.131336 0.280543
1 0.508065 0.657617 0.191244 0.265460
1 0.377304 0.631222 0.056452 0.070890
1 0.735023 0.633484 0.062212 0.066365
1 0.808180 0.633484 0.070276 0.066365
1 0.377304 0.733032 0.056452 0.114630
1 0.763825 0.760181 0.158986 0.168929
1 0.580069 0.746606 0.047235 0.069382
1 0.643433 0.762443 0.065668 0.055807
1 0.365783 0.855204 0.609447 0.090498
