1 0.287162 0.167039 0.339189 0.179888
1 0.817568 0.201117 0.154054 0.111732
1 0.632432 0.380447 0.151351 0.204469
1 0.804054 0.365922 0.178378 0.175419
1 0.287838 0.415084 0.335135 0.269274
1 0.774324 0.505028 0.237838 0.091620
1 0.602027 0.519553 0.090541 0.062570
1 0.192568 0.644693 0.144595 0.189944
1 0.299324 0.612849 0.131081 0.126257
1 0.413514 0.587151 0.083784 0.063687
1 0.656757 0.649162 0.200000 0.185475
1 0.810135 0.604469 0.166216 0.096089
1 0.413514 0.682123 0.083784 0.115084
1 0.828378 0.699441 0.116216 0.073743
1 0.318243 0.711732 0.093243 0.055866
1 0.360811 0.849721 0.189189 0.177654
1 0.410135 0.878212 0.090541 0.102793
