1 0.174301 0.143666 0.075311 0.038171
1 0.404115 0.244547 0.106366 0.163591
1 0.175272 0.278943 0.088898 0.197987
1 0.283579 0.220847 0.105202 0.081795
1 0.283579 0.320260 0.105202 0.103607
1 0.371312 0.431837 0.105978 0.176594
1 0.530280 0.505872 0.249224 0.324664
1 0.739713 0.430998 0.158773 0.174916
1 0.219138 0.531040 0.176630 0.294463
1 0.698758 0.551594 0.076863 0.052852
1 0.781250 0.551594 0.075699 0.052852
1 0.417508 0.629195 0.198370 0.204698
1 0.739713 0.657718 0.158773 0.147651
1 0.551630 0.688339 0.058230 0.086409
1 0.621118 0.702810 0.067547 0.057466
1 0.209045 0.721686 0.186724 0.054950
1 0.589868 0.799077 0.171196 0.098154
