1 0.544962 0.063630 0.314193 0.098645
1 0.126219 0.219127 0.167931 0.183735
1 0.300650 0.219127 0.163597 0.183735
1 0.542795 0.250000 0.301192 0.245482
1 0.832069 0.198795 0.260022 0.143072
1 0.758397 0.299699 0.112676 0.045181
1 0.890033 0.347892 0.133261 0.141566
1 0.092633 0.344880 0.100758 0.055723
1 0.294691 0.388178 0.286024 0.142319
1 0.759480 0.373494 0.101842 0.084337
1 0.569339 0.462726 0.248104 0.179970
1 0.158722 0.452184 0.232936 0.148343
1 0.832069 0.476280 0.260022 0.101657
1 0.281148 0.495858 0.074756 0.060994
1 0.381907 0.495858 0.109426 0.060994
1 0.692849 0.520708 0.001083 0.064006
1 0.366739 0.567018 0.115926 0.052711
1 0.770856 0.567395 0.115926 0.051958
1 0.231311 0.828313 0.345612 0.278614
1 0.643012 0.828690 0.443120 0.265813
