1 0.687861 0.221707 0.462428 0.294991
1 0.765896 0.147495 0.306358 0.146568
1 0.344894 0.135436 0.150289 0.115028
1 0.174374 0.145640 0.148362 0.109462
1 0.153179 0.282931 0.102119 0.153989
1 0.310212 0.307978 0.196532 0.204082
1 0.480732 0.348794 0.102119 0.100186
1 0.150289 0.388683 0.107900 0.042672
1 0.776493 0.443414 0.269750 0.070501
1 0.176301 0.507421 0.221580 0.176252
1 0.486513 0.540816 0.383430 0.243043
1 0.792871 0.605751 0.229287 0.220779
1 0.127168 0.631725 0.123314 0.057514
1 0.240848 0.631725 0.092486 0.057514
1 0.368015 0.686456 0.254335 0.115028
1 0.148362 0.753247 0.165703 0.170686
1 0.585742 0.753247 0.165703 0.170686
1 0.792871 0.781076 0.229287 0.115028
1 0.278420 0.794063 0.075145 0.089054
1 0.373796 0.794063 0.100193 0.089054
1 0.462428 0.794063 0.065511 0.089054
1 0.591522 0.918367 0.535645 0.126160
