1 0.326019 0.348161 0.326019 0.591934
1 0.744514 0.228944 0.120690 0.353499
1 0.878918 0.229537 0.135580 0.354686
1 0.136755 0.287663 0.144984 0.209964
1 0.596003 0.285884 0.143417 0.204033
1 0.854232 0.467378 0.184953 0.185053
1 0.685737 0.564650 0.139498 0.298932
1 0.448276 0.584816 0.081505 0.180308
1 0.807210 0.635824 0.090909 0.132859
1 0.904781 0.628707 0.083856 0.118624
1 0.255094 0.739620 0.184169 0.190985
1 0.418103 0.744958 0.141850 0.180308
1 0.854232 0.767497 0.184953 0.130486
1 0.685737 0.777580 0.139498 0.110320
1 0.396552 0.914591 0.184953 0.102017
