1 0.183516 0.249512 0.123077 0.162109
1 0.659524 0.250488 0.114652 0.162109
1 0.209341 0.458740 0.338095 0.377441
1 0.432051 0.375977 0.107326 0.211914
1 0.793590 0.358154 0.173260 0.176270
1 0.923260 0.310059 0.075092 0.080078
1 0.611722 0.420166 0.179487 0.162598
1 0.923260 0.451172 0.075092 0.187500
1 0.781868 0.551514 0.196703 0.194824
1 0.434799 0.534912 0.101832 0.092285
1 0.611722 0.578857 0.179487 0.140137
1 0.357509 0.587402 0.095971 0.120117
1 0.923260 0.600586 0.075092 0.096680
1 0.235897 0.606201 0.024908 0.082520
1 0.448718 0.614258 0.073993 0.066406
1 0.410806 0.703857 0.149817 0.097168
