1 0.500000 0.121186 0.895604 0.222034
1 0.263736 0.368644 0.236264 0.238983
1 0.678571 0.368644 0.593407 0.238983
1 0.854396 0.451695 0.241758 0.144068
1 0.550824 0.617797 0.337912 0.259322
1 0.211538 0.541525 0.131868 0.093220
1 0.373626 0.541525 0.170330 0.093220
1 0.543956 0.541525 0.148352 0.093220
1 0.789835 0.559322 0.112637 0.057627
1 0.916209 0.559322 0.118132 0.057627
1 0.241758 0.697458 0.192308 0.205085
1 0.365385 0.621186 0.032967 0.052542
1 0.854396 0.697458 0.241758 0.205085
1 0.462912 0.727119 0.228022 0.145763
1 0.653846 0.777119 0.131868 0.045763
1 0.424451 0.879661 0.618132 0.122034
1 0.921703 0.901695 0.107143 0.166102
