1 0.243914 0.163580 0.150749 0.090535
1 0.623127 0.189815 0.190075 0.143004
1 0.170412 0.230967 0.071161 0.124486
1 0.384363 0.194444 0.038390 0.028807
1 0.782772 0.194959 0.037453 0.029835
1 0.269663 0.276749 0.108614 0.117284
1 0.343165 0.240741 0.030899 0.045267
1 0.382022 0.240741 0.041199 0.045267
1 0.684925 0.342593 0.141386 0.246914
1 0.761704 0.278807 0.073970 0.119342
1 0.593633 0.279835 0.024345 0.030864
1 0.349251 0.408436 0.106742 0.283951
1 0.173221 0.341564 0.076779 0.076132
1 0.573502 0.342593 0.081461 0.076132
1 0.779026 0.362654 0.039326 0.068930
1 0.235487 0.377572 0.040262 0.078189
1 0.291199 0.379630 0.065543 0.082305
1 0.173221 0.423868 0.076779 0.082305
1 0.572097 0.424897 0.078652 0.082305
1 0.779026 0.433128 0.039326 0.065844
1 0.253277 0.433642 0.075843 0.062757
1 0.731742 0.488683 0.047753 0.039095
1 0.779026 0.510288 0.039326 0.082305
1 0.519195 0.575617 0.160112 0.118313
1 0.725187 0.534979 0.049625 0.032922
