1 0.889374 0.247069 0.095956 0.256281
1 0.414750 0.252931 0.098335 0.261307
1 0.526566 0.361809 0.038065 0.100503
1 0.613006 0.414573 0.126883 0.206030
1 0.760904 0.352596 0.160983 0.082077
1 0.069389 0.375209 0.072165 0.117253
1 0.155432 0.451424 0.088818 0.269682
1 0.316416 0.452261 0.225218 0.271357
1 0.758921 0.529313 0.290246 0.257956
1 0.526566 0.469012 0.038065 0.097152
1 0.070182 0.505025 0.073751 0.118928
1 0.558684 0.647404 0.102300 0.242881
1 0.083664 0.674204 0.100714 0.199330
1 0.112213 0.613065 0.043616 0.077052
1 0.374306 0.680067 0.109437 0.187605
1 0.287470 0.680905 0.064235 0.185930
1 0.850119 0.679229 0.107851 0.179229
1 0.196669 0.685930 0.117367 0.175879
1 0.673275 0.713568 0.118953 0.110553
1 0.764473 0.713568 0.055511 0.110553
1 0.161776 0.836683 0.077716 0.102178
1 0.226011 0.836683 0.044409 0.102178
1 0.076527 0.855109 0.068993 0.115578
1 0.350119 0.855109 0.181602 0.115578
