1 0.222036 0.250420 0.334452 0.352941
1 0.834452 0.436134 0.176734 0.374790
1 0.552013 0.307563 0.043624 0.114286
1 0.612416 0.307563 0.063758 0.114286
1 0.677293 0.307563 0.052573 0.114286
1 0.512864 0.518487 0.215884 0.290756
1 0.664989 0.389076 0.077181 0.031933
1 0.664989 0.448739 0.077181 0.104202
1 0.195190 0.670588 0.267338 0.467227
1 0.361298 0.508403 0.120805 0.142857
1 0.475391 0.508403 0.096197 0.142857
1 0.554810 0.508403 0.049217 0.142857
1 0.664989 0.573109 0.077181 0.127731
1 0.366890 0.697479 0.076063 0.218487
1 0.856264 0.712605 0.220358 0.161345
1 0.513982 0.679832 0.027964 0.065546
1 0.561521 0.718487 0.053691 0.142857
1 0.619128 0.772269 0.168904 0.250420
1 0.664989 0.690756 0.077181 0.087395
1 0.252237 0.786555 0.153244 0.235294
1 0.466443 0.761345 0.123043 0.178151
1 0.364094 0.833613 0.068233 0.033613
