1 0.178099 0.227234 0.308063 0.153191
1 0.569194 0.463404 0.333734 0.618723
1 0.510229 0.426383 0.212595 0.320000
1 0.137184 0.440426 0.209386 0.332766
1 0.657441 0.393617 0.081829 0.154043
1 0.127357 0.356170 0.046129 0.067234
1 0.284597 0.431489 0.077417 0.217872
1 0.297834 0.480851 0.046931 0.115745
1 0.659246 0.529787 0.078219 0.108085
1 0.557561 0.584681 0.117930 0.161702
1 0.090654 0.651915 0.116326 0.205957
1 0.284597 0.651915 0.077417 0.205957
1 0.659246 0.673617 0.078219 0.165957
1 0.461292 0.674894 0.114721 0.163404
1 0.195347 0.684681 0.093061 0.140426
1 0.544324 0.714043 0.044926 0.085106
1 0.593261 0.714043 0.046530 0.085106
1 0.567589 0.844255 0.085038 0.142979
