1 0.312567 0.199196 0.340642 0.226177
1 0.725401 0.253444 0.142781 0.113088
1 0.375134 0.338691 0.131016 0.234214
1 0.886631 0.275832 0.115508 0.093571
1 0.697594 0.489093 0.219786 0.304248
1 0.867647 0.395809 0.167380 0.117681
1 0.197861 0.471297 0.231016 0.262916
1 0.883155 0.571757 0.136364 0.216992
1 0.300000 0.577784 0.042781 0.226751
1 0.381016 0.661309 0.119251 0.393800
1 0.413636 0.582090 0.054011 0.235362
1 0.180214 0.730482 0.282353 0.255454
1 0.668984 0.752296 0.237433 0.207233
1 0.869519 0.752296 0.163636 0.207233
1 0.391444 0.927382 0.122995 0.085534
