1 0.268877 0.153846 0.198895 0.222222
1 0.429098 0.094872 0.099448 0.104274
1 0.648250 0.166667 0.316759 0.247863
1 0.434622 0.326496 0.110497 0.341880
1 0.223757 0.306838 0.108656 0.066667
1 0.326888 0.306838 0.082873 0.066667
1 0.573665 0.371795 0.167587 0.141880
1 0.732044 0.371795 0.149171 0.141880
1 0.268877 0.460684 0.198895 0.220513
1 0.555249 0.511966 0.130755 0.117949
1 0.675875 0.511966 0.088398 0.117949
1 0.768877 0.511966 0.075506 0.117949
1 0.429098 0.539316 0.099448 0.063248
1 0.427256 0.625641 0.103131 0.092308
1 0.382136 0.857265 0.193370 0.182906
1 0.661142 0.857265 0.342541 0.182906
