1 0.259049 0.094192 0.102200 0.109890
1 0.109652 0.262166 0.075940 0.188383
1 0.185238 0.240188 0.066714 0.144427
1 0.344925 0.344584 0.244145 0.353218
1 0.713272 0.188383 0.400284 0.040816
1 0.589780 0.354788 0.147622 0.254317
1 0.758694 0.487441 0.180270 0.519623
1 0.882186 0.308477 0.056778 0.161695
1 0.145138 0.421507 0.146913 0.199372
1 0.854862 0.572998 0.111427 0.348509
1 0.097942 0.525118 0.052520 0.086342
1 0.589780 0.619309 0.147622 0.255887
1 0.147268 0.665620 0.151171 0.266876
1 0.286018 0.665620 0.126331 0.266876
1 0.410220 0.665620 0.113556 0.266876
1 0.321859 0.635793 0.054649 0.065934
1 0.321859 0.737834 0.054649 0.122449
1 0.713272 0.786499 0.400284 0.040816
1 0.277502 0.889325 0.164656 0.145997
