1 0.706515 0.155290 0.057382 0.058020
1 0.705021 0.282708 0.079498 0.169511
1 0.213389 0.242890 0.035864 0.076223
1 0.246862 0.275313 0.104005 0.141069
1 0.685595 0.551195 0.426778 0.572241
1 0.595935 0.379408 0.132696 0.199090
1 0.768380 0.322526 0.041243 0.080774
1 0.845786 0.360068 0.108787 0.155859
1 0.365511 0.406712 0.127316 0.246871
1 0.101016 0.329352 0.071727 0.085324
1 0.166169 0.350398 0.051405 0.127418
1 0.237298 0.437998 0.123132 0.184300
1 0.727137 0.452787 0.123730 0.170648
1 0.101016 0.432309 0.071727 0.106940
1 0.156605 0.452787 0.032277 0.065984
1 0.844591 0.567691 0.111178 0.241183
1 0.604005 0.585893 0.148834 0.202503
1 0.100418 0.596132 0.070532 0.200228
1 0.175433 0.596132 0.072325 0.200228
1 0.734310 0.642207 0.104603 0.215017
1 0.321877 0.649033 0.214585 0.215017
