1 0.238059 0.154971 0.078582 0.163743
1 0.307396 0.181287 0.081664 0.216374
1 0.353621 0.150585 0.001541 0.154971
1 0.379045 0.150585 0.049307 0.154971
1 0.442989 0.150585 0.078582 0.154971
1 0.694145 0.168129 0.087827 0.190058
1 0.771186 0.143275 0.053929 0.140351
1 0.870570 0.160819 0.132512 0.175439
1 0.140216 0.393275 0.107858 0.336257
1 0.670262 0.327485 0.258860 0.204678
1 0.333590 0.469298 0.106317 0.464912
1 0.443760 0.350877 0.123267 0.228070
1 0.248844 0.317251 0.100154 0.143275
1 0.856703 0.473684 0.206471 0.450292
1 0.579353 0.437135 0.083205 0.090643
1 0.657165 0.435673 0.060092 0.087719
1 0.718798 0.434211 0.060092 0.084795
1 0.205701 0.441520 0.060092 0.087719
1 0.269646 0.441520 0.058552 0.087719
1 0.448382 0.587719 0.114022 0.228070
1 0.692604 0.589181 0.130971 0.219298
1 0.225732 0.597953 0.100154 0.207602
1 0.125578 0.730994 0.090909 0.321637
1 0.788906 0.773392 0.107858 0.131579
1 0.192604 0.801170 0.033898 0.181287
1 0.337442 0.799708 0.123267 0.178363
