1 0.221417 0.213404 0.188406 0.204586
1 0.380837 0.166667 0.107890 0.097002
1 0.504026 0.242504 0.125604 0.248677
1 0.092593 0.215168 0.046699 0.074074
1 0.383253 0.268959 0.103060 0.093474
1 0.613527 0.271605 0.061192 0.074074
1 0.221417 0.403880 0.188406 0.165785
1 0.380837 0.374780 0.107890 0.104056
1 0.566828 0.447972 0.251208 0.243386
1 0.811594 0.445326 0.228663 0.238095
1 0.091787 0.417108 0.048309 0.075838
1 0.197262 0.415344 0.075684 0.061728
1 0.380837 0.498236 0.107890 0.128748
1 0.472625 0.522046 0.062802 0.081129
1 0.221417 0.654321 0.188406 0.324515
1 0.604670 0.649912 0.301127 0.171076
1 0.388084 0.691358 0.122383 0.243386
1 0.842995 0.691358 0.165862 0.243386
1 0.546699 0.724868 0.185185 0.176367
1 0.699678 0.776896 0.111111 0.072310
1 0.228663 0.860670 0.148148 0.063492
1 0.690016 0.897707 0.159420 0.137566
