1 0.835066 0.254682 0.222117 0.080524
1 0.370038 0.257491 0.222117 0.080524
1 0.762760 0.380150 0.357278 0.256554
1 0.177694 0.312734 0.120983 0.119850
1 0.359168 0.412921 0.230624 0.187266
1 0.644612 0.419476 0.120983 0.116105
1 0.177694 0.425562 0.120983 0.094569
1 0.639414 0.607678 0.216446 0.260300
1 0.111059 0.545412 0.093573 0.130150
1 0.203214 0.516854 0.069943 0.073034
1 0.183837 0.623127 0.237240 0.233146
1 0.391304 0.602060 0.166352 0.177903
1 0.847353 0.602996 0.188091 0.177903
1 0.573251 0.579588 0.084121 0.074906
1 0.217864 0.810393 0.216446 0.103933
