1 0.221369 0.195437 0.336592 0.347222
1 0.437849 0.445437 0.244413 0.299603
1 0.581006 0.428571 0.108939 0.265873
1 0.710894 0.428571 0.139665 0.265873
1 0.865922 0.392857 0.148045 0.194444
1 0.228352 0.496032 0.171788 0.210317
1 0.873603 0.699405 0.160615 0.378968
1 0.593575 0.663690 0.201117 0.192460
1 0.740922 0.610119 0.079609 0.081349
1 0.188547 0.597222 0.086592 0.047619
1 0.404330 0.732143 0.168994 0.273810
1 0.275838 0.678571 0.076816 0.123016
1 0.188547 0.684524 0.086592 0.111111
1 0.612430 0.708333 0.057263 0.103175
1 0.714385 0.762897 0.132682 0.212302
1 0.231145 0.808532 0.177374 0.121032
1 0.109637 0.798611 0.034916 0.065476
1 0.536313 0.818452 0.086592 0.101190
1 0.612430 0.818452 0.057263 0.101190
1 0.560056 0.926587 0.153631 0.075397
