1 0.203390 0.156600 0.067797 0.134228
1 0.277350 0.157718 0.064715 0.136465
1 0.261941 0.256152 0.184900 0.333333
1 0.419877 0.215884 0.118644 0.252796
1 0.691834 0.145414 0.086287 0.107383
1 0.788906 0.289709 0.086287 0.395973
1 0.896764 0.227069 0.117103 0.270694
1 0.104006 0.175615 0.097072 0.096197
1 0.577042 0.269575 0.103236 0.275168
1 0.038521 0.168904 0.015408 0.064877
1 0.694915 0.352349 0.092450 0.270694
1 0.107858 0.317673 0.104777 0.161074
1 0.416795 0.425056 0.124807 0.237136
1 0.869029 0.365772 0.061633 0.082774
1 0.896764 0.558166 0.117103 0.373602
1 0.100154 0.487696 0.107858 0.147651
1 0.324345 0.581655 0.309707 0.322148
1 0.740370 0.620805 0.183359 0.248322
1 0.325886 0.836689 0.312789 0.143177
