1 0.217199 0.300403 0.144039 0.204839
1 0.375784 0.454839 0.173132 0.513710
1 0.588420 0.300000 0.049059 0.204032
1 0.703651 0.300000 0.168283 0.204032
1 0.832288 0.300000 0.075870 0.204032
1 0.217199 0.561290 0.144039 0.300806
1 0.588705 0.461492 0.049629 0.100403
1 0.703508 0.461492 0.168568 0.100403
1 0.832288 0.461492 0.075870 0.100403
1 0.588420 0.617137 0.049059 0.192339
1 0.703651 0.617137 0.168283 0.192339
1 0.832288 0.617137 0.075870 0.192339
1 0.703651 0.790524 0.168283 0.127016
1 0.303622 0.792944 0.327724 0.127823
