1 0.316434 0.263187 0.276224 0.371493
1 0.103497 0.208754 0.149650 0.253648
1 0.579720 0.259259 0.134266 0.276094
1 0.712937 0.281706 0.132168 0.320988
1 0.861888 0.224467 0.151748 0.206510
1 0.965385 0.283951 0.035664 0.114478
1 0.238811 0.377104 0.109790 0.143659
1 0.273776 0.345118 0.039860 0.079686
1 0.815385 0.389450 0.058741 0.105499
1 0.892657 0.389450 0.090210 0.105499
1 0.103497 0.396745 0.149650 0.104377
1 0.590210 0.425926 0.155245 0.032548
1 0.218881 0.493827 0.065734 0.058361
1 0.387063 0.656004 0.062238 0.093154
1 0.424476 0.759259 0.128671 0.286195
1 0.540909 0.684624 0.094406 0.136925
1 0.540909 0.832772 0.094406 0.139169
1 0.520280 0.934905 0.068531 0.042649
