1 0.290780 0.106293 0.154255 0.093537
1 0.161348 0.248299 0.101064 0.170068
1 0.246897 0.252551 0.062943 0.178571
1 0.323582 0.221939 0.085106 0.117347
1 0.423316 0.266156 0.107270 0.205782
1 0.630762 0.414966 0.139184 0.503401
1 0.798759 0.217687 0.260638 0.108844
1 0.491578 0.316327 0.066489 0.146259
1 0.304965 0.295918 0.047872 0.091837
1 0.084663 0.301871 0.041667 0.042517
1 0.683511 0.310374 0.033688 0.059524
1 0.769504 0.414116 0.129433 0.267007
1 0.874113 0.414116 0.109929 0.267007
1 0.349291 0.312925 0.033688 0.057823
1 0.159131 0.502551 0.178191 0.338435
1 0.304965 0.438776 0.186170 0.180272
1 0.429965 0.452381 0.093972 0.207483
1 0.132092 0.650510 0.214539 0.250000
1 0.269504 0.571429 0.037234 0.074830
1 0.322252 0.602891 0.061170 0.137755
1 0.416667 0.602891 0.120567 0.137755
1 0.816933 0.611395 0.224291 0.110544
1 0.269504 0.643707 0.037234 0.056122
1 0.296986 0.761054 0.108156 0.158163
