1 0.579082 0.115951 0.219388 0.109202
1 0.379464 0.330061 0.126276 0.282209
1 0.512755 0.237423 0.112245 0.096933
1 0.761480 0.310429 0.362245 0.242945
1 0.512755 0.385276 0.112245 0.176687
1 0.601403 0.546012 0.126276 0.228221
1 0.735969 0.482209 0.122449 0.083436
1 0.874362 0.482209 0.136480 0.083436
1 0.230230 0.623926 0.215561 0.359509
1 0.448980 0.558896 0.178571 0.165644
1 0.808673 0.637423 0.267857 0.207362
1 0.443878 0.712883 0.168367 0.142331
1 0.601403 0.705521 0.126276 0.071166
1 0.639031 0.804908 0.178571 0.088344
