1 0.507078 0.323743 0.238813 0.215021
1 0.681279 0.362810 0.157991 0.138098
1 0.308219 0.363416 0.150685 0.135675
1 0.413699 0.401575 0.052055 0.059358
1 0.418265 0.538764 0.134247 0.082980
1 0.500457 0.720775 0.122374 0.371896
1 0.599772 0.611448 0.065297 0.043004
1 0.695205 0.657783 0.118265 0.135675
1 0.266210 0.621744 0.069406 0.062386
1 0.370320 0.655966 0.131507 0.130830
1 0.607534 0.744397 0.085388 0.213204
1 0.267580 0.703210 0.066667 0.090854
1 0.371918 0.790127 0.134703 0.127801
1 0.695205 0.753483 0.118265 0.046033
1 0.265753 0.803755 0.070320 0.100545
1 0.704110 0.816172 0.100457 0.069655
1 0.208676 0.817383 0.024658 0.064809
1 0.573288 0.905512 0.123744 0.083586
