1 0.270417 0.153125 0.379167 0.237500
1 0.710833 0.233203 0.383333 0.077344
1 0.711667 0.408594 0.378333 0.248438
1 0.161667 0.383203 0.158333 0.192969
1 0.352500 0.383203 0.211667 0.192969
1 0.585833 0.489844 0.126667 0.159375
1 0.129167 0.553906 0.093333 0.134375
1 0.320000 0.600391 0.276667 0.227344
1 0.665833 0.605469 0.098333 0.146875
1 0.811250 0.627734 0.179167 0.177344
1 0.566667 0.602734 0.088333 0.055469
1 0.129583 0.667969 0.092500 0.085938
1 0.566667 0.675391 0.088333 0.082031
1 0.666250 0.700000 0.097500 0.032813
1 0.554583 0.807031 0.080833 0.153125
1 0.754583 0.808594 0.312500 0.156250
