1 0.755937 0.082262 0.414248 0.089974
1 0.368734 0.082905 0.104222 0.065553
1 0.266491 0.307841 0.403694 0.325193
1 0.631266 0.215296 0.156992 0.137532
1 0.841689 0.262853 0.240106 0.232648
1 0.631266 0.414524 0.156992 0.237789
1 0.841689 0.461440 0.240106 0.143959
1 0.266491 0.637532 0.403694 0.488432
1 0.156332 0.537275 0.183377 0.113111
1 0.713061 0.654884 0.320580 0.224936
1 0.922823 0.654884 0.077836 0.224936
1 0.757916 0.836761 0.418206 0.095116
1 0.417546 0.841902 0.101583 0.079692
1 0.417546 0.942802 0.104222 0.080977
