1 0.161908 0.216809 0.203606 0.187366
1 0.298272 0.183619 0.034560 0.078158
1 0.693839 0.193790 0.054846 0.051392
1 0.841097 0.367238 0.191585 0.250535
1 0.585274 0.379550 0.303531 0.273019
1 0.372652 0.358137 0.190834 0.223769
1 0.161908 0.511777 0.203606 0.383298
1 0.313674 0.527302 0.072878 0.095289
1 0.391435 0.527302 0.069121 0.095289
1 0.787754 0.586724 0.084899 0.164882
1 0.887678 0.607066 0.098422 0.205567
1 0.479715 0.611349 0.092412 0.190578
1 0.631480 0.680942 0.211119 0.329764
1 0.351615 0.685225 0.148760 0.199143
1 0.841097 0.762313 0.191585 0.167024
1 0.479339 0.751071 0.091660 0.067452
1 0.971826 0.763919 0.035312 0.078158
1 0.387678 0.856531 0.255447 0.092077
