1 0.793210 0.218430 0.238272 0.266212
1 0.147531 0.486348 0.119753 0.252560
1 0.332716 0.486348 0.235802 0.252560
1 0.599383 0.486348 0.297531 0.252560
1 0.832716 0.450512 0.159259 0.180887
1 0.182716 0.502560 0.049383 0.073379
1 0.832716 0.636519 0.159259 0.170648
1 0.140123 0.683447 0.104938 0.121160
1 0.269136 0.750000 0.140741 0.254266
1 0.402469 0.683447 0.113580 0.121160
1 0.525309 0.750000 0.117284 0.254266
1 0.669753 0.683447 0.156790 0.121160
1 0.832716 0.779010 0.159259 0.196246
1 0.140123 0.814846 0.104938 0.124573
1 0.402469 0.814846 0.113580 0.124573
1 0.626543 0.814846 0.070370 0.124573
1 0.708025 0.790102 0.080247 0.075085
1 0.694444 0.893345 0.085185 0.080205
