1 0.855741 0.112775 0.202159 0.135683
1 0.719333 0.085903 0.041217 0.037885
1 0.785083 0.208811 0.060844 0.047577
1 0.888616 0.225991 0.136408 0.081938
1 0.785083 0.251982 0.060844 0.029956
1 0.785083 0.307048 0.060844 0.071366
1 0.853778 0.307048 0.066732 0.071366
1 0.924436 0.307048 0.064769 0.071366
1 0.755643 0.497357 0.408243 0.281057
1 0.121688 0.657269 0.119725 0.102203
1 0.520118 0.719383 0.198234 0.173568
1 0.695289 0.713216 0.142296 0.122467
1 0.262022 0.722467 0.131501 0.135683
1 0.374877 0.712335 0.084396 0.115419
1 0.101570 0.682379 0.079490 0.051982
1 0.122669 0.798678 0.119725 0.171806
1 0.342983 0.825991 0.156035 0.103084
1 0.654563 0.814097 0.060844 0.072247
1 0.728165 0.823789 0.076546 0.091630
1 0.250245 0.862115 0.105986 0.136564
1 0.520118 0.868282 0.198234 0.124229
1 0.673209 0.892511 0.098135 0.075771
1 0.746811 0.902203 0.039254 0.056388
1 0.334642 0.905727 0.052993 0.049339
1 0.392051 0.905727 0.053974 0.049339
1 0.354760 0.957709 0.000981 0.026432
1 0.389107 0.957709 0.061825 0.026432
1 0.705594 0.957269 0.047105 0.025551
