1 0.552381 0.057129 0.123077 0.068359
1 0.425275 0.162109 0.121612 0.265625
1 0.552198 0.168945 0.123443 0.142578
1 0.569963 0.300781 0.168498 0.108398
1 0.468132 0.420410 0.104029 0.250977
1 0.401832 0.333252 0.074725 0.064941
1 0.552198 0.421631 0.123443 0.120605
1 0.401832 0.407715 0.074725 0.071289
1 0.391209 0.492676 0.053480 0.085938
1 0.569414 0.555664 0.089011 0.134766
1 0.391209 0.582520 0.053480 0.081055
1 0.444872 0.587646 0.045055 0.070801
1 0.496154 0.587646 0.047985 0.070801
1 0.394872 0.688477 0.060806 0.118164
1 0.439927 0.759277 0.160440 0.259766
