1 0.830791 0.092732 0.285033 0.055138
1 0.585319 0.234962 0.175405 0.327068
1 0.246902 0.193609 0.280267 0.231830
1 0.442803 0.157268 0.081030 0.159148
1 0.826978 0.288847 0.290753 0.302005
1 0.442803 0.323935 0.081030 0.149123
1 0.249762 0.459900 0.148713 0.300752
1 0.136320 0.374060 0.059104 0.106516
1 0.360343 0.362155 0.053384 0.082707
1 0.069590 0.389724 0.040038 0.110276
1 0.663489 0.595865 0.263108 0.372180
1 0.427073 0.479323 0.186845 0.126566
1 0.176835 0.525063 0.140133 0.170426
1 0.887035 0.547619 0.170639 0.213033
1 0.577693 0.572055 0.091516 0.164160
1 0.669685 0.531955 0.069590 0.083960
1 0.364633 0.637218 0.052431 0.159148
1 0.460915 0.637218 0.119161 0.159148
1 0.669685 0.624060 0.069590 0.080201
1 0.215443 0.752506 0.217350 0.259398
1 0.887035 0.774436 0.170639 0.215539
1 0.620114 0.779449 0.168732 0.205514
1 0.429457 0.805138 0.182078 0.154135
1 0.754051 0.822055 0.081983 0.055138
1 0.755958 0.900376 0.074357 0.063910
