1 0.525894 0.239251 0.351418 0.353675
1 0.772503 0.180999 0.117139 0.209431
1 0.133169 0.123440 0.086313 0.091540
1 0.231813 0.123440 0.101110 0.091540
1 0.865598 0.113037 0.076449 0.067961
1 0.865598 0.190707 0.086313 0.070735
1 0.209001 0.299584 0.146732 0.249653
1 0.618372 0.299584 0.270037 0.249653
1 0.869297 0.259362 0.066584 0.052705
1 0.834155 0.357836 0.149199 0.133148
1 0.649199 0.609570 0.208385 0.370319
1 0.480888 0.487517 0.128237 0.115118
1 0.834155 0.485437 0.149199 0.110957
1 0.694821 0.566574 0.117139 0.178918
1 0.480888 0.614424 0.128237 0.138696
1 0.834155 0.671983 0.149199 0.245492
1 0.689273 0.653259 0.002466 0.005548
1 0.694821 0.728155 0.117139 0.133148
1 0.480271 0.763523 0.127004 0.148405
1 0.556104 0.763523 0.046856 0.051318
1 0.737361 0.869626 0.397041 0.122053
