1 0.122596 0.199029 0.187500 0.324272
1 0.344551 0.248544 0.233974 0.423301
1 0.722756 0.052427 0.423077 0.023301
1 0.625000 0.268932 0.227564 0.382524
1 0.840545 0.268932 0.187500 0.382524
1 0.086538 0.417476 0.080128 0.085437
1 0.177083 0.417476 0.078526 0.085437
1 0.122596 0.595146 0.187500 0.238835
1 0.303686 0.595146 0.155449 0.238835
1 0.406250 0.595146 0.110577 0.238835
1 0.586538 0.535922 0.150641 0.120388
1 0.803686 0.597087 0.261218 0.242718
1 0.667468 0.652427 0.312500 0.132039
1 0.366186 0.784466 0.203526 0.097087
1 0.306891 0.904854 0.081731 0.112621
