1 0.314626 0.143275 0.114512 0.208577
1 0.376417 0.182261 0.238095 0.286550
1 0.619615 0.145224 0.239229 0.212476
1 0.782313 0.087719 0.079365 0.097466
1 0.889456 0.179337 0.180272 0.280702
1 0.064626 0.163743 0.122449 0.159844
1 0.187642 0.163743 0.112245 0.159844
1 0.768707 0.193957 0.052154 0.095517
1 0.780612 0.406433 0.082766 0.313840
1 0.619615 0.554581 0.239229 0.606238
1 0.496032 0.627680 0.992063 0.744639
1 0.903061 0.469786 0.153061 0.284600
1 0.304989 0.369396 0.095238 0.072125
1 0.390023 0.369396 0.065760 0.072125
1 0.462018 0.451267 0.066893 0.235867
1 0.380385 0.491228 0.085034 0.155945
1 0.295351 0.495127 0.075964 0.148148
1 0.782313 0.649123 0.079365 0.171540
1 0.903061 0.713450 0.153061 0.288499
1 0.418934 0.716374 0.153061 0.282651
1 0.782880 0.801170 0.080499 0.113060
