1 0.687762 0.084218 0.148951 0.119363
1 0.842657 0.084218 0.149650 0.119363
1 0.137413 0.063329 0.073427 0.065650
1 0.234266 0.064655 0.111888 0.068302
1 0.361189 0.086207 0.133566 0.111406
1 0.499650 0.103780 0.133566 0.146552
1 0.196503 0.182029 0.191608 0.158488
1 0.259091 0.141578 0.062238 0.077586
1 0.360140 0.217838 0.135664 0.142573
1 0.372727 0.199271 0.072727 0.033820
1 0.492308 0.242042 0.155245 0.119363
1 0.075175 0.213859 0.028671 0.047082
1 0.164685 0.288130 0.127972 0.044430
1 0.260490 0.288130 0.053846 0.044430
1 0.366783 0.377653 0.147552 0.167772
1 0.508042 0.383952 0.123776 0.155172
1 0.226224 0.337865 0.122378 0.032493
1 0.520979 0.485411 0.039161 0.029178
1 0.366084 0.583554 0.125175 0.147215
1 0.500000 0.583554 0.132867 0.147215
1 0.434965 0.799403 0.268531 0.273873
1 0.446154 0.720491 0.092308 0.116048
1 0.533217 0.690318 0.072028 0.055703
1 0.533217 0.750663 0.072028 0.055703
