1 0.830092 0.188156 0.193364 0.166417
1 0.146453 0.326087 0.203661 0.145427
1 0.324943 0.358321 0.132723 0.209895
1 0.463387 0.358321 0.132723 0.209895
1 0.659611 0.389805 0.275744 0.272864
1 0.813501 0.375562 0.086957 0.193403
1 0.891876 0.315592 0.069794 0.073463
1 0.880435 0.416042 0.085812 0.112444
1 0.146453 0.577961 0.203661 0.337331
1 0.298627 0.513493 0.080092 0.085457
1 0.455378 0.567466 0.221968 0.193403
1 0.876430 0.544228 0.100686 0.128936
1 0.661327 0.654423 0.318078 0.256372
1 0.331808 0.673163 0.146453 0.218891
1 0.847826 0.698651 0.157895 0.167916
1 0.453661 0.706897 0.085812 0.073463
1 0.454233 0.833583 0.141876 0.137931
