1 0.193126 0.198152 0.199673 0.174538
1 0.389525 0.267967 0.170213 0.211499
1 0.617840 0.291581 0.273322 0.258727
1 0.854337 0.270021 0.186579 0.215606
1 0.189034 0.476386 0.201309 0.344969
1 0.427987 0.381930 0.093290 0.069815
1 0.358429 0.462012 0.108020 0.156057
1 0.657938 0.536961 0.291326 0.297741
1 0.848609 0.420945 0.073650 0.065708
1 0.919804 0.422998 0.055646 0.069815
1 0.460720 0.483573 0.080196 0.112936
1 0.879705 0.571869 0.135843 0.227926
1 0.758592 0.604723 0.090016 0.162218
1 0.402619 0.618070 0.196399 0.135524
1 0.662029 0.770021 0.270049 0.135524
