1 0.794231 0.043478 0.126923 0.065217
1 0.430769 0.303442 0.630769 0.429348
1 0.804808 0.198370 0.194231 0.219203
1 0.650000 0.408514 0.192308 0.219203
1 0.828846 0.357790 0.146154 0.099638
1 0.262500 0.464674 0.294231 0.168478
1 0.828846 0.460145 0.146154 0.086957
1 0.755769 0.559783 0.126923 0.090580
1 0.865385 0.559783 0.073077 0.090580
1 0.550000 0.682065 0.261538 0.327899
1 0.262500 0.701993 0.294231 0.288043
1 0.797115 0.730072 0.209615 0.231884
1 0.449038 0.740942 0.167308 0.210145
1 0.596154 0.901268 0.173077 0.085145
