1 0.065118 0.254283 0.032068 0.146681
1 0.107003 0.217880 0.034686 0.073876
1 0.212369 0.215739 0.039921 0.069593
1 0.283704 0.259101 0.089660 0.156317
1 0.381217 0.262848 0.096204 0.163812
1 0.157068 0.220021 0.057592 0.069593
1 0.632526 0.278373 0.135471 0.115632
1 0.741165 0.254818 0.075262 0.068522
1 0.843914 0.252141 0.123691 0.063169
1 0.147579 0.299786 0.115838 0.074946
1 0.222186 0.299786 0.025524 0.074946
1 0.936191 0.338330 0.041230 0.126338
1 0.390707 0.390257 0.175393 0.217345
1 0.843914 0.373662 0.123691 0.169165
1 0.741165 0.349036 0.075262 0.109208
1 0.632526 0.399358 0.135471 0.115632
1 0.132853 0.421306 0.086387 0.153105
1 0.241165 0.421842 0.123691 0.154176
1 0.714005 0.433084 0.020942 0.048180
1 0.753272 0.452355 0.051047 0.086724
1 0.198298 0.458779 0.037958 0.078158
1 0.219241 0.541221 0.064136 0.071734
1 0.269306 0.541221 0.029450 0.071734
1 0.235275 0.620450 0.066099 0.058887
