1 0.056931 0.136986 0.080858 0.168297
1 0.339934 0.333659 0.227723 0.189824
1 0.797030 0.388454 0.165017 0.091977
1 0.187294 0.500978 0.334983 0.250489
1 0.603960 0.463796 0.191419 0.176125
1 0.402640 0.571429 0.095710 0.242661
1 0.768977 0.540117 0.343234 0.172211
1 0.549505 0.591977 0.082508 0.068493
1 0.148515 0.735812 0.257426 0.219178
1 0.316007 0.700587 0.067657 0.136986
1 0.578383 0.740705 0.140264 0.213307
1 0.746700 0.703523 0.183168 0.138943
1 0.892739 0.703523 0.095710 0.138943
1 0.403465 0.734834 0.094059 0.068493
1 0.711221 0.794521 0.112211 0.105675
1 0.377063 0.888454 0.160066 0.199609
