1 0.587942 0.250507 0.100614 0.095335
1 0.095238 0.270791 0.095238 0.111562
1 0.201997 0.284990 0.095238 0.139959
1 0.275730 0.294118 0.046083 0.158215
1 0.681644 0.294118 0.063748 0.150101
1 0.781874 0.367140 0.129032 0.296146
1 0.365975 0.578093 0.171275 0.559838
1 0.898618 0.476673 0.096774 0.352941
1 0.095238 0.534483 0.095238 0.399594
1 0.181260 0.414807 0.053763 0.099391
1 0.254992 0.414807 0.087558 0.099391
1 0.681644 0.454361 0.063748 0.170385
1 0.180876 0.556795 0.052995 0.168357
1 0.243856 0.665314 0.072965 0.385396
1 0.698157 0.627789 0.096774 0.204868
1 0.798387 0.627789 0.096006 0.204868
1 0.024578 0.686613 0.023041 0.095335
1 0.179339 0.691684 0.049923 0.085193
1 0.410906 0.784990 0.098310 0.190669
1 0.169739 0.824544 0.053763 0.123732
