1 0.754119 0.194444 0.098859 0.273810
1 0.891635 0.324405 0.166033 0.533730
1 0.143219 0.321429 0.177440 0.289683
1 0.376426 0.320437 0.276299 0.287698
1 0.606464 0.320437 0.173638 0.287698
1 0.754119 0.466270 0.098859 0.250000
1 0.081749 0.509921 0.054499 0.103175
1 0.146388 0.509921 0.062104 0.103175
1 0.249049 0.589286 0.130545 0.250000
1 0.407478 0.642857 0.186312 0.357143
1 0.551965 0.550595 0.089987 0.152778
1 0.645754 0.577381 0.084918 0.206349
1 0.131179 0.696429 0.153359 0.250000
1 0.599493 0.729167 0.185044 0.184524
1 0.264259 0.771825 0.100127 0.099206
1 0.264259 0.904762 0.107731 0.119048
