1 0.312778 0.273551 0.107778 0.300725
1 0.452222 0.276268 0.151111 0.306159
1 0.569444 0.177536 0.072222 0.108696
1 0.717222 0.218297 0.212222 0.190217
1 0.875556 0.193841 0.093333 0.141304
1 0.200556 0.450181 0.218889 0.490942
1 0.580000 0.358696 0.093333 0.231884
1 0.875556 0.369565 0.093333 0.192029
1 0.727778 0.394928 0.191111 0.141304
1 0.373889 0.482790 0.107778 0.085145
1 0.483333 0.609601 0.100000 0.338768
1 0.727778 0.626812 0.388889 0.304348
1 0.373889 0.656703 0.107778 0.244565
1 0.474444 0.863225 0.091111 0.110507
1 0.640556 0.863225 0.227778 0.110507
