1 0.372432 0.063536 0.087329 0.057616
1 0.416952 0.138516 0.176370 0.207577
1 0.266695 0.091555 0.112158 0.102605
1 0.263271 0.195738 0.119007 0.093133
1 0.263271 0.307814 0.119007 0.118390
1 0.417380 0.337806 0.177226 0.176796
1 0.539384 0.361878 0.053082 0.128650
1 0.227740 0.398974 0.047945 0.054459
1 0.290240 0.398974 0.065068 0.054459
1 0.309503 0.512628 0.211473 0.160221
1 0.599743 0.543410 0.357021 0.221784
1 0.858305 0.529597 0.144692 0.194159
1 0.263699 0.614838 0.119863 0.077348
1 0.374144 0.626677 0.082192 0.053670
1 0.493579 0.683110 0.144692 0.101815
1 0.858305 0.758090 0.144692 0.250197
1 0.309503 0.726125 0.211473 0.132597
1 0.675942 0.726519 0.204623 0.131807
1 0.439212 0.751381 0.104452 0.082084
1 0.531678 0.766377 0.068493 0.052092
1 0.448202 0.840568 0.052226 0.082084
1 0.536387 0.841752 0.110445 0.084451
