1 0.317255 0.273218 0.221058 0.362851
1 0.710033 0.282937 0.218302 0.371490
1 0.191566 0.253780 0.104190 0.159827
1 0.305954 0.253780 0.116869 0.159827
1 0.584344 0.244060 0.103638 0.131749
1 0.711963 0.390389 0.142778 0.424406
1 0.729052 0.215443 0.056781 0.074514
1 0.549063 0.335313 0.033076 0.039957
1 0.581863 0.348272 0.027012 0.065875
1 0.619350 0.399568 0.042448 0.168467
1 0.272878 0.467063 0.050717 0.266739
1 0.316703 0.393089 0.051268 0.112311
1 0.367971 0.393089 0.042448 0.112311
1 0.191566 0.390389 0.104190 0.100432
1 0.094542 0.390929 0.074421 0.064795
1 0.563947 0.444924 0.062845 0.166307
1 0.486218 0.495680 0.076075 0.235421
1 0.719129 0.478402 0.076626 0.174946
1 0.698181 0.405508 0.000551 0.001080
1 0.694046 0.413607 0.002205 0.004320
1 0.687707 0.424946 0.000551 0.001080
1 0.686329 0.427646 0.001103 0.002160
1 0.191566 0.485961 0.104190 0.077754
1 0.616869 0.490821 0.037486 0.074514
1 0.328280 0.508639 0.070011 0.107991
1 0.305402 0.531317 0.024256 0.062635
1 0.579107 0.577754 0.109702 0.071274
