1 0.860534 0.105049 0.223541 0.083062
1 0.150346 0.105863 0.075173 0.081433
1 0.206726 0.278502 0.259149 0.218241
1 0.441147 0.312704 0.189911 0.280130
1 0.639960 0.314332 0.195846 0.283388
1 0.803165 0.310261 0.118694 0.275244
1 0.910485 0.241042 0.080119 0.136808
1 0.909001 0.436482 0.083086 0.234528
1 0.196835 0.622964 0.263106 0.425081
1 0.539565 0.584691 0.093966 0.257329
1 0.684471 0.662866 0.195846 0.413681
1 0.826409 0.505700 0.074184 0.096091
1 0.384273 0.495928 0.076162 0.070033
1 0.456973 0.518730 0.059347 0.115635
1 0.416419 0.682410 0.140455 0.286645
1 0.869931 0.692182 0.161227 0.260586
1 0.538081 0.773616 0.090999 0.104235
1 0.524233 0.895765 0.122651 0.081433
