1 0.799715 0.174064 0.172217 0.156727
1 0.118459 0.384189 0.132255 0.241331
1 0.256422 0.349515 0.132255 0.171983
1 0.431970 0.389043 0.218839 0.251040
1 0.627022 0.339806 0.157945 0.152566
1 0.799715 0.431345 0.172217 0.335645
1 0.669838 0.482663 0.072312 0.191401
1 0.587536 0.481969 0.078972 0.115118
1 0.256422 0.567268 0.132255 0.244105
1 0.080875 0.552705 0.057088 0.076283
1 0.149857 0.552705 0.069458 0.076283
1 0.418649 0.662968 0.245480 0.280166
1 0.627022 0.676144 0.157945 0.253814
1 0.118459 0.701110 0.132255 0.203883
1 0.240247 0.730929 0.099905 0.063800
1 0.292103 0.868239 0.245480 0.169209
