1 0.323125 0.322723 0.401250 0.267020
1 0.625000 0.350133 0.118750 0.091954
1 0.177813 0.432361 0.109375 0.242263
1 0.275313 0.469054 0.076875 0.121132
1 0.355312 0.469054 0.083125 0.121132
1 0.407500 0.469054 0.047500 0.121132
1 0.620938 0.509284 0.111875 0.201592
1 0.775000 0.509284 0.196250 0.201592
1 0.480938 0.548187 0.084375 0.159151
1 0.281250 0.632626 0.236250 0.223696
1 0.684688 0.547745 0.015625 0.030946
1 0.417187 0.571618 0.026875 0.071618
1 0.620938 0.640584 0.111875 0.207781
1 0.153125 0.580460 0.060000 0.053935
1 0.147187 0.650752 0.048125 0.074271
1 0.274062 0.679045 0.066875 0.130858
1 0.371250 0.679045 0.118750 0.130858
1 0.741563 0.680371 0.119375 0.128205
1 0.839375 0.680371 0.067500 0.128205
1 0.603125 0.713086 0.076250 0.062776
1 0.140937 0.719275 0.035625 0.050398
1 0.193125 0.863395 0.138750 0.213086
1 0.146875 0.897878 0.047500 0.119363
