1 0.742373 0.156475 0.413559 0.237410
1 0.253390 0.162770 0.401695 0.246403
1 0.881356 0.223022 0.115254 0.104317
1 0.253390 0.436151 0.401695 0.300360
1 0.693220 0.392086 0.315254 0.201439
1 0.850847 0.351619 0.176271 0.120504
1 0.899153 0.455935 0.079661 0.073741
1 0.161864 0.571942 0.218644 0.255396
1 0.644915 0.580036 0.218644 0.246403
1 0.850000 0.601619 0.177966 0.203237
1 0.321186 0.648381 0.079661 0.102518
1 0.411017 0.648381 0.086441 0.102518
1 0.100000 0.854317 0.111864 0.258993
1 0.322034 0.757194 0.081356 0.064748
1 0.735593 0.858813 0.416949 0.264388
