1 0.115183 0.240408 0.157068 0.339329
1 0.461715 0.389089 0.560864 0.636691
1 0.372709 0.203837 0.122382 0.266187
1 0.781414 0.147482 0.068063 0.153477
1 0.875327 0.213429 0.109293 0.285372
1 0.838678 0.470624 0.182592 0.473621
1 0.889398 0.459233 0.081152 0.189448
1 0.107003 0.563549 0.139398 0.287770
1 0.135798 0.511391 0.081806 0.183453
1 0.372709 0.571343 0.123691 0.272182
1 0.646597 0.571343 0.191099 0.272182
1 0.052029 0.649281 0.029450 0.116307
1 0.471531 0.650480 0.063482 0.113909
1 0.542212 0.650480 0.068717 0.113909
1 0.128272 0.815348 0.191099 0.175060
1 0.494764 0.801559 0.109948 0.147482
