1 0.328909 0.255171 0.161062 0.112706
1 0.458702 0.255171 0.145723 0.112706
1 0.605310 0.276488 0.136873 0.155340
1 0.282301 0.371887 0.067847 0.110595
1 0.430383 0.395314 0.212979 0.157450
1 0.593510 0.425285 0.160472 0.142254
1 0.346313 0.385184 0.044838 0.039257
1 0.404130 0.385184 0.056637 0.039257
1 0.378171 0.453356 0.108555 0.086112
1 0.282301 0.464331 0.067847 0.064162
1 0.474041 0.487759 0.067847 0.017307
1 0.364012 0.664204 0.248968 0.311946
1 0.591150 0.552765 0.165192 0.084846
1 0.678466 0.787674 0.099115 0.065006
