1 0.264938 0.338129 0.477153 0.460432
1 0.211775 0.280576 0.001757 0.086331
1 0.293497 0.384892 0.170475 0.294964
1 0.795694 0.518885 0.167838 0.530576
1 0.167399 0.517986 0.086995 0.309353
1 0.423989 0.474820 0.078207 0.215827
1 0.573374 0.478417 0.088752 0.212230
1 0.666960 0.534173 0.077329 0.309353
1 0.927065 0.492806 0.075571 0.219424
1 0.250000 0.596223 0.083480 0.127698
1 0.337434 0.586331 0.082601 0.089928
1 0.360721 0.637590 0.034271 0.062950
1 0.431898 0.692446 0.085237 0.172662
1 0.336995 0.701439 0.081722 0.122302
1 0.851054 0.721223 0.057118 0.125899
1 0.228471 0.715827 0.040422 0.093525
1 0.271968 0.715827 0.039543 0.093525
1 0.268893 0.863309 0.108963 0.154676
