1 0.642380 0.065304 0.314171 0.101763
1 0.842914 0.065304 0.068182 0.101763
1 0.124332 0.111779 0.189840 0.189904
1 0.325535 0.092548 0.188503 0.151442
1 0.639037 0.199119 0.307487 0.154647
1 0.834225 0.145433 0.085561 0.047276
1 0.325535 0.292468 0.188503 0.233974
1 0.839572 0.236378 0.074866 0.080128
1 0.391711 0.223558 0.056150 0.049679
1 0.139706 0.311699 0.217914 0.195513
1 0.596925 0.344952 0.220588 0.127404
1 0.797460 0.344952 0.159091 0.127404
1 0.299465 0.358974 0.077540 0.100962
1 0.306150 0.435497 0.114973 0.036058
1 0.128342 0.562901 0.141711 0.149840
1 0.282086 0.562901 0.139037 0.149840
1 0.451203 0.562901 0.169786 0.149840
1 0.697193 0.682692 0.292781 0.389423
1 0.149064 0.723958 0.183155 0.156250
1 0.332219 0.679087 0.159091 0.066506
1 0.480615 0.688702 0.110963 0.047276
1 0.394385 0.798478 0.283422 0.157853
1 0.300802 0.822115 0.096257 0.110577
1 0.403075 0.822115 0.094920 0.110577
1 0.149064 0.842949 0.183155 0.068910
