1 0.295964 0.198046 0.394619 0.289520
1 0.591928 0.405861 0.192825 0.232682
1 0.807175 0.405861 0.219731 0.232682
1 0.295964 0.538188 0.381166 0.373002
1 0.843049 0.553286 0.134529 0.111901
1 0.540359 0.563055 0.089686 0.067496
1 0.640135 0.563055 0.096413 0.067496
1 0.568386 0.626998 0.392377 0.195382
1 0.820628 0.606572 0.089686 0.126110
1 0.581839 0.781528 0.172646 0.206039
1 0.798206 0.781528 0.237668 0.206039
1 0.234305 0.804618 0.257848 0.159858
1 0.428251 0.809059 0.112108 0.150977
1 0.409193 0.918295 0.096413 0.049734
