1 0.591647 0.179971 0.480278 0.255443
1 0.147912 0.198839 0.196056 0.261248
1 0.319606 0.199565 0.135731 0.262700
1 0.418213 0.466618 0.332947 0.271408
1 0.147912 0.439042 0.196056 0.204644
1 0.705336 0.414369 0.229698 0.155298
1 0.611949 0.660377 0.103248 0.322206
1 0.700696 0.547170 0.060325 0.095791
1 0.779002 0.547170 0.082367 0.095791
1 0.871810 0.688679 0.059165 0.323657
1 0.151392 0.635704 0.189095 0.174165
1 0.332947 0.698839 0.162413 0.256894
1 0.483759 0.717707 0.139211 0.294630
1 0.745360 0.711901 0.149652 0.219158
1 0.117749 0.765602 0.121810 0.123367
1 0.215197 0.778665 0.061485 0.097242
1 0.621230 0.879536 0.161253 0.058055
1 0.621810 0.962264 0.178654 0.075472
