1 0.344681 0.257009 0.425532 0.368224
1 0.277128 0.328972 0.156383 0.213084
1 0.449468 0.350467 0.188298 0.256075
1 0.776064 0.267290 0.347872 0.085981
1 0.674468 0.400000 0.144681 0.149533
1 0.794149 0.363551 0.084043 0.076636
1 0.895745 0.479439 0.108511 0.308411
1 0.794149 0.573832 0.084043 0.325234
1 0.126064 0.491589 0.118085 0.093458
1 0.265957 0.586916 0.134043 0.284112
1 0.328191 0.486916 0.052128 0.084112
1 0.385638 0.603738 0.092553 0.250467
1 0.490957 0.603738 0.105319 0.250467
1 0.674468 0.559813 0.144681 0.147664
1 0.125532 0.715888 0.119149 0.325234
1 0.777128 0.657944 0.050000 0.157009
1 0.230319 0.661682 0.062766 0.134579
1 0.672340 0.693458 0.140426 0.085981
1 0.897872 0.693458 0.104255 0.085981
1 0.232979 0.815888 0.068085 0.125234
1 0.341489 0.818692 0.129787 0.130841
