1 0.496970 0.113997 0.274747 0.115440
1 0.909091 0.163781 0.105051 0.015873
1 0.182828 0.243146 0.179798 0.099567
1 0.590909 0.333333 0.616162 0.279942
1 0.906061 0.222944 0.103030 0.059163
1 0.185859 0.353535 0.173737 0.101010
1 0.226263 0.472583 0.266667 0.119769
1 0.459596 0.568543 0.175758 0.190476
1 0.625253 0.521645 0.131313 0.079365
1 0.802020 0.521645 0.193939 0.079365
1 0.226263 0.647186 0.266667 0.215007
1 0.729293 0.662338 0.339394 0.184704
1 0.459596 0.712843 0.175758 0.083694
1 0.504040 0.834776 0.268687 0.116883
