1 0.384372 0.111660 0.048574 0.116601
1 0.468849 0.197628 0.111932 0.288538
1 0.109820 0.125494 0.052798 0.065217
1 0.272439 0.125494 0.052798 0.065217
1 0.088173 0.261858 0.110876 0.171937
1 0.267159 0.325099 0.071806 0.298419
1 0.357445 0.278656 0.102429 0.205534
1 0.637276 0.337945 0.100317 0.304348
1 0.742344 0.336957 0.101373 0.302372
1 0.191658 0.264822 0.068638 0.154150
1 0.194298 0.411067 0.078141 0.126482
1 0.432946 0.664032 0.183738 0.624506
1 0.088173 0.567194 0.110876 0.422925
1 0.882260 0.564229 0.165787 0.397233
1 0.691658 0.676877 0.209081 0.586957
1 0.331045 0.431818 0.049630 0.084980
1 0.259240 0.630435 0.208025 0.296443
1 0.314150 0.543478 0.053854 0.122530
1 0.762408 0.566206 0.065470 0.136364
1 0.194298 0.694664 0.078141 0.167984
1 0.630940 0.698617 0.087645 0.128458
1 0.299366 0.877470 0.119324 0.197628
1 0.622492 0.887352 0.089757 0.197628
1 0.183738 0.897233 0.088701 0.197628
1 0.502640 0.897233 0.065470 0.197628
