1 0.372751 0.175000 0.203085 0.157407
1 0.823907 0.185185 0.123393 0.148148
1 0.086118 0.245370 0.105398 0.246296
1 0.277635 0.306481 0.277635 0.368519
1 0.582905 0.250000 0.114396 0.248148
1 0.698586 0.250000 0.106684 0.248148
1 0.831620 0.384259 0.151671 0.220370
1 0.146530 0.490741 0.226221 0.229630
1 0.638817 0.437037 0.226221 0.114815
1 0.068123 0.591667 0.069409 0.187037
1 0.339974 0.591667 0.152956 0.187037
1 0.573907 0.537037 0.052699 0.070370
1 0.642674 0.594444 0.077121 0.185185
1 0.796272 0.594444 0.222365 0.185185
1 0.564910 0.630556 0.068123 0.101852
1 0.114396 0.648148 0.012853 0.074074
1 0.154242 0.648148 0.059126 0.074074
1 0.223650 0.648148 0.071979 0.074074
1 0.118252 0.740741 0.179949 0.077778
1 0.071979 0.864815 0.089974 0.151852
