1 0.579455 0.147928 0.107048 0.056726
1 0.681017 0.172894 0.086104 0.106658
1 0.815991 0.149117 0.168551 0.059103
1 0.152593 0.186141 0.176197 0.127038
1 0.338930 0.199389 0.187168 0.153533
1 0.589096 0.302310 0.121011 0.230299
1 0.796543 0.303159 0.200798 0.229959
1 0.249003 0.324558 0.149601 0.187160
1 0.703624 0.280571 0.169215 0.099185
1 0.116523 0.336447 0.104721 0.163383
1 0.379820 0.350034 0.105386 0.136209
1 0.252493 0.351393 0.048205 0.034307
1 0.719914 0.381284 0.127992 0.081182
1 0.247839 0.465693 0.145944 0.072690
1 0.433843 0.627378 0.087101 0.104620
1 0.512467 0.627378 0.041556 0.104620
1 0.592586 0.727072 0.101396 0.304008
1 0.329455 0.628736 0.097074 0.097147
1 0.325465 0.729450 0.101729 0.083899
1 0.458610 0.780231 0.149269 0.184103
1 0.508477 0.709749 0.049535 0.043139
1 0.325465 0.826257 0.101729 0.092052
1 0.459275 0.919158 0.140625 0.070652
