1 0.514593 0.140798 0.186935 0.097561
1 0.337735 0.211752 0.143155 0.106430
1 0.657054 0.308204 0.227241 0.274945
1 0.451703 0.350887 0.183461 0.280488
1 0.859972 0.304324 0.170257 0.185144
1 0.296039 0.330931 0.068103 0.116408
1 0.372481 0.308758 0.073662 0.072062
1 0.296039 0.501663 0.068103 0.205100
1 0.747047 0.532705 0.123697 0.258315
1 0.879778 0.500554 0.130646 0.194013
1 0.372481 0.516075 0.073662 0.176275
1 0.625782 0.600887 0.164698 0.310421
1 0.441974 0.552106 0.052814 0.104213
1 0.506602 0.552106 0.063933 0.104213
1 0.879778 0.728936 0.130646 0.245011
1 0.242530 0.795455 0.084781 0.347007
1 0.547950 0.803769 0.507992 0.363636
1 0.712648 0.712860 0.054899 0.086475
1 0.776928 0.712860 0.063933 0.086475
