1 0.323036 0.180285 0.213566 0.114137
1 0.082606 0.486381 0.047011 0.723735
1 0.160510 0.191310 0.095366 0.105058
1 0.479516 0.214008 0.083277 0.150454
1 0.584956 0.311933 0.119543 0.346304
1 0.662525 0.167964 0.024849 0.058366
1 0.781733 0.297017 0.263264 0.316472
1 0.168905 0.342412 0.143049 0.178988
1 0.282740 0.317769 0.076561 0.121920
1 0.356615 0.306096 0.061786 0.098573
1 0.398590 0.357977 0.070517 0.202335
1 0.448287 0.531777 0.145735 0.469520
1 0.342176 0.411154 0.032908 0.095979
1 0.251847 0.409209 0.014775 0.045396
1 0.278039 0.422827 0.029550 0.072633
1 0.308932 0.422827 0.024177 0.072633
1 0.178643 0.636835 0.162525 0.391699
1 0.317663 0.513619 0.115514 0.093385
1 0.485561 0.581064 0.106111 0.173800
1 0.317663 0.715953 0.115514 0.295720
1 0.505373 0.645914 0.066488 0.044099
1 0.485561 0.754864 0.106111 0.158236
1 0.403962 0.804799 0.049026 0.058366
1 0.412693 0.900778 0.074547 0.102464
