1 0.570342 0.179113 0.566540 0.199533
1 0.425856 0.368728 0.239544 0.214702
1 0.589354 0.401984 0.292776 0.211202
1 0.797529 0.348308 0.108365 0.103851
1 0.797529 0.438156 0.108365 0.066511
1 0.711027 0.465578 0.049430 0.081680
1 0.793726 0.508751 0.115970 0.063011
1 0.399240 0.544924 0.186312 0.130688
1 0.550380 0.582264 0.161597 0.149358
1 0.682510 0.535006 0.091255 0.047841
1 0.744297 0.627188 0.214829 0.164527
1 0.420152 0.662194 0.228137 0.094516
1 0.587452 0.686114 0.083650 0.046674
1 0.505703 0.763127 0.098859 0.070012
1 0.616920 0.759043 0.100760 0.061844
