1 0.211246 0.220665 0.315096 0.339755
1 0.477204 0.219790 0.196555 0.338004
1 0.507599 0.471979 0.135765 0.250438
1 0.633739 0.428196 0.088146 0.099825
1 0.745187 0.517513 0.106383 0.278459
1 0.890071 0.612960 0.161094 0.469352
1 0.340932 0.544658 0.177305 0.308231
1 0.148430 0.608581 0.189463 0.404553
1 0.375887 0.493870 0.107396 0.175131
1 0.344985 0.539405 0.045593 0.084063
1 0.635258 0.579685 0.093212 0.154116
1 0.507599 0.704028 0.135765 0.213660
1 0.635258 0.760946 0.093212 0.173380
1 0.745187 0.760946 0.106383 0.173380
1 0.284701 0.762697 0.064843 0.096322
1 0.377913 0.762697 0.103343 0.096322
1 0.281662 0.885289 0.117528 0.117338
1 0.621074 0.905429 0.068896 0.077058
1 0.895137 0.913310 0.130699 0.092820
