1 0.217254 0.063802 0.210327 0.096354
1 0.453401 0.138672 0.241814 0.246094
1 0.663728 0.090495 0.163728 0.149740
1 0.820529 0.141276 0.217884 0.251302
1 0.076826 0.080078 0.050378 0.071615
1 0.158060 0.201172 0.091940 0.157552
1 0.268262 0.150391 0.108312 0.055990
1 0.638539 0.310547 0.128463 0.272135
1 0.268892 0.233073 0.107053 0.088542
1 0.755038 0.270833 0.086902 0.062500
1 0.453401 0.375000 0.241814 0.226562
1 0.820529 0.381510 0.217884 0.213542
1 0.217884 0.389323 0.211587 0.197917
1 0.468514 0.537109 0.931990 0.485677
1 0.642317 0.472005 0.120907 0.032552
1 0.644836 0.729818 0.125945 0.214844
1 0.755668 0.889323 0.347607 0.197917
1 0.959698 0.897786 0.040302 0.147135
