1 0.458008 0.385380 0.382812 0.515789
1 0.152832 0.221637 0.079102 0.146199
1 0.224609 0.194737 0.054688 0.092398
1 0.268555 0.316959 0.142578 0.140351
1 0.430176 0.319883 0.168945 0.146199
1 0.152832 0.343860 0.079102 0.086550
1 0.180664 0.466667 0.134766 0.147368
1 0.298340 0.522222 0.090820 0.258480
1 0.429199 0.522222 0.170898 0.258480
1 0.180664 0.607018 0.134766 0.121637
1 0.296387 0.723392 0.086914 0.143860
1 0.429199 0.726316 0.170898 0.138012
1 0.144531 0.705263 0.062500 0.063158
1 0.214355 0.705263 0.067383 0.063158
1 0.180664 0.819883 0.134766 0.154386
1 0.407715 0.864327 0.290039 0.100585
