1 0.558824 0.146194 0.126935 0.167820
1 0.682663 0.146194 0.102167 0.167820
1 0.821465 0.240484 0.158927 0.356401
1 0.138803 0.213668 0.190918 0.285467
1 0.343653 0.233564 0.204334 0.325260
1 0.662539 0.210208 0.061920 0.039792
1 0.591331 0.301903 0.191950 0.112457
1 0.720330 0.463668 0.177503 0.435986
1 0.089783 0.337370 0.092879 0.038062
1 0.133127 0.525087 0.179567 0.313149
1 0.270382 0.453287 0.080495 0.169550
1 0.582559 0.435986 0.174407 0.128028
1 0.337977 0.544983 0.215686 0.273356
1 0.860165 0.557093 0.081527 0.249135
1 0.558308 0.598616 0.125903 0.166090
1 0.819401 0.598616 0.049536 0.166090
1 0.707946 0.782007 0.154799 0.162630
1 0.215170 0.785467 0.079463 0.162630
1 0.297214 0.785467 0.070175 0.162630
1 0.287926 0.916090 0.072239 0.074394
