1 0.465524 0.129207 0.136694 0.051341
1 0.489919 0.307473 0.550000 0.273816
1 0.313508 0.370222 0.197177 0.147176
1 0.571774 0.411723 0.115323 0.064176
1 0.702419 0.411723 0.125000 0.064176
1 0.434879 0.525813 0.137500 0.162864
1 0.286492 0.513120 0.138306 0.126070
1 0.639516 0.547490 0.250806 0.193668
1 0.282863 0.628637 0.135887 0.090131
1 0.434879 0.645465 0.137500 0.062179
1 0.536895 0.704649 0.045565 0.101255
1 0.667339 0.704649 0.195161 0.101255
1 0.262903 0.745436 0.110484 0.110953
1 0.409879 0.753708 0.154435 0.114946
1 0.669758 0.792071 0.142742 0.039361
