1 0.142344 0.367589 0.145933 0.391304
1 0.834928 0.367589 0.143541 0.391304
1 0.300239 0.261858 0.136364 0.160079
1 0.429426 0.263834 0.107656 0.164032
1 0.546651 0.263834 0.107656 0.164032
1 0.675837 0.261858 0.136364 0.160079
1 0.360048 0.388340 0.083732 0.164032
1 0.616029 0.387352 0.088517 0.162055
1 0.277512 0.400198 0.090909 0.104743
1 0.698565 0.400198 0.090909 0.104743
1 0.447368 0.376482 0.071770 0.049407
1 0.528708 0.376482 0.071770 0.049407
1 0.429426 0.423913 0.107656 0.077075
1 0.546651 0.423913 0.107656 0.077075
1 0.271531 0.473320 0.078947 0.029644
1 0.705742 0.473320 0.076555 0.029644
1 0.577751 0.524704 0.169856 0.112648
1 0.399522 0.525692 0.167464 0.110672
1 0.273923 0.528656 0.083732 0.069170
1 0.703349 0.528656 0.081340 0.069170
1 0.357656 0.646245 0.251196 0.154150
1 0.618421 0.646245 0.251196 0.154150
1 0.489234 0.785573 0.547847 0.092885
