1 0.923283 0.090095 0.001073 0.001193
1 0.109442 0.375298 0.154506 0.559666
1 0.846567 0.455251 0.154506 0.719570
1 0.277897 0.223747 0.148069 0.230310
1 0.414700 0.226730 0.114807 0.236277
1 0.541309 0.226730 0.114807 0.236277
1 0.678112 0.223747 0.148069 0.230310
1 0.608369 0.396778 0.079399 0.215990
1 0.347639 0.398568 0.079399 0.217184
1 0.253219 0.420644 0.098712 0.151551
1 0.702790 0.420644 0.098712 0.151551
1 0.434013 0.389618 0.076180 0.070406
1 0.521996 0.389618 0.076180 0.070406
1 0.414700 0.455847 0.114807 0.114558
1 0.541309 0.455847 0.114807 0.114558
1 0.572425 0.593079 0.177039 0.176611
1 0.708691 0.527446 0.086910 0.042959
1 0.247318 0.528043 0.086910 0.041766
1 0.383047 0.593675 0.178112 0.173031
1 0.248927 0.605609 0.090129 0.101432
1 0.706545 0.608592 0.091202 0.107399
1 0.337983 0.775656 0.268240 0.226730
1 0.618026 0.775656 0.268240 0.226730
1 0.336910 0.921241 0.057940 0.026253
1 0.619099 0.921241 0.057940 0.026253
