1 0.303478 0.229430 0.147826 0.189873
1 0.441739 0.231804 0.118261 0.194620
1 0.571304 0.231804 0.116522 0.194620
1 0.708696 0.230222 0.147826 0.191456
1 0.303478 0.439082 0.147826 0.308544
1 0.707826 0.436709 0.149565 0.303797
1 0.279130 0.392405 0.099130 0.126582
1 0.733043 0.393196 0.099130 0.125000
1 0.395652 0.351266 0.036522 0.034810
1 0.616522 0.352057 0.036522 0.036392
1 0.460000 0.367089 0.074783 0.056962
1 0.552174 0.367089 0.074783 0.056962
1 0.440000 0.422468 0.114783 0.094937
1 0.571304 0.422468 0.113043 0.094937
1 0.273043 0.481804 0.086957 0.036392
1 0.739130 0.481804 0.086957 0.036392
1 0.439130 0.536392 0.123478 0.113924
1 0.573043 0.533228 0.120000 0.107595
1 0.647826 0.683544 0.269565 0.193038
1 0.365217 0.685918 0.271304 0.188291
1 0.506087 0.852057 0.580870 0.112342
1 0.506087 0.937500 0.563478 0.058544
