1 0.290061 0.178639 0.154158 0.202268
1 0.434077 0.182420 0.121704 0.209830
1 0.567951 0.182420 0.121704 0.209830
1 0.712982 0.178639 0.156187 0.202268
1 0.111562 0.349716 0.166329 0.427221
1 0.891481 0.376181 0.164300 0.374291
1 0.363083 0.331758 0.081136 0.194707
1 0.639959 0.333648 0.083164 0.190926
1 0.264706 0.354442 0.103448 0.134216
1 0.739351 0.354442 0.103448 0.134216
1 0.452333 0.325142 0.077079 0.060491
1 0.548682 0.325142 0.079108 0.060491
1 0.432049 0.384688 0.117647 0.100189
1 0.568966 0.384688 0.119675 0.100189
1 0.258621 0.448015 0.091278 0.037807
1 0.400609 0.497164 0.188641 0.136106
1 0.602434 0.497164 0.190669 0.136106
1 0.745436 0.448015 0.091278 0.037807
1 0.259635 0.517958 0.093306 0.090737
1 0.744422 0.517958 0.093306 0.090737
1 0.353955 0.667297 0.281947 0.204159
1 0.649087 0.667297 0.283976 0.204159
1 0.500000 0.844991 0.610548 0.117202
1 0.500000 0.934783 0.586207 0.062382
