1 0.917798 0.367871 0.125189 0.671103
1 0.215686 0.142586 0.114630 0.216730
1 0.325038 0.116920 0.092006 0.165399
1 0.435897 0.142586 0.117647 0.216730
1 0.562594 0.142586 0.117647 0.216730
1 0.671946 0.116920 0.092006 0.165399
1 0.781297 0.143536 0.117647 0.218631
1 0.082956 0.333650 0.120664 0.439163
1 0.325038 0.284221 0.092006 0.157795
1 0.671946 0.285171 0.092006 0.155894
1 0.215686 0.307985 0.114630 0.098859
1 0.396682 0.299430 0.039216 0.081749
1 0.601810 0.299430 0.039216 0.081749
1 0.781297 0.307985 0.117647 0.098859
1 0.455505 0.299430 0.066365 0.070342
1 0.540724 0.299430 0.067873 0.070342
1 0.434389 0.385932 0.114630 0.079848
1 0.563348 0.385932 0.116139 0.079848
1 0.265460 0.463878 0.214178 0.201521
1 0.733032 0.473384 0.214178 0.220532
1 0.433635 0.509506 0.122172 0.148289
1 0.564857 0.509506 0.122172 0.148289
1 0.205882 0.511407 0.095023 0.091255
1 0.792609 0.511407 0.095023 0.091255
1 0.326546 0.667300 0.336350 0.205323
1 0.671946 0.668251 0.336350 0.203422
1 0.498492 0.882129 0.707391 0.190114
