1 0.202627 0.244921 0.105066 0.187359
1 0.301126 0.222348 0.080675 0.142212
1 0.399625 0.244921 0.105066 0.187359
1 0.514071 0.244921 0.105066 0.187359
1 0.612570 0.222348 0.080675 0.142212
1 0.711069 0.244921 0.105066 0.187359
1 0.301126 0.397291 0.080675 0.194131
1 0.612570 0.397291 0.080675 0.194131
1 0.202627 0.386005 0.105066 0.081264
1 0.364916 0.379233 0.035647 0.067720
1 0.420263 0.379233 0.063790 0.067720
1 0.493433 0.379233 0.063790 0.067720
1 0.548780 0.379233 0.035647 0.067720
1 0.711069 0.386005 0.105066 0.081264
1 0.854597 0.534989 0.155722 0.379233
1 0.112570 0.452596 0.048780 0.209932
1 0.399625 0.453725 0.105066 0.067720
1 0.514071 0.453725 0.105066 0.067720
1 0.205441 0.474041 0.110694 0.081264
1 0.708255 0.474041 0.110694 0.081264
1 0.347092 0.557562 0.210131 0.126411
1 0.566604 0.557562 0.210131 0.126411
1 0.192308 0.559819 0.084428 0.076749
1 0.720450 0.560948 0.086304 0.079007
1 0.301126 0.694131 0.302064 0.178330
1 0.612570 0.694131 0.302064 0.178330
1 0.398687 0.847630 0.106942 0.097065
1 0.514071 0.847630 0.105066 0.097065
