1 0.246285 0.242569 0.101783 0.209130
1 0.341010 0.218153 0.078752 0.160297
1 0.433507 0.243100 0.097325 0.210191
1 0.540862 0.243631 0.099554 0.211253
1 0.633730 0.217622 0.078752 0.159236
1 0.727712 0.243631 0.100297 0.211253
1 0.633730 0.379512 0.078752 0.151805
1 0.341010 0.380573 0.078752 0.149682
1 0.246285 0.401274 0.101783 0.095541
1 0.401560 0.392251 0.033432 0.075372
1 0.452452 0.392251 0.059435 0.075372
1 0.521917 0.392781 0.061664 0.076433
1 0.573551 0.392781 0.034175 0.076433
1 0.727712 0.401805 0.100297 0.094480
1 0.112556 0.572718 0.149331 0.427813
1 0.861813 0.570064 0.145617 0.422505
1 0.540862 0.475053 0.099554 0.079618
1 0.433507 0.475584 0.097325 0.078556
1 0.287890 0.500000 0.184993 0.089172
1 0.686107 0.504246 0.183507 0.097665
1 0.383358 0.594480 0.197623 0.142251
1 0.591010 0.595011 0.199851 0.143312
1 0.237741 0.596072 0.084695 0.088110
1 0.736627 0.596072 0.082467 0.088110
1 0.634473 0.745223 0.286776 0.199575
1 0.338782 0.745754 0.286776 0.198514
1 0.433135 0.917197 0.098068 0.112527
1 0.542719 0.917197 0.103269 0.112527
