1 0.793734 0.226285 0.386423 0.286561
1 0.157311 0.350791 0.223238 0.302372
1 0.272193 0.263834 0.087467 0.128458
1 0.364883 0.268775 0.079634 0.138340
1 0.464752 0.377470 0.185379 0.355731
1 0.661880 0.376482 0.261097 0.353755
1 0.315927 0.419960 0.177546 0.164032
1 0.884465 0.513834 0.173629 0.237154
1 0.364230 0.457510 0.080940 0.088933
1 0.015013 0.541502 0.030026 0.106719
1 0.107702 0.686759 0.124021 0.349802
1 0.271540 0.686759 0.190601 0.349802
1 0.637728 0.640316 0.309399 0.173913
1 0.408616 0.732213 0.148825 0.353755
1 0.869452 0.750988 0.203655 0.221344
1 0.538512 0.798419 0.097911 0.126482
1 0.627285 0.798419 0.069191 0.126482
1 0.715405 0.798419 0.093995 0.126482
1 0.526110 0.931818 0.140992 0.088933
