1 0.654195 0.051149 0.083900 0.070115
1 0.725624 0.051149 0.047619 0.070115
1 0.862812 0.051149 0.210884 0.070115
1 0.804989 0.228161 0.326531 0.267816
1 0.072562 0.137931 0.022676 0.080460
1 0.241497 0.202299 0.360544 0.209195
1 0.172902 0.418966 0.223356 0.210345
1 0.357143 0.418966 0.129252 0.210345
1 0.482993 0.391379 0.104308 0.079310
1 0.725624 0.447701 0.213152 0.155172
1 0.903628 0.447701 0.129252 0.155172
1 0.463719 0.499425 0.068027 0.122989
1 0.401361 0.716667 0.077098 0.231034
1 0.556122 0.684483 0.218821 0.166667
1 0.501701 0.868966 0.109977 0.188506
1 0.625850 0.868966 0.124717 0.188506
1 0.752834 0.850000 0.108844 0.079310
1 0.394558 0.909770 0.090703 0.106897
1 0.650794 0.928736 0.074830 0.068966
