1 0.364018 0.105800 0.595111 0.151450
1 0.976700 0.524168 0.046600 0.685285
1 0.130634 0.280881 0.102368 0.140709
1 0.360581 0.361976 0.340718 0.302900
1 0.622613 0.361976 0.169595 0.302900
1 0.825439 0.312030 0.216196 0.203008
1 0.134836 0.465628 0.097021 0.209452
1 0.825439 0.633190 0.216196 0.411386
1 0.622613 0.658432 0.169595 0.360902
1 0.455691 0.604189 0.150497 0.181525
1 0.285332 0.681525 0.190222 0.314715
1 0.131398 0.709452 0.103896 0.258861
1 0.421314 0.772288 0.067991 0.133190
1 0.496944 0.772288 0.067991 0.133190
1 0.462949 0.928034 0.194041 0.122449
