1 0.302676 0.242143 0.099220 0.051429
1 0.194537 0.434286 0.313266 0.302857
1 0.507804 0.403214 0.313266 0.240714
1 0.806577 0.403214 0.266444 0.240714
1 0.853400 0.543214 0.172798 0.082143
1 0.552954 0.637500 0.403567 0.216429
1 0.171126 0.708571 0.266444 0.232857
1 0.414158 0.708571 0.197324 0.232857
1 0.853400 0.639286 0.166109 0.091429
1 0.853400 0.757857 0.175028 0.134286
1 0.573021 0.788929 0.098105 0.072143
1 0.693423 0.788929 0.122631 0.072143
1 0.563545 0.868929 0.108138 0.057857
1 0.727982 0.893929 0.200669 0.107857
