1 0.309939 0.224855 0.084568 0.269364
1 0.428073 0.206936 0.122058 0.194220
1 0.567132 0.220231 0.147341 0.220809
1 0.421099 0.464740 0.261552 0.307514
1 0.595902 0.385549 0.075850 0.089017
1 0.771578 0.468208 0.036617 0.178035
1 0.837402 0.468208 0.086312 0.178035
1 0.184830 0.490173 0.202267 0.219653
1 0.693984 0.422543 0.097646 0.079769
1 0.651700 0.497688 0.190933 0.119075
1 0.340017 0.631214 0.101133 0.178035
1 0.421534 0.583815 0.053182 0.069364
1 0.479076 0.583815 0.053182 0.069364
1 0.586312 0.591329 0.060157 0.054335
1 0.683958 0.699422 0.126417 0.270520
1 0.816914 0.699422 0.127289 0.270520
1 0.186574 0.670520 0.205754 0.127168
1 0.450305 0.729480 0.110724 0.210405
1 0.562772 0.729480 0.107236 0.210405
1 0.312990 0.763006 0.045336 0.076301
1 0.364429 0.763006 0.052310 0.076301
1 0.184830 0.784971 0.202267 0.101734
1 0.339146 0.862428 0.149956 0.080925
