1 0.118609 0.152961 0.145194 0.210526
1 0.218814 0.152961 0.042945 0.210526
1 0.321575 0.180099 0.150307 0.264803
1 0.465746 0.180099 0.138037 0.264803
1 0.620654 0.180099 0.157464 0.264803
1 0.788344 0.223684 0.165644 0.351974
1 0.910020 0.123355 0.065440 0.151316
1 0.910020 0.304276 0.065440 0.190789
1 0.234663 0.363487 0.205521 0.190789
1 0.080777 0.357730 0.079755 0.159539
1 0.524540 0.473684 0.361963 0.299342
1 0.824131 0.515625 0.237219 0.215461
1 0.178425 0.545230 0.093047 0.149671
1 0.299591 0.545230 0.137014 0.149671
1 0.413088 0.556743 0.077710 0.126645
1 0.750000 0.783717 0.385481 0.320724
1 0.442740 0.722039 0.204499 0.164474
