1 0.363046 0.364341 0.459268 0.594315
1 0.622196 0.325581 0.049587 0.496124
1 0.283943 0.155039 0.102715 0.124031
1 0.374852 0.322997 0.069658 0.459948
1 0.466352 0.205426 0.134593 0.224806
1 0.710744 0.189922 0.101535 0.188630
1 0.813459 0.262274 0.089728 0.333333
1 0.841204 0.151163 0.034238 0.111111
1 0.911452 0.206718 0.092090 0.222222
1 0.283943 0.277778 0.102715 0.100775
1 0.710744 0.425065 0.101535 0.266150
1 0.474026 0.435401 0.119244 0.235142
1 0.283943 0.440568 0.102715 0.224806
1 0.911452 0.444444 0.092090 0.227390
1 0.310508 0.487080 0.049587 0.131783
1 0.813459 0.500000 0.089728 0.116279
1 0.087957 0.519380 0.079103 0.113695
1 0.087957 0.722222 0.079103 0.266150
1 0.222550 0.768734 0.173554 0.204134
