1 0.281848 0.153206 0.402165 0.101582
1 0.725645 0.157369 0.397169 0.094921
1 0.628226 0.333888 0.187344 0.236470
1 0.826811 0.333888 0.196503 0.236470
1 0.286012 0.337219 0.393838 0.238135
1 0.234388 0.588676 0.130724 0.266445
1 0.369276 0.625312 0.227311 0.338052
1 0.685262 0.574105 0.301415 0.228976
1 0.884263 0.507910 0.081599 0.096586
1 0.129059 0.592423 0.079933 0.258951
1 0.687760 0.625729 0.138218 0.125729
1 0.844713 0.679850 0.160699 0.233972
1 0.298918 0.611157 0.086595 0.073272
1 0.609076 0.746045 0.149042 0.101582
1 0.723564 0.746045 0.066611 0.101582
1 0.124896 0.762698 0.071607 0.064946
1 0.208160 0.762281 0.078268 0.064113
1 0.203997 0.880100 0.103247 0.139883
1 0.115321 0.877602 0.064113 0.131557
