1 0.442149 0.177570 0.226446 0.154206
1 0.645455 0.265187 0.117355 0.306075
1 0.262810 0.269860 0.112397 0.310748
1 0.436364 0.386682 0.221488 0.231308
1 0.737190 0.313084 0.042975 0.074766
1 0.847934 0.404206 0.168595 0.257009
1 0.675207 0.476636 0.166942 0.238318
1 0.290083 0.553738 0.166942 0.242991
1 0.847934 0.628505 0.168595 0.247664
1 0.462810 0.630841 0.168595 0.238318
1 0.620661 0.558411 0.057851 0.074766
1 0.637190 0.677570 0.090909 0.149533
1 0.723967 0.677570 0.069421 0.149533
1 0.245455 0.716121 0.077686 0.067757
1 0.332231 0.716121 0.082645 0.067757
1 0.257025 0.809579 0.110744 0.086449
1 0.345455 0.813084 0.056198 0.093458
