1 0.320231 0.091018 0.214885 0.124551
1 0.765723 0.096407 0.198113 0.116168
1 0.695493 0.352695 0.342767 0.346108
1 0.165094 0.316766 0.177149 0.269461
1 0.338050 0.316766 0.151992 0.269461
1 0.593291 0.432934 0.138365 0.180838
1 0.029874 0.477246 0.059748 0.202395
1 0.106918 0.520958 0.060797 0.122156
1 0.172956 0.520958 0.056604 0.122156
1 0.311845 0.520958 0.204403 0.122156
1 0.718029 0.618563 0.098532 0.185629
1 0.821279 0.554491 0.091195 0.057485
1 0.611635 0.620958 0.175052 0.180838
1 0.118449 0.648503 0.083857 0.116168
1 0.219078 0.648503 0.100629 0.116168
1 0.341719 0.648503 0.144654 0.116168
1 0.822327 0.652695 0.089099 0.117365
1 0.719602 0.790419 0.105870 0.110180
