1 0.204515 0.514323 0.305256 0.625000
1 0.678571 0.244141 0.376011 0.048177
1 0.210243 0.454427 0.130728 0.466146
1 0.293127 0.312500 0.091644 0.182292
1 0.400606 0.312500 0.113881 0.182292
1 0.515499 0.407552 0.053908 0.244792
1 0.710243 0.455729 0.312668 0.341146
1 0.337601 0.471354 0.123989 0.117188
1 0.430593 0.487630 0.053908 0.149740
1 0.370283 0.611979 0.058625 0.151042
1 0.670822 0.612630 0.030323 0.152344
1 0.722372 0.581380 0.067385 0.089844
1 0.309299 0.613932 0.056604 0.147135
1 0.603437 0.615234 0.099057 0.147135
1 0.430593 0.628255 0.053908 0.118490
1 0.779987 0.664714 0.173181 0.048177
