1 0.274267 0.476471 0.323556 0.286845
1 0.403236 0.476150 0.059873 0.049626
1 0.185969 0.533369 0.132749 0.134545
1 0.294678 0.542888 0.078319 0.153583
1 0.404899 0.560856 0.063502 0.115508
1 0.389779 0.585882 0.028122 0.062032
1 0.308966 0.622567 0.049743 0.045561
1 0.186196 0.644171 0.133202 0.087059
1 0.390535 0.723316 0.092531 0.202567
1 0.245842 0.743316 0.071364 0.240000
1 0.308966 0.677112 0.049743 0.059679
1 0.146129 0.719358 0.053069 0.056898
1 0.191412 0.719358 0.032658 0.056898
1 0.299289 0.737861 0.069096 0.054118
1 0.163668 0.807273 0.088146 0.112086
1 0.299289 0.815615 0.069096 0.095401
1 0.236166 0.888556 0.047475 0.026952
