1 0.620469 0.187608 0.710021 0.247849
1 0.499467 0.237522 0.097015 0.168675
1 0.663646 0.344234 0.216418 0.382100
1 0.866205 0.338210 0.173774 0.370052
1 0.181770 0.367470 0.178038 0.259897
1 0.309168 0.313253 0.063966 0.151463
1 0.394989 0.313253 0.094883 0.151463
1 0.416311 0.500000 0.278252 0.332186
1 0.181770 0.632530 0.178038 0.249570
1 0.789446 0.645439 0.327292 0.223752
1 0.411514 0.586919 0.063966 0.079174
1 0.535714 0.652324 0.165245 0.209983
1 0.398721 0.697074 0.089552 0.120482
1 0.312367 0.716867 0.070362 0.080895
1 0.363006 0.854561 0.160981 0.132530
