1 0.894261 0.179464 0.162593 0.187500
1 0.140276 0.185714 0.201913 0.171429
1 0.343252 0.288393 0.184910 0.362500
1 0.498937 0.190179 0.109458 0.166071
1 0.683316 0.289286 0.248672 0.364286
1 0.140276 0.575893 0.201913 0.576786
1 0.501594 0.476786 0.114772 0.378571
1 0.884697 0.478571 0.154091 0.375000
1 0.681190 0.666071 0.244421 0.389286
1 0.294899 0.536607 0.088204 0.101786
1 0.390011 0.536607 0.091392 0.101786
1 0.845377 0.613393 0.064825 0.105357
1 0.343252 0.686607 0.184910 0.180357
1 0.845377 0.770536 0.064825 0.180357
1 0.922423 0.770536 0.078640 0.180357
1 0.498937 0.729464 0.109458 0.094643
1 0.402232 0.875893 0.302869 0.158929
