1 0.791964 0.121025 0.183929 0.104240
1 0.307143 0.153710 0.071429 0.042403
1 0.612500 0.314488 0.157143 0.257951
1 0.790179 0.263251 0.180357 0.155477
1 0.289286 0.378975 0.342857 0.383392
1 0.742857 0.444346 0.085714 0.192580
1 0.837500 0.400177 0.085714 0.104240
1 0.212500 0.536219 0.189286 0.227915
1 0.612500 0.550353 0.157143 0.199647
1 0.837500 0.492933 0.085714 0.067138
1 0.837500 0.590989 0.085714 0.118375
1 0.742857 0.598940 0.085714 0.102473
1 0.341964 0.613958 0.055357 0.072438
1 0.419643 0.613958 0.082143 0.072438
1 0.269643 0.723498 0.217857 0.121908
1 0.423214 0.847173 0.089286 0.174912
