1 0.446162 0.255507 0.105544 0.198238
1 0.557036 0.255507 0.107676 0.198238
1 0.101812 0.277533 0.101279 0.224670
1 0.234009 0.302863 0.163113 0.275330
1 0.349680 0.301762 0.061834 0.273128
1 0.653518 0.299559 0.059701 0.268722
1 0.768657 0.299559 0.162047 0.268722
1 0.900320 0.274229 0.101279 0.218062
1 0.502665 0.594714 0.218550 0.440529
1 0.902452 0.486784 0.097015 0.193833
1 0.100213 0.493392 0.098081 0.193833
1 0.821962 0.546256 0.055437 0.224670
1 0.181770 0.553965 0.056503 0.226872
1 0.653518 0.540749 0.059701 0.196035
1 0.708955 0.490088 0.042644 0.094714
1 0.762260 0.490088 0.055437 0.094714
1 0.242004 0.495595 0.055437 0.096916
1 0.294243 0.495595 0.042644 0.096916
1 0.349680 0.544053 0.061834 0.193833
1 0.738806 0.666300 0.102345 0.240088
1 0.264925 0.670705 0.101279 0.240088
1 0.902452 0.689427 0.097015 0.193833
1 0.100213 0.693833 0.098081 0.193833
1 0.652985 0.718062 0.058635 0.136564
1 0.350213 0.722467 0.058635 0.136564
1 0.821962 0.726872 0.055437 0.118943
1 0.181770 0.732379 0.056503 0.116740
