1 0.266019 0.159722 0.400000 0.131410
1 0.184466 0.352564 0.236893 0.220085
1 0.470874 0.358440 0.312621 0.231838
1 0.756311 0.371261 0.242718 0.257479
1 0.132039 0.505342 0.132039 0.074786
1 0.255340 0.505342 0.095146 0.074786
1 0.512621 0.564637 0.396117 0.180556
1 0.799029 0.563034 0.157282 0.166667
1 0.184466 0.637286 0.236893 0.178419
1 0.573786 0.643697 0.273786 0.165598
1 0.794175 0.686432 0.143689 0.069444
1 0.371845 0.693376 0.114563 0.066239
1 0.388350 0.768162 0.108738 0.049145
1 0.882524 0.866987 0.133981 0.118590
