1 0.829070 0.497431 0.123256 0.643371
1 0.236628 0.309866 0.215116 0.233299
1 0.545930 0.363823 0.403488 0.341213
1 0.215116 0.436793 0.172093 0.139774
1 0.363372 0.566290 0.108140 0.279548
1 0.654651 0.538541 0.186047 0.224049
1 0.170930 0.535971 0.083721 0.058582
1 0.260465 0.568345 0.081395 0.113052
1 0.489535 0.595581 0.127907 0.109969
1 0.170930 0.601233 0.083721 0.059609
1 0.215116 0.716341 0.172093 0.170606
1 0.586628 0.729702 0.322093 0.143885
1 0.383721 0.756937 0.148837 0.089414
1 0.374419 0.865879 0.120930 0.093525
