1 0.499583 0.176667 0.800833 0.205714
1 0.171458 0.414762 0.152083 0.240000
1 0.403333 0.460952 0.293333 0.332381
1 0.647083 0.460714 0.194167 0.331905
1 0.820625 0.365476 0.132917 0.141429
1 0.787500 0.482143 0.066667 0.064286
1 0.820625 0.536190 0.132917 0.172381
1 0.171458 0.660714 0.152083 0.241429
1 0.309583 0.704286 0.105833 0.154286
1 0.820625 0.739286 0.132917 0.213810
1 0.671875 0.740952 0.144583 0.210476
1 0.427917 0.709286 0.112500 0.144286
1 0.540208 0.708095 0.096250 0.141905
1 0.338958 0.732143 0.047083 0.098571
