1 0.635582 0.474227 0.051617 0.752577
1 0.745010 0.135309 0.103923 0.074742
1 0.859945 0.219072 0.114935 0.242268
1 0.949415 0.135309 0.051617 0.074742
1 0.431177 0.199742 0.105299 0.198454
1 0.512388 0.292526 0.181005 0.384021
1 0.109773 0.289948 0.080523 0.358247
1 0.146937 0.204897 0.050241 0.188144
1 0.232278 0.186856 0.110805 0.152062
1 0.949415 0.475515 0.051617 0.554124
1 0.745010 0.273196 0.103923 0.144330
1 0.227460 0.563144 0.120440 0.564433
1 0.325533 0.417526 0.057811 0.237113
1 0.398486 0.387887 0.039917 0.146907
1 0.740193 0.546392 0.094288 0.402062
1 0.854439 0.547680 0.125946 0.399485
1 0.184446 0.524485 0.059188 0.306701
1 0.487956 0.579897 0.081211 0.190722
1 0.552994 0.664948 0.099794 0.360825
1 0.409498 0.667526 0.061941 0.360825
1 0.096008 0.667526 0.131452 0.355670
1 0.473503 0.768041 0.052306 0.159794
1 0.723675 0.814433 0.061253 0.072165
1 0.839298 0.814433 0.156228 0.072165
1 0.949415 0.814433 0.051617 0.072165
1 0.472815 0.918814 0.052306 0.090206
