1 0.269602 0.308664 0.451799 0.511432
1 0.519923 0.330325 0.128535 0.135981
1 0.369216 0.441637 0.157455 0.339350
1 0.701157 0.484356 0.111825 0.157641
1 0.860861 0.557762 0.193445 0.304452
1 0.518959 0.507220 0.130463 0.188929
1 0.164524 0.570999 0.055270 0.092659
1 0.213689 0.666065 0.153599 0.282792
1 0.701157 0.643803 0.111825 0.132371
1 0.178342 0.651625 0.082905 0.114320
1 0.371787 0.709386 0.152314 0.196149
1 0.518959 0.709988 0.130463 0.194946
1 0.801414 0.811673 0.312339 0.179302
1 0.245501 0.873646 0.089974 0.103490
