1 0.234234 0.551786 0.256757 0.853571
1 0.503378 0.220536 0.227477 0.151786
1 0.751126 0.220536 0.254505 0.151786
1 0.533784 0.450000 0.288288 0.296429
1 0.782658 0.391964 0.191441 0.180357
1 0.782658 0.577679 0.191441 0.180357
1 0.533784 0.663393 0.288288 0.130357
1 0.730856 0.710714 0.087838 0.075000
1 0.831081 0.710714 0.094595 0.075000
1 0.735360 0.777679 0.286036 0.169643
1 0.486486 0.777679 0.193694 0.087500
1 0.436937 0.891964 0.094595 0.130357
1 0.536036 0.891964 0.094595 0.130357
1 0.826577 0.912500 0.103604 0.089286
1 0.677928 0.924107 0.139640 0.080357
