1 0.672414 0.436813 0.566502 0.503663
1 0.123974 0.423077 0.087028 0.157509
1 0.259442 0.426740 0.167488 0.164835
1 0.467980 0.485348 0.233169 0.282051
1 0.677340 0.452381 0.165846 0.216117
1 0.259442 0.567766 0.167488 0.102564
1 0.112479 0.577839 0.090312 0.111722
1 0.633826 0.605311 0.078818 0.071429
1 0.721675 0.605311 0.077176 0.071429
1 0.386700 0.729853 0.182266 0.206960
1 0.531199 0.729853 0.106732 0.206960
1 0.234811 0.677656 0.101806 0.098901
1 0.677340 0.741758 0.165846 0.183150
1 0.964696 0.687729 0.001642 0.001832
1 0.233169 0.783883 0.101806 0.095238
1 0.532020 0.896520 0.121511 0.082418
