1 0.230284 0.177677 0.328076 0.123007
1 0.778391 0.209567 0.121451 0.095672
1 0.142744 0.325740 0.168770 0.141230
1 0.318612 0.338269 0.170347 0.166287
1 0.659306 0.307517 0.104101 0.086560
1 0.900631 0.307517 0.110410 0.086560
1 0.778391 0.470387 0.118297 0.398633
1 0.877760 0.461276 0.143533 0.202733
1 0.664038 0.463554 0.100946 0.202733
1 0.142744 0.528474 0.168770 0.246014
1 0.318612 0.536446 0.170347 0.230068
1 0.877760 0.611617 0.143533 0.084282
1 0.660883 0.620729 0.104101 0.088838
1 0.149842 0.712984 0.041009 0.095672
1 0.251577 0.712984 0.152997 0.095672
1 0.365931 0.718679 0.056782 0.107062
1 0.433754 0.718679 0.066246 0.107062
1 0.506309 0.718679 0.069401 0.107062
1 0.749211 0.722096 0.053628 0.104784
1 0.707413 0.726651 0.048896 0.095672
1 0.830442 0.726651 0.093060 0.095672
1 0.184543 0.829157 0.126183 0.109339
1 0.292587 0.828018 0.070978 0.107062
1 0.439274 0.841686 0.203470 0.125285
