1 0.269784 0.170135 0.327665 0.242350
1 0.877698 0.242350 0.094179 0.105263
1 0.350229 0.462056 0.160235 0.414933
1 0.742642 0.405141 0.161543 0.298654
1 0.874101 0.426561 0.101373 0.299878
1 0.479398 0.451040 0.107260 0.297430
1 0.236756 0.427173 0.079791 0.247246
1 0.630804 0.429621 0.083061 0.249694
1 0.749509 0.683599 0.149117 0.258262
1 0.850556 0.631579 0.041203 0.085679
1 0.901243 0.631579 0.047090 0.085679
1 0.479398 0.670747 0.107260 0.117503
1 0.316220 0.709914 0.066056 0.056304
1 0.333878 0.779070 0.101373 0.194614
1 0.423152 0.779070 0.064094 0.194614
1 0.724657 0.799878 0.099411 0.226438
1 0.877371 0.782742 0.094833 0.192166
1 0.497384 0.809058 0.071288 0.134639
1 0.802158 0.851897 0.042511 0.053856
1 0.804120 0.933293 0.047744 0.084455
