1 0.761926 0.074400 0.053887 0.097600
1 0.133834 0.452000 0.170495 0.632000
1 0.265901 0.216800 0.077739 0.161600
1 0.386042 0.216800 0.146643 0.161600
1 0.641343 0.274400 0.173145 0.273600
1 0.847173 0.236800 0.238516 0.198400
1 0.343198 0.427200 0.232332 0.230400
1 0.446996 0.624800 0.173145 0.622400
1 0.821555 0.451200 0.187279 0.230400
1 0.922261 0.396800 0.088339 0.092800
1 0.245583 0.442400 0.037102 0.081600
1 0.641343 0.591200 0.173145 0.331200
1 0.411661 0.616800 0.095406 0.331200
1 0.918728 0.620800 0.095406 0.326400
1 0.260601 0.556800 0.067138 0.118400
1 0.291519 0.720000 0.128975 0.326400
1 0.799028 0.732800 0.128092 0.304000
1 0.640901 0.846400 0.172261 0.150400
