1 0.259690 0.138498 0.389147 0.133803
1 0.868217 0.159624 0.148837 0.084507
1 0.664341 0.298122 0.162791 0.161972
1 0.856589 0.298122 0.206202 0.161972
1 0.265891 0.346831 0.370543 0.252347
1 0.375969 0.400822 0.150388 0.142019
1 0.886822 0.375587 0.145736 0.042254
1 0.695349 0.441315 0.224806 0.112676
1 0.886822 0.450117 0.145736 0.095070
1 0.265891 0.549296 0.128682 0.154930
1 0.665116 0.549296 0.161240 0.150235
1 0.159690 0.511737 0.158140 0.068075
1 0.394574 0.513498 0.113178 0.071596
1 0.856589 0.563380 0.206202 0.122066
1 0.140310 0.588615 0.103876 0.071596
1 0.394574 0.589789 0.113178 0.073944
1 0.392248 0.681925 0.120930 0.084507
1 0.279070 0.687207 0.086822 0.088028
