1 0.758441 0.215423 0.139469 0.122912
1 0.474477 0.219076 0.142685 0.128132
1 0.465936 0.511482 0.207998 0.569937
1 0.699055 0.361300 0.111133 0.261743
1 0.120679 0.354645 0.085410 0.219207
1 0.808280 0.408403 0.090836 0.219207
1 0.230908 0.385699 0.115354 0.157098
1 0.098272 0.493346 0.040595 0.151096
1 0.660269 0.481080 0.033561 0.022182
1 0.699055 0.604645 0.111133 0.265136
1 0.144996 0.596294 0.037580 0.240605
1 0.230908 0.637918 0.115354 0.323852
1 0.808280 0.574243 0.090836 0.092119
1 0.702974 0.594076 0.013666 0.052453
1 0.098272 0.648095 0.040595 0.137004
1 0.774920 0.713466 0.157556 0.165971
1 0.513264 0.727427 0.113344 0.138048
1 0.120880 0.755480 0.085812 0.077766
1 0.678356 0.771660 0.069735 0.049582
1 0.121584 0.858038 0.100884 0.084029
