1 0.184350 0.061637 0.038019 0.027630
1 0.737843 0.198193 0.407604 0.266738
1 0.103006 0.159936 0.124668 0.147715
1 0.218391 0.214665 0.106101 0.257173
1 0.326702 0.141870 0.110522 0.111583
1 0.389920 0.138151 0.097259 0.104145
1 0.801945 0.175345 0.079576 0.106270
1 0.846596 0.143996 0.061008 0.043571
1 0.289567 0.167906 0.050398 0.059511
1 0.158267 0.185441 0.014147 0.030818
1 0.892131 0.227949 0.091954 0.113709
1 0.412025 0.219447 0.053050 0.049947
1 0.322281 0.228480 0.119363 0.061637
1 0.801945 0.280021 0.079576 0.092455
1 0.082670 0.257173 0.025641 0.036132
1 0.122016 0.291180 0.079576 0.104145
1 0.238285 0.327311 0.412909 0.165781
1 0.356764 0.295962 0.163572 0.094580
1 0.895225 0.310840 0.092838 0.041445
1 0.664014 0.363443 0.067197 0.055260
1 0.811229 0.363443 0.066313 0.055260
1 0.709107 0.579171 0.240495 0.157279
1 0.246684 0.591923 0.242263 0.127524
1 0.478338 0.557917 0.208665 0.059511
1 0.388152 0.612115 0.028294 0.055260
1 0.415119 0.665250 0.082228 0.161530
1 0.511052 0.688629 0.143236 0.184910
1 0.338196 0.627524 0.059240 0.056323
1 0.332007 0.689160 0.071618 0.054198
1 0.236958 0.723167 0.109637 0.115834
1 0.332007 0.751328 0.071618 0.059511
1 0.403183 0.765675 0.058355 0.030818
1 0.382405 0.822529 0.404067 0.061637
