1 0.623324 0.129834 0.479893 0.086556
1 0.922252 0.136280 0.085791 0.073665
1 0.297587 0.374770 0.407507 0.362799
1 0.623324 0.371087 0.243968 0.355433
1 0.855228 0.301105 0.198391 0.215470
1 0.855228 0.482505 0.198391 0.132597
1 0.163539 0.593923 0.139410 0.082873
1 0.315013 0.593923 0.136729 0.082873
1 0.540214 0.655617 0.281501 0.198895
1 0.757373 0.598527 0.126005 0.081031
1 0.894102 0.598527 0.120643 0.081031
1 0.239946 0.745856 0.286863 0.202578
1 0.773458 0.747698 0.361930 0.198895
1 0.489276 0.806630 0.179625 0.081031
1 0.462466 0.902394 0.163539 0.069982
1 0.880697 0.933702 0.158177 0.132597
