1 0.483553 0.165049 0.276316 0.140777
1 0.778509 0.171117 0.241228 0.123786
1 0.695724 0.394417 0.075658 0.293689
1 0.816338 0.394417 0.165570 0.293689
1 0.861294 0.358010 0.075658 0.220874
1 0.438596 0.373786 0.186404 0.247573
1 0.576754 0.395631 0.089912 0.291262
1 0.710526 0.490291 0.035088 0.101942
1 0.486842 0.567961 0.089912 0.174757
1 0.390351 0.583738 0.089912 0.143204
1 0.576754 0.663835 0.089912 0.220874
1 0.778509 0.663835 0.241228 0.216019
1 0.390351 0.722087 0.089912 0.104369
1 0.483553 0.722087 0.083333 0.104369
1 0.390351 0.842233 0.089912 0.106796
1 0.483553 0.848301 0.083333 0.118932
