1 0.660069 0.103733 0.372917 0.101562
1 0.142708 0.116753 0.147917 0.124132
1 0.197569 0.078993 0.038194 0.048611
1 0.330208 0.140191 0.215972 0.171007
1 0.587153 0.131944 0.074306 0.093750
1 0.528472 0.216146 0.104167 0.211806
1 0.764931 0.218750 0.157639 0.211806
1 0.665278 0.182292 0.070833 0.045139
1 0.121528 0.292535 0.105556 0.218750
1 0.643403 0.239149 0.114583 0.059896
1 0.199306 0.243056 0.081944 0.064236
1 0.239931 0.317274 0.163194 0.169271
1 0.371875 0.317274 0.132639 0.169271
1 0.633681 0.336806 0.095139 0.125000
1 0.240278 0.394965 0.119444 0.131944
1 0.527083 0.365451 0.106944 0.072917
1 0.738542 0.366753 0.214583 0.070312
1 0.378819 0.448351 0.146528 0.080729
1 0.312500 0.713542 0.098611 0.326389
1 0.394097 0.605903 0.050694 0.111111
1 0.445486 0.629340 0.077083 0.157986
1 0.553472 0.629340 0.126389 0.157986
1 0.517361 0.669705 0.054167 0.077257
1 0.403819 0.726562 0.070139 0.062500
1 0.530903 0.799045 0.171528 0.165799
1 0.644792 0.740451 0.032639 0.048611
1 0.555903 0.820312 0.131250 0.111111
1 0.423958 0.851562 0.110417 0.171875
