1 0.130649 0.272727 0.165982 0.475524
1 0.276089 0.297203 0.172555 0.340326
1 0.729663 0.409091 0.327034 0.561772
1 0.827445 0.250583 0.131471 0.244755
1 0.426459 0.170746 0.110107 0.080420
1 0.937962 0.252331 0.051767 0.127040
1 0.426459 0.266900 0.110107 0.097902
1 0.428513 0.396270 0.114215 0.144522
1 0.619556 0.420746 0.106820 0.079254
1 0.643385 0.575175 0.154478 0.229604
1 0.785127 0.575175 0.117502 0.229604
1 0.251438 0.579837 0.121611 0.224942
1 0.376335 0.579837 0.128184 0.224942
1 0.465900 0.580420 0.039441 0.223776
1 0.407560 0.515152 0.065735 0.090909
1 0.263763 0.834499 0.476582 0.244755
1 0.449466 0.765734 0.090386 0.097902
