1 0.262925 0.487410 0.413589 0.812950
1 0.146233 0.286871 0.180207 0.278777
1 0.471196 0.307554 0.141802 0.320144
1 0.630724 0.255396 0.162482 0.215827
1 0.801329 0.255396 0.163959 0.215827
1 0.649926 0.494604 0.360414 0.244604
1 0.892910 0.411871 0.110783 0.079137
1 0.876662 0.566547 0.143279 0.212230
1 0.668390 0.569245 0.081241 0.095324
1 0.757755 0.597122 0.079764 0.151079
1 0.514032 0.681655 0.082718 0.111511
1 0.651403 0.713129 0.177253 0.174460
1 0.899557 0.713129 0.097489 0.174460
1 0.798375 0.741906 0.090103 0.116906
1 0.435007 0.795863 0.214180 0.066547
