1 0.470192 0.328715 0.894231 0.400504
1 0.114423 0.345718 0.175000 0.059194
1 0.112500 0.451511 0.171154 0.144836
1 0.415385 0.488665 0.215385 0.198992
1 0.715385 0.484257 0.365385 0.190176
1 0.157692 0.481108 0.080769 0.078086
1 0.154808 0.656801 0.259615 0.258186
1 0.375962 0.588791 0.136538 0.054156
1 0.549038 0.736776 0.194231 0.314861
1 0.738462 0.625945 0.319231 0.093199
1 0.375962 0.660579 0.136538 0.076826
1 0.701923 0.714106 0.088462 0.070529
1 0.825962 0.714106 0.144231 0.070529
1 0.403846 0.737406 0.192308 0.066751
1 0.777885 0.824307 0.240385 0.139798
1 0.403846 0.834383 0.192308 0.119647
1 0.577885 0.928212 0.125000 0.037783
