1 0.772930 0.098952 0.397150 0.160652
1 0.134907 0.384750 0.195013 0.376019
1 0.339715 0.316065 0.202137 0.238650
1 0.579697 0.350407 0.284951 0.307334
1 0.843277 0.338766 0.229742 0.284051
1 0.337934 0.557625 0.198575 0.307334
1 0.901603 0.484284 0.113090 0.090803
1 0.783615 0.554715 0.110419 0.129220
1 0.579697 0.672293 0.284951 0.336438
1 0.134907 0.685681 0.195013 0.309662
1 0.901603 0.609430 0.113090 0.143190
1 0.843277 0.733993 0.229742 0.213038
1 0.985752 0.743888 0.028495 0.095460
1 0.288068 0.779977 0.098842 0.121071
1 0.390917 0.779977 0.092609 0.121071
1 0.252894 0.912107 0.436331 0.105937
