1 0.110738 0.107495 0.060403 0.124260
1 0.516299 0.357002 0.083413 0.497041
1 0.501918 0.146943 0.054650 0.072978
1 0.181687 0.167653 0.066155 0.106509
1 0.214765 0.225838 0.132311 0.222880
1 0.308725 0.146943 0.047939 0.065089
1 0.366251 0.384615 0.201342 0.540434
1 0.600192 0.431953 0.049856 0.631164
1 0.666826 0.191321 0.066155 0.149901
1 0.797699 0.259369 0.187919 0.285996
1 0.866251 0.175542 0.050815 0.118343
1 0.108341 0.268245 0.065197 0.177515
1 0.308725 0.229783 0.047939 0.084813
1 0.666826 0.338264 0.066155 0.128205
1 0.205177 0.443787 0.113135 0.197239
1 0.866251 0.612426 0.050815 0.459566
1 0.732982 0.579882 0.198466 0.335306
1 0.792426 0.693294 0.079578 0.297830
1 0.205177 0.648915 0.113135 0.197239
1 0.295781 0.674556 0.060403 0.145957
1 0.396453 0.748521 0.140940 0.187377
1 0.267977 0.855030 0.100671 0.183432
1 0.694631 0.827416 0.098754 0.124260
