1 0.179853 0.205772 0.192272 0.200753
1 0.439282 0.129862 0.311868 0.046424
1 0.599356 0.223338 0.103956 0.228356
1 0.713891 0.223338 0.117755 0.228356
1 0.340846 0.249059 0.122355 0.176913
1 0.474241 0.220201 0.140754 0.119197
1 0.573137 0.189460 0.051518 0.057716
1 0.573137 0.241531 0.051518 0.036386
1 0.137075 0.294856 0.158234 0.087829
1 0.638454 0.276035 0.025759 0.025094
1 0.246090 0.333752 0.059798 0.120452
1 0.474241 0.310540 0.140754 0.053952
1 0.195952 0.368256 0.033119 0.051443
1 0.298068 0.368256 0.036799 0.051443
1 0.067617 0.647428 0.022999 0.165621
1 0.302668 0.771016 0.489420 0.357591
1 0.858786 0.708908 0.160994 0.233375
1 0.716651 0.693852 0.112236 0.193225
1 0.739190 0.634253 0.067157 0.074028
1 0.373965 0.712673 0.056118 0.127980
1 0.433303 0.712673 0.057038 0.127980
1 0.506440 0.712673 0.081877 0.127980
1 0.603036 0.737139 0.103956 0.176913
1 0.476081 0.742158 0.021159 0.069009
1 0.691812 0.781054 0.062557 0.089084
1 0.749310 0.809912 0.046918 0.031368
1 0.188592 0.855082 0.045998 0.051443
1 0.603956 0.890841 0.105796 0.117942
1 0.716651 0.890841 0.112236 0.117942
1 0.613155 0.850063 0.019319 0.028858
