1 0.174825 0.160929 0.179487 0.132530
1 0.352564 0.294320 0.148019 0.385542
1 0.585664 0.272806 0.318182 0.342513
1 0.830420 0.212565 0.159674 0.222031
1 0.170163 0.431153 0.188811 0.380379
1 0.830420 0.432014 0.159674 0.199656
1 0.725524 0.593804 0.106061 0.299484
1 0.458625 0.508606 0.057110 0.111876
1 0.579837 0.537866 0.173660 0.170396
1 0.351399 0.619621 0.145688 0.247849
1 0.830420 0.641997 0.159674 0.203098
1 0.469114 0.658348 0.078089 0.170396
1 0.551282 0.658348 0.074592 0.170396
1 0.630536 0.686747 0.072261 0.113597
1 0.671329 0.814114 0.170163 0.096386
