1 0.309000 0.110197 0.344000 0.117325
1 0.735500 0.113487 0.349000 0.108553
1 0.618000 0.244518 0.106000 0.111842
1 0.791500 0.286732 0.225000 0.196272
1 0.309000 0.290570 0.338000 0.201754
1 0.619000 0.408443 0.108000 0.202851
1 0.384000 0.527961 0.188000 0.277412
1 0.211000 0.486842 0.142000 0.190789
1 0.791500 0.451206 0.225000 0.117325
1 0.734500 0.639254 0.339000 0.243421
1 0.229000 0.672697 0.178000 0.180921
1 0.439000 0.694079 0.078000 0.138158
1 0.359000 0.718750 0.068000 0.088816
1 0.382000 0.838268 0.210000 0.108553
1 0.434500 0.932018 0.099000 0.078947
