1 0.473744 0.102878 0.183144 0.169014
1 0.095138 0.338947 0.141653 0.252909
1 0.202755 0.339559 0.065154 0.254133
1 0.311183 0.339559 0.141977 0.254133
1 0.435494 0.341702 0.099514 0.258420
1 0.524797 0.270055 0.067423 0.115126
1 0.641653 0.344152 0.152674 0.263319
1 0.524797 0.408145 0.067423 0.134109
1 0.468233 0.408757 0.034036 0.132884
1 0.800324 0.445499 0.062237 0.203919
1 0.902107 0.556338 0.130956 0.425597
1 0.160292 0.635028 0.271961 0.319657
1 0.373420 0.557869 0.154295 0.165340
1 0.524959 0.624311 0.148784 0.276179
1 0.661102 0.625230 0.113776 0.278016
1 0.800324 0.663503 0.062237 0.211268
1 0.341005 0.705450 0.080389 0.109002
1 0.415883 0.706062 0.059643 0.110227
1 0.370340 0.872627 0.133225 0.176363
