1 0.278232 0.240237 0.153028 0.074616
1 0.254092 0.263250 0.029460 0.023013
1 0.174714 0.290795 0.050736 0.076709
1 0.218699 0.334728 0.033961 0.164575
1 0.412234 0.357392 0.051964 0.208508
1 0.471768 0.357392 0.064648 0.208508
1 0.288257 0.373431 0.098609 0.183403
1 0.490385 0.335425 0.027414 0.040446
1 0.540098 0.362622 0.067921 0.094840
1 0.173895 0.394351 0.049100 0.130404
1 0.134002 0.351464 0.022504 0.037657
1 0.152209 0.344142 0.005728 0.023013
1 0.372340 0.352510 0.019640 0.036960
1 0.248977 0.354951 0.020049 0.025105
1 0.247954 0.417713 0.040098 0.094840
1 0.489157 0.396095 0.029869 0.027894
1 0.213993 0.439679 0.024550 0.039749
1 0.247750 0.485356 0.028232 0.037657
1 0.661416 0.597629 0.064239 0.020921
1 0.535188 0.676430 0.327332 0.165969
1 0.272504 0.638773 0.071195 0.052999
1 0.085720 0.644351 0.085516 0.061367
1 0.134615 0.682357 0.053191 0.137378
1 0.229337 0.649233 0.020867 0.032078
1 0.190057 0.696304 0.053601 0.109484
1 0.525164 0.686541 0.048691 0.077406
1 0.061170 0.686541 0.036416 0.049512
1 0.635025 0.672943 0.010638 0.005579
1 0.234656 0.728033 0.031506 0.112971
1 0.283142 0.758020 0.128478 0.172943
1 0.614975 0.731172 0.127660 0.119247
1 0.088175 0.714086 0.056874 0.073919
1 0.054419 0.727336 0.022913 0.047420
1 0.495090 0.741283 0.040098 0.023710
1 0.533142 0.741283 0.032733 0.023710
1 0.594926 0.745816 0.017185 0.014644
1 0.500409 0.772664 0.004910 0.036262
1 0.523732 0.801953 0.051555 0.092050
1 0.570581 0.816946 0.035597 0.052301
1 0.617840 0.818340 0.052373 0.049512
1 0.663052 0.818340 0.031506 0.049512
