1 0.825967 0.116190 0.204420 0.125714
1 0.351750 0.150476 0.066298 0.060952
1 0.792818 0.453333 0.255985 0.533333
1 0.250460 0.321905 0.386740 0.266667
1 0.630755 0.331429 0.193370 0.274286
1 0.250460 0.591429 0.386740 0.272381
1 0.594843 0.519048 0.121547 0.081905
1 0.658379 0.716190 0.248619 0.297143
1 0.802947 0.647619 0.106814 0.160000
1 0.110497 0.780952 0.106814 0.186667
1 0.232965 0.726667 0.119705 0.078095
1 0.372928 0.800952 0.141805 0.146667
1 0.854512 0.796190 0.117864 0.121905
1 0.232965 0.823810 0.119705 0.100952
