1 0.370771 0.250530 0.356203 0.401483
1 0.634868 0.144597 0.130639 0.041314
1 0.900376 0.146716 0.129699 0.045551
1 0.768327 0.170021 0.121241 0.083686
1 0.198308 0.288665 0.317669 0.314619
1 0.304981 0.197034 0.104323 0.131356
1 0.398496 0.168432 0.063910 0.069915
1 0.637218 0.228814 0.133459 0.108051
1 0.897556 0.213983 0.129699 0.072034
1 0.396617 0.248941 0.067669 0.072034
1 0.768327 0.329979 0.121241 0.225636
1 0.897556 0.325212 0.129699 0.139831
1 0.637218 0.340042 0.133459 0.105932
1 0.394267 0.368644 0.079887 0.154661
1 0.324718 0.408369 0.049812 0.075212
1 0.632989 0.423729 0.132519 0.046610
1 0.900846 0.424258 0.128759 0.043432
1 0.237312 0.495763 0.119361 0.082627
1 0.765038 0.497881 0.125940 0.084746
1 0.766917 0.709746 0.097744 0.288136
1 0.390508 0.773305 0.147556 0.228814
1 0.523026 0.813030 0.098684 0.308263
1 0.644267 0.813030 0.125000 0.308263
1 0.390977 0.932733 0.146617 0.068856
