1 0.825219 0.253530 0.147566 0.162174
1 0.144542 0.241763 0.168128 0.115533
1 0.311461 0.301669 0.151194 0.235344
1 0.464167 0.301241 0.142123 0.234489
1 0.641820 0.301241 0.185969 0.234489
1 0.100998 0.358579 0.081040 0.129226
1 0.188691 0.366496 0.079831 0.113393
1 0.825219 0.532520 0.147566 0.377835
1 0.311461 0.514335 0.151194 0.189987
1 0.464167 0.570603 0.142123 0.279418
1 0.585274 0.537441 0.072876 0.213094
1 0.678258 0.475182 0.113093 0.088575
1 0.161324 0.571887 0.201693 0.276851
1 0.678258 0.620026 0.113093 0.180573
1 0.297853 0.664099 0.060478 0.092426
1 0.360448 0.664099 0.053220 0.092426
1 0.581947 0.681643 0.066223 0.057338
1 0.327336 0.795250 0.123072 0.123663
