1 0.705833 0.372222 0.371667 0.397778
1 0.085000 0.266667 0.093333 0.155556
1 0.831667 0.221111 0.043333 0.055556
1 0.908333 0.272222 0.100000 0.157778
1 0.234167 0.265556 0.198333 0.140000
1 0.412500 0.265556 0.151667 0.140000
1 0.563333 0.273333 0.086667 0.151111
1 0.831667 0.304444 0.043333 0.093333
1 0.385000 0.332222 0.036667 0.046667
1 0.448333 0.382222 0.080000 0.146667
1 0.097500 0.457778 0.108333 0.231111
1 0.289167 0.457778 0.265000 0.231111
1 0.927500 0.391111 0.061667 0.062222
1 0.377500 0.430000 0.051667 0.051111
1 0.818333 0.500000 0.086667 0.142222
1 0.912500 0.500000 0.091667 0.142222
1 0.458333 0.517778 0.060000 0.111111
1 0.563333 0.524444 0.086667 0.093333
1 0.739167 0.525556 0.058333 0.091111
1 0.739167 0.638889 0.228333 0.117778
