1 0.471226 0.125458 0.170755 0.170330
1 0.118868 0.354396 0.130189 0.243590
1 0.219811 0.354396 0.060377 0.243590
1 0.320755 0.354396 0.130189 0.243590
1 0.436321 0.354396 0.091509 0.243590
1 0.518868 0.284799 0.064151 0.104396
1 0.627830 0.354396 0.144340 0.243590
1 0.803302 0.438645 0.055660 0.195971
1 0.891981 0.544872 0.114151 0.408425
1 0.518868 0.412088 0.064151 0.128205
1 0.466038 0.413919 0.032075 0.124542
1 0.180189 0.638278 0.252830 0.302198
1 0.376887 0.564103 0.140566 0.153846
1 0.518396 0.620879 0.142453 0.267399
1 0.647642 0.620879 0.104717 0.267399
1 0.803302 0.648352 0.055660 0.201465
1 0.350000 0.702381 0.075472 0.104396
1 0.420283 0.702381 0.055660 0.104396
1 0.378774 0.861722 0.121698 0.170330
