1 0.662606 0.176730 0.100636 0.215022
1 0.730138 0.333579 0.087394 0.528719
1 0.836335 0.333579 0.118644 0.528719
1 0.147246 0.149485 0.046610 0.157585
1 0.199153 0.149485 0.049788 0.157585
1 0.255561 0.335052 0.054555 0.528719
1 0.346928 0.216495 0.119703 0.291605
1 0.343220 0.402062 0.279661 0.633284
1 0.148835 0.332106 0.049788 0.184094
1 0.198888 0.332106 0.050318 0.184094
1 0.647775 0.359352 0.070975 0.129602
1 0.771451 0.446981 0.089513 0.301915
1 0.287341 0.486745 0.000530 0.225331
1 0.347193 0.486745 0.119174 0.225331
1 0.936176 0.491900 0.064089 0.235641
1 0.735699 0.432990 0.018008 0.094256
1 0.647775 0.515464 0.070975 0.164948
1 0.152013 0.517673 0.056144 0.163476
1 0.203919 0.517673 0.040254 0.163476
1 0.718750 0.679676 0.051907 0.113402
