1 0.711058 0.273601 0.112500 0.281469
1 0.837981 0.274476 0.129808 0.283217
1 0.480769 0.277098 0.250000 0.284965
1 0.090865 0.214161 0.074038 0.152098
1 0.165385 0.209790 0.063462 0.143357
1 0.253846 0.209790 0.098077 0.143357
1 0.273558 0.481643 0.058654 0.368881
1 0.073558 0.344406 0.037500 0.087413
1 0.143269 0.491259 0.186538 0.381119
1 0.069231 0.449301 0.038462 0.097902
1 0.424519 0.627622 0.137500 0.416084
1 0.670192 0.480769 0.040385 0.111888
1 0.727404 0.631119 0.154808 0.412587
1 0.857692 0.544580 0.090385 0.239510
1 0.551923 0.547203 0.107692 0.241259
1 0.769231 0.588287 0.061538 0.152098
1 0.465865 0.604895 0.045192 0.125874
1 0.090385 0.756993 0.080769 0.157343
1 0.740865 0.803322 0.002885 0.068182
