1 0.231369 0.151738 0.365685 0.140374
1 0.231369 0.359626 0.362218 0.237968
1 0.687175 0.365642 0.369151 0.239305
1 0.808492 0.445856 0.126516 0.078877
1 0.301560 0.643048 0.221837 0.328877
1 0.120451 0.546123 0.140381 0.118984
1 0.617851 0.550802 0.230503 0.114973
1 0.808492 0.575535 0.126516 0.164439
1 0.128250 0.679813 0.155979 0.132353
1 0.617851 0.714572 0.230503 0.193850
1 0.808492 0.688503 0.126516 0.061497
1 0.808492 0.769385 0.126516 0.084225
1 0.128250 0.779412 0.155979 0.056150
1 0.152513 0.867647 0.152513 0.088235
1 0.605719 0.835561 0.095321 0.016043
