1 0.902996 0.111867 0.058488 0.092707
1 0.125892 0.276885 0.160485 0.197775
1 0.292439 0.330655 0.151213 0.305315
1 0.446148 0.280593 0.146220 0.205192
1 0.569187 0.280593 0.089872 0.205192
1 0.707204 0.353523 0.184736 0.351051
1 0.880528 0.258344 0.151926 0.160692
1 0.017118 0.266996 0.034237 0.098888
1 0.836662 0.438195 0.064194 0.181706
1 0.915121 0.438195 0.082739 0.181706
1 0.125892 0.600124 0.160485 0.431397
1 0.480385 0.534611 0.268902 0.285538
1 0.292439 0.653894 0.151213 0.323857
1 0.636591 0.701483 0.325963 0.325093
1 0.880528 0.677379 0.151926 0.276885
1 0.420827 0.751545 0.095578 0.128554
1 0.133738 0.900494 0.133381 0.129790
1 0.402639 0.885043 0.086305 0.098888
