1 0.563725 0.255020 0.625490 0.207497
1 0.332353 0.457831 0.174510 0.174029
1 0.650000 0.459839 0.460784 0.178046
1 0.802941 0.633869 0.154902 0.287818
1 0.576471 0.625837 0.298039 0.153949
1 0.332353 0.586345 0.174510 0.072289
1 0.589216 0.637216 0.088235 0.021419
1 0.300980 0.665328 0.111765 0.074967
1 0.450980 0.702811 0.176471 0.149933
1 0.589216 0.678046 0.088235 0.049531
1 0.300980 0.742972 0.111765 0.069612
1 0.589216 0.742972 0.088235 0.069612
1 0.679412 0.742972 0.076471 0.069612
1 0.880392 0.889558 0.098039 0.087015
