1 0.578661 0.300612 0.087866 0.275033
1 0.152859 0.305641 0.088145 0.267599
1 0.643654 0.452995 0.213389 0.560560
1 0.263180 0.226060 0.099024 0.096196
1 0.820502 0.392873 0.140307 0.221688
1 0.269456 0.415610 0.114923 0.261915
1 0.397490 0.415610 0.131102 0.261915
1 0.766946 0.595977 0.135844 0.274596
1 0.181172 0.537167 0.141423 0.150853
1 0.864993 0.578050 0.051325 0.133800
1 0.333612 0.706821 0.146722 0.307390
1 0.416457 0.599694 0.093166 0.093135
1 0.181172 0.702449 0.141423 0.163096
1 0.602929 0.841277 0.131939 0.201137
1 0.703487 0.800612 0.060251 0.119808
1 0.786611 0.837560 0.096513 0.193704
1 0.360112 0.838216 0.093724 0.191517
1 0.181172 0.866200 0.141423 0.151290
1 0.285216 0.904897 0.049930 0.073896
