1 0.744158 0.164218 0.433793 0.105981
1 0.075794 0.353620 0.071300 0.247639
1 0.177951 0.373557 0.118634 0.287513
1 0.282504 0.274921 0.076093 0.090241
1 0.404434 0.504722 0.153385 0.549843
1 0.617436 0.357293 0.180348 0.254984
1 0.758538 0.357293 0.101857 0.254984
1 0.888856 0.505247 0.144398 0.550892
1 0.273217 0.469570 0.094667 0.273872
1 0.075794 0.556663 0.071300 0.131165
1 0.591971 0.639035 0.129419 0.283316
1 0.758838 0.561385 0.189934 0.128017
1 0.168664 0.654774 0.100060 0.249738
1 0.732175 0.686254 0.136609 0.188877
1 0.733673 0.643757 0.043739 0.103882
1 0.830737 0.686254 0.046135 0.188877
1 0.273217 0.693075 0.094667 0.173137
1 0.248951 0.651102 0.046135 0.087093
1 0.075794 0.707240 0.071300 0.144806
1 0.715698 0.858867 0.113241 0.129066
