1 0.220199 0.151479 0.314570 0.120710
1 0.638245 0.166272 0.220199 0.091124
1 0.274834 0.327811 0.407285 0.205917
1 0.597682 0.278107 0.125828 0.104142
1 0.807947 0.310651 0.274834 0.169231
1 0.620861 0.418343 0.172185 0.159763
1 0.830298 0.449704 0.230132 0.097041
1 0.168046 0.552663 0.193709 0.243787
1 0.371689 0.513018 0.213576 0.164497
1 0.740066 0.589349 0.410596 0.170414
1 0.317881 0.638462 0.082781 0.072189
1 0.423013 0.638462 0.110927 0.072189
1 0.310430 0.715385 0.091060 0.055621
1 0.423013 0.860947 0.130795 0.169231
