1 0.303676 0.104042 0.242647 0.178144
1 0.783824 0.125749 0.191176 0.149701
1 0.227941 0.345060 0.388235 0.255988
1 0.586765 0.355539 0.200000 0.270958
1 0.785294 0.343563 0.182353 0.247006
1 0.310294 0.610778 0.223529 0.275449
1 0.744853 0.543413 0.263235 0.137725
1 0.125000 0.642216 0.182353 0.326347
1 0.546324 0.590569 0.119118 0.184132
1 0.371324 0.605539 0.101471 0.133234
1 0.744853 0.713323 0.263235 0.187126
1 0.371324 0.742515 0.101471 0.125749
1 0.550000 0.750000 0.111765 0.113772
1 0.268382 0.780689 0.089706 0.049401
1 0.261765 0.875000 0.126471 0.094311
