1 0.219370 0.108496 0.091015 0.120551
1 0.325554 0.103330 0.100350 0.110218
1 0.467328 0.108496 0.162194 0.120551
1 0.682030 0.342135 0.369895 0.342135
1 0.246791 0.237658 0.145858 0.110218
1 0.438740 0.238232 0.219370 0.111366
1 0.330222 0.497130 0.312719 0.406429
1 0.555426 0.672216 0.375729 0.311137
1 0.525671 0.557405 0.054842 0.051665
1 0.651692 0.606774 0.183197 0.150402
1 0.826138 0.578071 0.151692 0.092997
1 0.826138 0.681401 0.151692 0.099885
1 0.211202 0.703789 0.074679 0.055109
1 0.270712 0.831228 0.193699 0.250287
1 0.813886 0.846728 0.176196 0.216992
1 0.638856 0.870838 0.159860 0.168772
1 0.407235 0.873708 0.079347 0.080367
1 0.502334 0.873708 0.099183 0.080367
