1 0.280688 0.187692 0.340891 0.126154
1 0.774824 0.196154 0.114152 0.112308
1 0.178655 0.440000 0.313526 0.338462
1 0.592651 0.281538 0.045348 0.021538
1 0.614543 0.394615 0.089132 0.247692
1 0.686083 0.281538 0.049257 0.021538
1 0.775606 0.394615 0.225176 0.247692
1 0.863174 0.281538 0.050039 0.021538
1 0.935496 0.394615 0.086787 0.247692
1 0.956216 0.282308 0.045348 0.023077
1 0.370993 0.334615 0.058640 0.124615
1 0.436278 0.396923 0.092260 0.243077
1 0.689601 0.353077 0.053167 0.090769
1 0.860438 0.353077 0.055512 0.090769
1 0.522283 0.520769 0.054730 0.226154
1 0.362392 0.463077 0.046130 0.107692
1 0.160672 0.645385 0.168100 0.256923
1 0.290070 0.584615 0.090696 0.135385
1 0.412432 0.583077 0.146208 0.113846
1 0.631744 0.649231 0.123534 0.246154
1 0.729476 0.573077 0.071931 0.093846
1 0.810790 0.573077 0.082877 0.093846
1 0.917905 0.649231 0.121970 0.246154
1 0.774824 0.682308 0.154808 0.109231
1 0.392494 0.706923 0.106333 0.133846
1 0.467553 0.706923 0.035966 0.133846
1 0.290070 0.717692 0.090696 0.112308
1 0.774433 0.760769 0.227522 0.023077
1 0.956216 0.760769 0.045348 0.023077
1 0.592260 0.761538 0.044566 0.021538
1 0.289679 0.846154 0.113370 0.107692
