1 0.385542 0.147985 0.053356 0.069270
1 0.614458 0.149874 0.051635 0.065491
1 0.295611 0.224811 0.078313 0.046599
1 0.374785 0.322418 0.067986 0.241814
1 0.488812 0.322418 0.149742 0.241814
1 0.641566 0.380982 0.202238 0.358942
1 0.295611 0.297859 0.078313 0.086902
1 0.295611 0.396725 0.078313 0.093199
1 0.295611 0.485516 0.078313 0.069270
1 0.468158 0.527708 0.254733 0.153652
1 0.295611 0.564861 0.078313 0.074307
1 0.666954 0.690176 0.151463 0.244332
1 0.540017 0.659950 0.102410 0.110831
1 0.317986 0.712217 0.123064 0.200252
1 0.447074 0.712217 0.124785 0.200252
1 0.552926 0.767632 0.076592 0.089421
1 0.540878 0.884131 0.086919 0.100756
