1 0.279559 0.321642 0.188993 0.198460
1 0.475204 0.376176 0.305110 0.307528
1 0.717266 0.324636 0.167523 0.204448
1 0.369670 0.535500 0.094043 0.222412
1 0.216964 0.469846 0.063804 0.085971
1 0.285757 0.470274 0.063502 0.085115
1 0.760810 0.515612 0.073783 0.158683
1 0.675990 0.497861 0.081947 0.114628
1 0.522226 0.619333 0.211067 0.278871
1 0.251285 0.619760 0.132446 0.198460
1 0.853493 0.618050 0.071061 0.153978
1 0.716964 0.641574 0.168128 0.152267
1 0.369368 0.686484 0.093438 0.065013
1 0.739190 0.824636 0.299667 0.251497
1 0.306774 0.789778 0.265195 0.094525
