1 0.176446 0.200180 0.281818 0.299820
1 0.549587 0.234291 0.049587 0.174147
1 0.367355 0.257630 0.083471 0.213645
1 0.437603 0.228007 0.057025 0.154399
1 0.494215 0.228007 0.051240 0.154399
1 0.389256 0.448833 0.153719 0.265709
1 0.474380 0.555655 0.203306 0.450628
1 0.097934 0.509874 0.134711 0.269300
1 0.236777 0.509874 0.142975 0.269300
1 0.692975 0.485637 0.156198 0.220826
1 0.832231 0.621185 0.153719 0.491921
1 0.896281 0.495512 0.101653 0.240575
1 0.312810 0.674147 0.103306 0.163375
1 0.692562 0.736984 0.155372 0.260323
1 0.928099 0.745961 0.038017 0.242370
1 0.213223 0.756732 0.085950 0.224417
1 0.107025 0.762118 0.157851 0.213645
1 0.875620 0.777379 0.060331 0.179533
1 0.295041 0.817774 0.067769 0.102334
1 0.347521 0.817774 0.028926 0.102334
