1 0.496803 0.091103 0.369565 0.095374
1 0.461637 0.272598 0.478261 0.227758
1 0.828645 0.272598 0.232737 0.227758
1 0.391944 0.444484 0.433504 0.191459
1 0.782609 0.472598 0.324808 0.159431
1 0.859335 0.511388 0.156010 0.079004
1 0.241049 0.551957 0.175192 0.081851
1 0.393862 0.566904 0.148338 0.081851
1 0.574169 0.624199 0.186701 0.185053
1 0.782609 0.666192 0.324808 0.214947
1 0.281969 0.680071 0.372123 0.187189
1 0.574169 0.748754 0.186701 0.049822
1 0.886829 0.861922 0.116368 0.145196
1 0.636189 0.845196 0.346547 0.106050
