1 0.524164 0.119289 0.040892 0.050761
1 0.729554 0.194162 0.347584 0.093909
1 0.521375 0.196701 0.053903 0.088832
1 0.575279 0.364213 0.146840 0.205584
1 0.768587 0.364213 0.239777 0.205584
1 0.092007 0.368020 0.083643 0.203046
1 0.180297 0.315990 0.081784 0.098985
1 0.271375 0.338832 0.081784 0.144670
1 0.373606 0.368020 0.115242 0.203046
1 0.180297 0.421320 0.081784 0.096447
1 0.298327 0.536802 0.187732 0.241117
1 0.770446 0.611675 0.236059 0.289340
1 0.411710 0.527919 0.039033 0.101523
1 0.575279 0.569797 0.146840 0.185279
1 0.355019 0.497462 0.074349 0.035533
1 0.123606 0.677665 0.146840 0.390863
1 0.215613 0.510152 0.022305 0.055838
1 0.404275 0.621827 0.053903 0.071066
1 0.803903 0.671320 0.169145 0.170051
1 0.538104 0.667513 0.072491 0.055838
1 0.255576 0.769036 0.102230 0.208122
1 0.372677 0.711929 0.117100 0.093909
1 0.575279 0.772843 0.146840 0.205584
1 0.707249 0.819797 0.109665 0.111675
1 0.382900 0.829949 0.122677 0.106599
1 0.837361 0.832487 0.120818 0.111675
