1 0.263430 0.373034 0.353306 0.310112
1 0.623967 0.378652 0.169421 0.307865
1 0.803719 0.344944 0.173554 0.240449
1 0.352273 0.578652 0.175620 0.217978
1 0.803719 0.534831 0.173554 0.121348
1 0.172521 0.649438 0.171488 0.229213
1 0.623967 0.596629 0.169421 0.114607
1 0.803719 0.687640 0.173554 0.170787
1 0.591942 0.711236 0.092975 0.105618
1 0.677686 0.715730 0.061983 0.114607
1 0.208678 0.725843 0.099174 0.076404
1 0.303719 0.730337 0.074380 0.067416
1 0.393595 0.730337 0.092975 0.067416
1 0.299587 0.855056 0.086777 0.141573
1 0.396694 0.853933 0.090909 0.125843
1 0.800620 0.867416 0.183884 0.134831
