1 0.246970 0.083923 0.087879 0.083481
1 0.813788 0.261062 0.277273 0.251917
1 0.252576 0.263127 0.408182 0.246018
1 0.608636 0.198968 0.110606 0.115929
1 0.616061 0.374189 0.138788 0.212684
1 0.164091 0.574484 0.231212 0.376696
1 0.313030 0.533923 0.287273 0.295575
1 0.821515 0.473304 0.261818 0.161357
1 0.227121 0.456932 0.105152 0.125664
1 0.868939 0.474484 0.030000 0.032743
1 0.661970 0.623894 0.230606 0.276696
1 0.867424 0.645723 0.170000 0.233038
1 0.325758 0.725074 0.081212 0.075516
1 0.414091 0.725074 0.085152 0.075516
1 0.318485 0.874484 0.087879 0.197345
1 0.432727 0.870501 0.126667 0.189381
