1 0.178959 0.148618 0.149675 0.195853
1 0.639913 0.149770 0.160521 0.193548
1 0.388286 0.165899 0.251627 0.161290
1 0.304772 0.384793 0.388286 0.239631
1 0.688720 0.384793 0.240781 0.239631
1 0.864425 0.384793 0.154013 0.239631
1 0.245119 0.576037 0.082430 0.142857
1 0.654013 0.556452 0.171367 0.089862
1 0.844902 0.631336 0.193059 0.239631
1 0.154013 0.580645 0.086768 0.133641
1 0.392625 0.632488 0.212581 0.237327
1 0.610629 0.679724 0.084599 0.142857
1 0.700651 0.679724 0.078091 0.142857
1 0.195228 0.703917 0.169197 0.094470
1 0.196312 0.828341 0.184382 0.122120
