1 0.273973 0.140927 0.331050 0.119691
1 0.609589 0.140927 0.331050 0.119691
1 0.168950 0.333977 0.116438 0.223938
1 0.335046 0.550193 0.206621 0.656371
1 0.549087 0.550193 0.205479 0.656371
1 0.714041 0.333012 0.115297 0.222008
1 0.146119 0.472008 0.070776 0.110039
1 0.736872 0.472973 0.069635 0.111969
1 0.691210 0.528958 0.069635 0.154440
1 0.192922 0.528958 0.068493 0.150579
1 0.132420 0.569498 0.043379 0.069498
1 0.751142 0.570463 0.041096 0.071429
1 0.087329 0.638031 0.021689 0.117761
1 0.793950 0.638996 0.021689 0.115830
1 0.168950 0.662162 0.116438 0.100386
1 0.714041 0.663127 0.115297 0.098456
1 0.334475 0.674710 0.063927 0.075290
1 0.404680 0.674710 0.067352 0.075290
1 0.480023 0.674710 0.067352 0.075290
1 0.549658 0.674710 0.062785 0.075290
1 0.168950 0.799228 0.116438 0.158301
1 0.370434 0.799228 0.135845 0.158301
1 0.513699 0.799228 0.134703 0.158301
1 0.714041 0.799228 0.115297 0.158301
1 0.400114 0.936293 0.076484 0.077220
1 0.484018 0.936293 0.075342 0.077220
