1 0.234272 0.090278 0.114238 0.097222
1 0.888245 0.101080 0.114238 0.072531
1 0.606788 0.101852 0.187086 0.067901
1 0.583609 0.200617 0.223510 0.172840
1 0.848510 0.200617 0.183775 0.172840
1 0.116722 0.147377 0.104305 0.060185
1 0.230132 0.267747 0.112583 0.239198
1 0.096854 0.209877 0.064570 0.055556
1 0.151490 0.209877 0.034768 0.055556
1 0.518212 0.279321 0.092715 0.126543
1 0.096854 0.270062 0.064570 0.055556
1 0.151490 0.270062 0.034768 0.055556
1 0.802980 0.310185 0.092715 0.086420
1 0.892384 0.310185 0.096026 0.086420
1 0.629967 0.348765 0.130795 0.126543
1 0.116722 0.340278 0.104305 0.072531
1 0.538907 0.406636 0.134106 0.121914
1 0.675497 0.381944 0.039735 0.060185
1 0.255795 0.412809 0.061258 0.115741
1 0.848510 0.412809 0.183775 0.109568
1 0.142384 0.425926 0.155629 0.089506
1 0.629967 0.442901 0.041391 0.049383
1 0.675497 0.442901 0.039735 0.049383
1 0.601821 0.512346 0.097682 0.074074
1 0.677980 0.512346 0.044702 0.074074
1 0.292219 0.511574 0.187086 0.066358
1 0.331954 0.569444 0.124172 0.033951
1 0.240066 0.685185 0.102649 0.049383
1 0.348510 0.685185 0.104305 0.049383
1 0.294702 0.817130 0.211921 0.205247
