1 0.484868 0.158400 0.283733 0.118400
1 0.251576 0.330400 0.162673 0.180800
1 0.484868 0.419200 0.291299 0.358400
1 0.712484 0.353600 0.153846 0.227200
1 0.820933 0.299200 0.052963 0.118400
1 0.908575 0.430400 0.089533 0.342400
1 0.820933 0.416000 0.052963 0.102400
1 0.251576 0.476800 0.162673 0.176000
1 0.741488 0.549600 0.211854 0.152000
1 0.539723 0.646400 0.181589 0.217600
1 0.251576 0.663200 0.162673 0.184000
1 0.391551 0.676800 0.104666 0.156800
1 0.694199 0.691200 0.117276 0.118400
1 0.802018 0.692800 0.080706 0.115200
1 0.305170 0.717600 0.055485 0.075200
1 0.379571 0.823200 0.166456 0.091200
