1 0.347007 0.070111 0.095474 0.081181
1 0.163650 0.070374 0.095474 0.080654
1 0.437810 0.090406 0.081460 0.040590
1 0.072701 0.090669 0.081168 0.040063
1 0.202920 0.090669 0.107445 0.040063
1 0.310511 0.090669 0.102482 0.040063
1 0.076204 0.181339 0.088175 0.132841
1 0.102336 0.141803 0.035912 0.053769
1 0.132993 0.128624 0.021314 0.027412
1 0.157080 0.128624 0.021606 0.027412
1 0.187883 0.141539 0.035328 0.053242
1 0.212117 0.181339 0.083796 0.132841
1 0.298686 0.181339 0.084088 0.132841
1 0.322774 0.141539 0.035912 0.053242
1 0.353577 0.128888 0.021606 0.027939
1 0.377518 0.128888 0.021606 0.027939
1 0.408321 0.141539 0.035328 0.053242
1 0.434599 0.181339 0.087883 0.132841
1 0.565839 0.183184 0.089927 0.132314
1 0.583358 0.163152 0.032117 0.092251
1 0.617080 0.163152 0.031241 0.092251
1 0.650949 0.163152 0.030657 0.092251
1 0.684380 0.163152 0.032117 0.092251
1 0.700000 0.183184 0.086131 0.132314
1 0.788613 0.183184 0.085839 0.132314
1 0.804234 0.163416 0.032409 0.092778
1 0.837810 0.163416 0.030657 0.092778
1 0.871387 0.163416 0.031241 0.092778
1 0.905255 0.163416 0.032409 0.092778
1 0.922774 0.183184 0.089635 0.132314
1 0.132993 0.174222 0.021314 0.055351
1 0.157080 0.174222 0.021606 0.055351
1 0.353577 0.174222 0.021606 0.055351
1 0.377518 0.174222 0.021606 0.055351
1 0.132993 0.226937 0.021314 0.041645
1 0.157080 0.226937 0.021606 0.041645
1 0.353577 0.226937 0.021606 0.041645
1 0.377518 0.226937 0.021606 0.041645
1 0.622920 0.231418 0.019562 0.035846
1 0.645255 0.231418 0.019270 0.035846
1 0.843504 0.231418 0.019270 0.035846
1 0.865693 0.231418 0.019854 0.035846
1 0.076058 0.318661 0.087883 0.132314
1 0.132993 0.273326 0.021314 0.041645
1 0.157080 0.273326 0.021606 0.041645
1 0.212117 0.318661 0.083796 0.132314
1 0.298686 0.318661 0.084088 0.132314
1 0.353577 0.273326 0.021606 0.041645
1 0.377518 0.273326 0.021606 0.041645
1 0.434599 0.318661 0.087883 0.132314
1 0.565839 0.320242 0.089927 0.132314
1 0.622920 0.272272 0.019562 0.036373
1 0.645255 0.272272 0.019270 0.036373
1 0.700000 0.320242 0.086131 0.132314
1 0.788613 0.320242 0.085839 0.132314
1 0.843504 0.272272 0.019270 0.036373
1 0.865693 0.272272 0.019854 0.036373
1 0.922774 0.320242 0.089635 0.132314
1 0.583358 0.340538 0.032117 0.091724
1 0.617080 0.340538 0.031241 0.091724
1 0.650949 0.340538 0.030657 0.091724
1 0.684380 0.340538 0.032117 0.091724
1 0.804234 0.340538 0.032409 0.091724
1 0.837810 0.340538 0.030657 0.091724
1 0.871387 0.340538 0.031241 0.091724
1 0.905255 0.340538 0.032409 0.091724
1 0.132993 0.326305 0.021314 0.055878
1 0.157080 0.326305 0.021606 0.055878
1 0.353577 0.326305 0.021606 0.055878
1 0.377518 0.326305 0.021606 0.055878
1 0.102190 0.358461 0.035620 0.052715
1 0.187883 0.358461 0.035328 0.052715
1 0.322774 0.358461 0.035912 0.052715
1 0.408321 0.358461 0.035328 0.052715
1 0.132993 0.371376 0.021314 0.026885
1 0.157080 0.371376 0.021606 0.026885
1 0.353577 0.371376 0.021606 0.026885
1 0.377518 0.371376 0.021606 0.026885
1 0.072701 0.409858 0.081168 0.040590
1 0.163650 0.429889 0.095474 0.080654
1 0.202774 0.409858 0.107153 0.040590
1 0.310511 0.409858 0.102482 0.040590
1 0.347153 0.429889 0.095182 0.080654
1 0.437956 0.409858 0.081168 0.040590
1 0.325547 0.665788 0.110365 0.122298
1 0.536496 0.736162 0.354745 0.263047
1 0.296496 0.765419 0.052263 0.067475
1 0.332555 0.745915 0.014599 0.028466
1 0.349489 0.756985 0.014015 0.050606
1 0.332555 0.773590 0.014599 0.017396
1 0.415474 0.826832 0.036788 0.081708
1 0.332555 0.795467 0.014599 0.016869
1 0.349489 0.813126 0.014015 0.052188
1 0.296496 0.835793 0.052263 0.063785
1 0.332555 0.823933 0.014599 0.030575
1 0.388321 0.830258 0.013431 0.022140
1 0.340876 0.855825 0.031241 0.023722
1 0.388321 0.856089 0.013431 0.023195
