1 0.174063 0.184583 0.173125 0.132500
1 0.354375 0.245000 0.175000 0.253333
1 0.552188 0.312500 0.206875 0.388333
1 0.735000 0.227500 0.146250 0.218333
1 0.890625 0.227500 0.150000 0.218333
1 0.054375 0.180000 0.051250 0.091667
1 0.174063 0.447500 0.173125 0.376667
1 0.765000 0.448750 0.218750 0.204167
1 0.923438 0.399583 0.084375 0.105833
1 0.300625 0.442917 0.067500 0.122500
1 0.391875 0.442917 0.100000 0.122500
1 0.868125 0.562917 0.195000 0.202500
1 0.552188 0.591667 0.206875 0.170000
1 0.301563 0.572500 0.069375 0.116667
1 0.392813 0.572500 0.098125 0.116667
1 0.712500 0.612083 0.101250 0.104167
1 0.354375 0.719167 0.175000 0.158333
1 0.173437 0.726667 0.173125 0.163333
1 0.735313 0.741250 0.145625 0.134167
1 0.551875 0.737500 0.206250 0.121667
