1 0.338951 0.108091 0.320225 0.122630
1 0.797753 0.109987 0.189139 0.111252
1 0.652154 0.414665 0.158240 0.460177
1 0.815075 0.323641 0.154494 0.278129
1 0.338951 0.417193 0.320225 0.457649
1 0.431648 0.469027 0.134831 0.174463
1 0.617978 0.441214 0.089888 0.096081
1 0.815075 0.521492 0.154494 0.099874
1 0.434925 0.647282 0.128277 0.161820
1 0.815075 0.713021 0.154494 0.265487
1 0.271067 0.747155 0.184457 0.202276
1 0.652154 0.749052 0.158240 0.193426
1 0.225655 0.703540 0.093633 0.094817
1 0.130618 0.798357 0.072097 0.261694
1 0.434925 0.793300 0.128277 0.109987
1 0.070693 0.800253 0.023408 0.098609
1 0.789794 0.920354 0.218165 0.111252
1 0.272940 0.921618 0.188202 0.106195
1 0.440543 0.924779 0.132022 0.112516
