1 0.485370 0.046422 0.110155 0.092843
1 0.147160 0.416828 0.118761 0.636364
1 0.324441 0.261122 0.197935 0.294004
1 0.493115 0.193424 0.139415 0.158607
1 0.543890 0.160542 0.037866 0.092843
1 0.639415 0.167311 0.132530 0.106383
1 0.813253 0.193424 0.201377 0.158607
1 0.660069 0.270793 0.194492 0.085106
1 0.486231 0.340426 0.125645 0.135397
1 0.810671 0.344294 0.206540 0.127660
1 0.606713 0.345261 0.098107 0.125725
1 0.666093 0.363636 0.061962 0.077369
1 0.324441 0.568665 0.197935 0.294004
1 0.486231 0.487427 0.125645 0.131528
1 0.607573 0.484526 0.099828 0.125725
1 0.810671 0.483559 0.206540 0.123791
1 0.666093 0.464217 0.061962 0.077369
1 0.659208 0.558027 0.192771 0.083172
1 0.493115 0.634429 0.139415 0.162476
1 0.813253 0.634429 0.201377 0.162476
1 0.637694 0.662476 0.132530 0.106383
1 0.544750 0.668279 0.036145 0.094778
1 0.615318 0.819149 0.383821 0.168279
