1 0.268688 0.138623 0.246827 0.208413
1 0.527504 0.144359 0.251058 0.196941
1 0.710155 0.144359 0.097320 0.196941
1 0.806065 0.144359 0.077574 0.196941
1 0.282087 0.350860 0.087447 0.196941
1 0.812412 0.373805 0.084626 0.239006
1 0.429478 0.412046 0.184767 0.307839
1 0.598731 0.337476 0.139633 0.158700
1 0.716502 0.301147 0.084626 0.086042
1 0.716502 0.413002 0.084626 0.122371
1 0.555007 0.432122 0.052186 0.084130
1 0.628350 0.480880 0.080395 0.108987
1 0.540197 0.628107 0.081805 0.292543
1 0.716502 0.508604 0.084626 0.053537
1 0.673484 0.628107 0.170663 0.170172
1 0.418195 0.717973 0.162200 0.304015
1 0.673484 0.795411 0.170663 0.149140
1 0.543018 0.826960 0.076164 0.086042
1 0.542313 0.929254 0.097320 0.087954
