1 0.194129 0.171136 0.191288 0.115142
1 0.334280 0.171136 0.070076 0.115142
1 0.413826 0.171136 0.070076 0.115142
1 0.500000 0.141956 0.087121 0.056782
1 0.636364 0.171136 0.227273 0.115142
1 0.827652 0.171136 0.155303 0.115142
1 0.485795 0.204259 0.058712 0.048896
1 0.168561 0.320189 0.140152 0.167192
1 0.464015 0.298107 0.428030 0.123028
1 0.778409 0.320189 0.253788 0.167192
1 0.311553 0.344637 0.123106 0.118297
1 0.463068 0.344637 0.160985 0.118297
1 0.597538 0.385647 0.089015 0.036278
1 0.368371 0.471609 0.547348 0.104101
1 0.771780 0.578076 0.240530 0.317035
1 0.597538 0.603312 0.089015 0.159306
1 0.597538 0.713722 0.089015 0.045741
1 0.224432 0.831230 0.274621 0.170347
1 0.511364 0.826498 0.261364 0.151420
1 0.723485 0.786278 0.143939 0.070978
1 0.856061 0.786278 0.102273 0.070978
1 0.709280 0.865931 0.115530 0.072555
1 0.841856 0.865931 0.130682 0.072555
