1 0.204171 0.059414 0.127333 0.063272
1 0.653677 0.092593 0.042810 0.024691
1 0.118551 0.172068 0.153677 0.149691
1 0.233260 0.171296 0.075741 0.148148
1 0.315587 0.177469 0.088913 0.160494
1 0.418222 0.195216 0.107574 0.195988
1 0.669045 0.196759 0.113063 0.171296
1 0.556531 0.162037 0.103183 0.024691
1 0.778814 0.213735 0.097695 0.128086
1 0.882547 0.162809 0.103183 0.026235
1 0.556531 0.251543 0.103183 0.141975
1 0.882547 0.253858 0.103183 0.143519
1 0.170692 0.351080 0.062569 0.208333
1 0.088364 0.271605 0.093304 0.040123
1 0.232711 0.271605 0.068057 0.040123
1 0.288145 0.297840 0.034029 0.067901
1 0.350714 0.278549 0.082327 0.029321
1 0.652580 0.368827 0.080132 0.172840
1 0.762349 0.331790 0.130626 0.098765
1 0.088364 0.375772 0.093304 0.158951
1 0.234358 0.354167 0.064764 0.112654
1 0.355653 0.376543 0.092206 0.157407
1 0.438529 0.376543 0.066959 0.157407
1 0.556531 0.375772 0.103183 0.094136
1 0.882547 0.378086 0.103183 0.095679
1 0.216795 0.396605 0.029638 0.117284
1 0.270582 0.396605 0.069155 0.117284
1 0.711855 0.368056 0.029638 0.038580
1 0.779363 0.403549 0.096597 0.044753
1 0.711855 0.408951 0.029638 0.033951
1 0.564764 0.442130 0.119649 0.026235
1 0.711855 0.443673 0.029638 0.023148
1 0.832602 0.443673 0.203074 0.023148
1 0.307355 0.687500 0.094402 0.186728
1 0.418222 0.775463 0.111965 0.362654
1 0.490121 0.682870 0.082327 0.177469
1 0.561471 0.635802 0.051592 0.083333
1 0.612514 0.637346 0.039517 0.086420
1 0.661910 0.637346 0.050494 0.086420
1 0.611416 0.770062 0.151482 0.166667
1 0.653677 0.722222 0.066959 0.070988
1 0.653677 0.782407 0.066959 0.040123
1 0.490121 0.815586 0.082327 0.075617
1 0.307355 0.871142 0.094402 0.171296
1 0.550494 0.907407 0.143798 0.098765
1 0.656970 0.907407 0.060373 0.098765
