1 0.139168 0.271465 0.209469 0.376263
1 0.428264 0.271465 0.345768 0.376263
1 0.685079 0.267677 0.147776 0.368687
1 0.863702 0.223485 0.180775 0.280303
1 0.863702 0.628788 0.180775 0.530303
1 0.548780 0.635101 0.104735 0.351010
1 0.083931 0.587121 0.098996 0.229798
1 0.193687 0.558081 0.100430 0.171717
1 0.278336 0.477273 0.005739 0.010101
1 0.370875 0.683081 0.230990 0.421717
1 0.652080 0.531566 0.081779 0.118687
1 0.730273 0.531566 0.057389 0.118687
1 0.263989 0.502525 0.017217 0.030303
1 0.685079 0.750000 0.147776 0.287879
1 0.139168 0.777778 0.209469 0.232323
1 0.548780 0.861111 0.104735 0.065657
1 0.546628 0.959596 0.160689 0.080808
