1 0.307860 0.194958 0.251092 0.258824
1 0.724345 0.252101 0.145197 0.147899
1 0.181769 0.449580 0.215066 0.220168
1 0.432860 0.442017 0.097162 0.205042
1 0.587882 0.354622 0.125546 0.020168
1 0.723799 0.568067 0.124454 0.447059
1 0.864083 0.354622 0.136463 0.020168
1 0.336245 0.400840 0.085153 0.109244
1 0.591157 0.514286 0.132096 0.275630
1 0.860808 0.469748 0.143013 0.186555
1 0.335153 0.511765 0.082969 0.095798
1 0.131004 0.665546 0.113537 0.245378
1 0.304039 0.670588 0.232533 0.235294
1 0.453057 0.590756 0.056769 0.075630
1 0.860262 0.663866 0.144105 0.191597
1 0.408843 0.711765 0.145197 0.152941
1 0.591157 0.709244 0.132096 0.100840
1 0.688865 0.709244 0.054585 0.100840
1 0.752729 0.706723 0.003275 0.072269
1 0.618450 0.781513 0.186681 0.020168
1 0.862445 0.781513 0.139738 0.020168
1 0.249454 0.849580 0.103712 0.102521
1 0.233079 0.936134 0.044760 0.030252
